4LAC_variability_analysis/resulting_catalogs/.ipynb_checkpoints/selected_sources_monthly-checkpoint.ecsv
# %ECSV 1.0
# ---
# datatype:
# - {name: Source_Name, datatype: string}
# - {name: SpectrumType, datatype: string}
# - {name: CLASS, datatype: string}
# - {name: SED_class, datatype: string}
# - {name: Variability_Index, datatype: float32}
# - {name: Frac_Variability, datatype: float32}
# - {name: Unc_Frac_Variability, datatype: float32}
# - {name: Spectrum_Flux_Estimated, datatype: float64}
# - {name: Bright_Ratio_x, datatype: float64}
# - {name: Norm_Excess_Var(3_days), datatype: float64}
# - {name: Unc_Norm_Excess_Var(3_days), datatype: float64}
# - {name: Frac_Variability(3_days), datatype: float64}
# - {name: Unc_Frac_Variability(3_days), datatype: float64}
# - {name: Bright_Ratio_y, datatype: float64}
# - {name: Norm_Excess_Var(weekly), datatype: float64}
# - {name: Unc_Norm_Excess_Var(weekly), datatype: float64}
# - {name: Frac_Variability(weekly), datatype: float64}
# - {name: Unc_Frac_Variability(weekly), datatype: float64}
# - {name: Bright_Ratio, datatype: float64}
# - {name: Norm_Excess_Var(monthly), datatype: float64}
# - {name: Unc_Norm_Excess_Var(monthly), datatype: float64}
# - {name: Frac_Variability(monthly), datatype: float64}
# - {name: Unc_Frac_Variability(monthly), datatype: float64}
# schema: astropy-2.0
Source_Name SpectrumType CLASS SED_class Variability_Index Frac_Variability Unc_Frac_Variability Spectrum_Flux_Estimated Bright_Ratio_x Norm_Excess_Var(3_days) Unc_Norm_Excess_Var(3_days) Frac_Variability(3_days) Unc_Frac_Variability(3_days) Bright_Ratio_y Norm_Excess_Var(weekly) Unc_Norm_Excess_Var(weekly) Frac_Variability(weekly) Unc_Frac_Variability(weekly) Bright_Ratio Norm_Excess_Var(monthly) Unc_Norm_Excess_Var(monthly) Frac_Variability(monthly) Unc_Frac_Variability(monthly)
[from data line 64]
J0319.8+4130 LogParabola RDG LSP 5460.94 0.46942222 0.10024723 3.5799229261615066e-07 0.05355129650507328 0.30886997084718737 0.010830095983229733 0.5557607136593836 0.009743488264867997 0.017834394904458598 0.32490547767859296 0.011175338328951767 0.5700048049609696 0.009802845723131216 0.0 0.3088337757794611 0.006699636316760933 0.5557281491695927 0.006027800037457154
J0324.8+3412 LogParabola nlsy1 HSP 182.96573 0.62084824 0.14013523 4.4485616402443567e-08 "" "" "" "" "" "" "" "" "" "" 0.9583333333333334 0.885820870287451 0.1865464505358557 0.9411805726253868 0.09910236991796992
J0325.5-5635 PowerLaw bll HSP 89.99472 0.5819843 0.1396989 5.248790492818328e-09 "" "" "" "" "" "" "" "" "" "" 0.7090909090909091 0.47584979249571613 0.11670891611449373 0.6898186663868383 0.08459390982111044
J0325.7+2225 LogParabola fsrq LSP 202.44246 0.43305004 0.09786465 4.635143233344935e-08 "" "" "" "" "" "" "" "" "" "" 0.323943661971831 0.5594543323219093 0.08244825308674096 0.7479667989435823 0.05511491499568545
J0334.2-3725 LogParabola bll LSP 108.49668 0.2562658 0.06030105 2.285465421852711e-08 "" "" "" "" "" 0.6027944111776448 -0.04976311382400017 0.060851219992567936 0.0 0.1 0.044444444444444446 0.23909805258981978 0.025572916434429088 0.4889765358274564 0.026149431067437685
J0334.2-4008 LogParabola bll LSP 506.63467 0.44303918 0.09638465 4.1019741480548386e-08 0.8466864490603363 0.002735214117251105 0.05464594809994894 0.05229927453847811 0.5224350488814554 0.3169129720853859 0.4406564065751701 0.04129990242817615 0.6638195587470815 0.031107777621171003 0.0053475935828877 0.3774812286742008 0.019183857290046333 0.6143950102940297 0.01561198981813472
J0339.5-0146 LogParabola fsrq LSP 2051.4175 0.632819 0.13565823 1.0196592360024096e-07 0.9360824742268041 1.3944022786049044 0.05353623277873299 1.180848118347531 0.02266855150417276 0.5343511450381679 1.266700033360591 0.042524227645514306 1.1254776911874314 0.01889163507125995 0.22077922077922077 0.9606809023538162 0.034551606239809574 0.9801433070494417 0.017625793081126793
J0349.8-2103 LogParabola fsrq LSP 428.02533 0.7677083 0.16766655 2.7378486433287778e-08 "" "" "" "" "" "" "" "" "" "" 0.9583333333333334 1.8463330648358383 0.20547840363632558 1.358798390062278 0.0756103352561773
J0359.6+5057 LogParabola fsrq LSP 948.9951 0.9482173 0.20440851 8.282825205156409e-08 "" "" "" "" "" "" "" "" "" "" 0.5798319327731093 1.0181087450669621 0.08001572713943622 1.0090137487006616 0.03965046424911205
J0401.9-2034 LogParabola bcu LSP 330.3299 0.91815525 0.2015545 1.2419718885658342e-08 "" "" "" "" "" "" "" "" "" "" 1.0 1.4129732076674455 0.1568125831500621 1.1886854956915414 0.06596050162908451
J0403.9-3605 LogParabola FSRQ LSP 6801.102 0.87428653 0.18665947 1.5288112309826996e-07 0.49320543565147884 3.0713161145132624 0.03409944086308766 1.7525170796637797 0.009728704290182905 0.26986754966887416 2.7778485882237316 0.02949945090304951 1.6666879096650733 0.008849722474130604 0.08045977011494253 2.0017865616229047 0.021105036345220738 1.4148450662962728 0.007458426667334217
J0405.6-1308 PowerLaw fsrq LSP 86.409615 0.4299109 0.1044925 2.195648990334722e-08 "" "" "" "" "" "" "" "" "" "" 1.2926829268292683 1.2214659385591256 0.27533282507819923 1.1051995017005416 0.12456249964578875
J0407.0-3826 LogParabola fsrq LSP 769.2686 0.6166988 0.13317838 4.4297414647488015e-08 "" "" "" "" "" 0.6963906581740976 0.8887921008452285 0.06062782469190272 0.9427577105732037 0.032154510120654727 0.22077922077922077 0.7674367860668402 0.03840037279664351 0.8760346945565799 0.021917152959381663
J0418.1-0252 LogParabola bcu LSP 332.4717 1.05937 0.23240386 7.64660821310236e-09 "" "" "" "" "" "" "" "" "" "" 2.418181818181818 2.5373760297297445 0.45706748041011624 1.5929143196448905 0.1434689470655304
J0422.1-0644 LogParabola fsrq LSP 495.07022 0.8438564 0.1836558 3.0748367200779915e-08 "" "" "" "" "" "" "" "" "" "" 1.379746835443038 0.8329592532470185 0.2540565049245772 0.9126660140747098 0.13918372164988957
J0423.3-0120 LogParabola FSRQ LSP 1299.826 0.83659196 0.17974605 5.7070592957926287e-08 "" "" "" "" "" 0.8985849056603774 0.5535213076644157 0.07643528967919576 0.7439901260530382 0.05136848393720938 0.2876712328767123 0.8600772062369411 0.04260898428654752 0.9274034754285435 0.022972193557317836
J0428.6-3756 LogParabola bll LSP 4816.0664 0.5001252 0.10689018 2.0950885298663818e-07 0.09518213866039953 0.6840821627781546 0.013066390696451194 0.8270925962539832 0.007898989034378185 0.026627218934911243 0.598814065511385 0.01173132617426583 0.7738307731742031 0.007580033374832522 0.0 0.5701287614191818 0.009648029745006377 0.7550687130448339 0.006388842219471954
J0433.6-6030 LogParabola fsrq LSP 220.73587 0.5264832 0.11803596 2.087099908902861e-08 "" "" "" "" "" "" "" "" "" "" 0.6637168141592921 0.77067352207273 0.12612194285706388 0.8778801296718874 0.07183323701847692
J0433.6+2905 LogParabola bll LSP 202.4129 0.53675073 0.12065252 2.414562255167107e-08 "" "" "" "" "" "" "" "" "" "" 0.6347826086956522 2.7893889210992344 0.17073885536340638 1.6701463771475944 0.051114937498774056
J0442.6-0017 LogParabola fsrq LSP 1111.8416 0.6382951 0.13734981 7.811315112897033e-08 "" "" "" "" "" 0.8130630630630631 2.455535827218773 0.09939329728470876 1.5670149416067394 0.03171421492088512 0.15337423312883436 1.68150630104358 0.05137596140350316 1.2967290777350449 0.01980982854693129
J0449.1+1121 LogParabola fsrq LSP 247.02347 0.4483518 0.09973059 6.001395313225032e-08 "" "" "" "" "" 0.8985849056603774 -0.24486257500317152 0.09793086822215115 0.0 0.1 0.11242603550295859 0.5628585681653387 0.03684425601489463 0.7502390073605469 0.024555012238378696
J0449.4-4350 LogParabola bll HSP 562.9994 0.2949144 0.06405708 6.54730206002547e-08 0.1891373801916933 0.2798363739951282 0.01954472676705812 0.528995627576569 0.018473429408666645 0.049738219895287955 0.30785388189392093 0.015506485286987597 0.5548458181278119 0.013973688527842155 0.0 0.2788866758444392 0.011905079868850556 0.528097221962433 0.011271674394168128
J0453.1-2806 LogParabola fsrq LSP 334.34198 0.41732803 0.09191582 5.3309843826620934e-08 "" "" "" "" "" 0.8674418604651163 0.06350192288919165 0.07385313275539306 0.25199587871469575 0.14653639006336283 0.189873417721519 0.5034043942308916 0.0368476490425129 0.7095099676755018 0.025966970670780885
J0457.0-2324 LogParabola FSRQ LSP 4184.4746 0.44542956 0.0952493 2.5555644073843464e-07 0.08203350664355864 0.5170556734630187 0.008950209270060641 0.7190658338865912 0.006223497799696768 0.02038216560509554 0.4694384131874107 0.007895117396776893 0.6851557583406934 0.005761549327044442 0.0 0.38366896391785404 0.00631258114986876 0.6194101742124148 0.005095638893803494
J0501.2-0158 LogParabola fsrq LSP 1832.3942 0.59450626 0.1275161 1.0471448223996745e-07 0.8385518590998043 1.0242769952431836 0.05762389841034818 1.0120657069791386 0.028468457143136842 0.4143646408839779 1.1077659753809896 0.046842747001943554 1.0525046201233463 0.022252988778545178 0.10588235294117647 0.9552025642049824 0.027996001603851666 0.9773446496528143 0.014322481641351791
J0505.3+0459 LogParabola fsrq LSP 3154.649 1.2163143 0.25989863 1.0363981448662065e-07 "" "" "" "" "" "" "" "" "" "" 0.36231884057971014 3.608471249299682 0.0812866236226256 1.8995976545836442 0.021395747522240993
J0509.4+0542 LogParabola bll ISP 1232.4537 0.60248905 0.12942827 7.877273367219259e-08 0.702262443438914 0.28351337814892225 0.050530119453997345 0.5324597432190741 0.047449708731508125 0.24036979969183359 0.49816391325517273 0.03867436726917119 0.7058072777006289 0.02739725736121914 0.010752688172043012 0.43917609412379693 0.030203882039233937 0.6627036246496596 0.02278837848155826
J0510.0+1800 LogParabola fsrq LSP 1997.0156 1.5439441 0.33032906 4.185789445560867e-08 "" "" "" "" "" "" "" "" "" "" 1.35 13.391443678184418 0.6305909098551545 3.6594321524226157 0.08615966679935452
J0515.6-4556 LogParabola fsrq LSP 1264.4159 1.3293246 0.28511232 3.340060553684819e-08 "" "" "" "" "" "" "" "" "" "" 0.6068376068376068 2.9480744700045944 0.1091486076190256 1.716995768778885 0.03178476313213378
J0516.7-6207 LogParabola bll LSP 240.75616 0.42932096 0.09560028 2.548765923824359e-08 "" "" "" "" "" 0.8794326241134752 -0.28941314657731854 0.08543474196547211 0.0 0.1 0.11242603550295859 0.24960460501989293 0.04142803059140115 0.4996044485589504 0.04146083037380409
J0521.7+2112 LogParabola bll HSP 871.48944 0.44370332 0.09577365 7.749311237283956e-08 0.5587010824313072 0.09189370995293956 0.03639563713605569 0.30313975317160163 0.06003111890681789 0.18722139673105498 0.3850085339168408 0.02828487495305189 0.6204905590875986 0.02279234916534703 0.0053475935828877 0.3404978885595645 0.017511400058282063 0.5835219692175818 0.0150049192507373
J0522.9-3628 LogParabola AGN LSP 735.7705 0.34303927 0.07420899 1.1309133609792802e-07 0.6025751072961374 0.6822225184933902 0.04771893845692174 0.8259676255722074 0.028886688157942864 0.2225609756097561 0.717427079114538 0.03154282835265364 0.8470106723734583 0.01862008908592948 0.010752688172043012 0.43296638964433726 0.014856045417761326 0.6580018158366565 0.01128875715857387
J0526.2-4830 LogParabola fsrq LSP 1190.0673 0.7156373 0.15383986 4.9650503411838486e-08 "" "" "" "" "" 0.8465116279069768 1.3643118114201396 0.07470083257361969 1.1680375899003164 0.03197706701374006 0.16049382716049382 1.2614970086362294 0.04209886406904417 1.1231638387324574 0.018741194568975217
J0532.0-4827 LogParabola BLL ISP 3410.7285 1.6092551 0.34378818 3.7000654167924636e-08 "" "" "" "" "" "" "" "" "" "" 1.160919540229885 6.017391883598781 0.1641844140880466 2.4530372772542166 0.0334655358910454
J0532.6+0732 LogParabola FSRQ LSP 653.2348 0.48124903 0.10417598 9.759463560408605e-08 "" "" "" "" "" 0.594059405940594 0.7716594006535429 0.061851304879291705 0.8784414611421428 0.03520513751643343 0.06818181818181818 0.6450641363680041 0.030919162368283123 0.803158848776507 0.01924847271208172
J0533.3+4823 LogParabola fsrq LSP 279.10355 0.35495943 0.07900059 5.778667586880445e-08 "" "" "" "" "" "" "" "" "" "" 0.3055555555555556 0.44919046135462876 0.05420293012074988 0.6702167271522166 0.04043686760181349
J0536.4-3401 LogParabola fsrq LSP 672.74365 0.71144587 0.15398966 4.4011910787310807e-08 "" "" "" "" "" "" "" "" "" "" 0.7904761904761904 1.4238946912852504 0.16753062764977777 1.1932705859465615 0.07019808818839028
J0538.8-4405 LogParabola BLL LSP 10041.657 0.8018237 0.17111444 1.8729941147124866e-07 0.12575574365175332 0.7620218757990197 0.012185930960525532 0.8729386437768807 0.006979832458671747 0.04155844155844156 0.7285082751220505 0.010959058293861587 0.8535269621529542 0.006419866495030355 0.0 0.6749497537405004 0.009503457410011643 0.8215532567889318 0.005783835272685925
J0539.9-2839 LogParabola fsrq LSP 157.44185 0.40932474 0.09374663 3.742683118759704e-08 "" "" "" "" "" "" "" "" "" "" 0.38235294117647056 1.6576799417549068 0.09251379373630297 1.2875092006486426 0.03592743014562338
J0543.9-5531 LogParabola bll HSP 145.12607 0.42442927 0.0976074 7.549040446625666e-09 "" "" "" "" "" 0.9049881235154394 -0.1703827115318618 0.09034030591169591 0.0 0.1 0.15337423312883436 0.5629006561769784 0.05269226640185471 0.7502670565718439 0.03511567377262886
J0601.1-7035 LogParabola fsrq LSP 790.82715 0.80240816 0.1734323 3.286490219776401e-08 "" "" "" "" "" "" "" "" "" "" 0.6785714285714286 1.2394290105477037 0.10412297899038295 1.1132964612122431 0.04676336565240036
J0607.4+4739 LogParabola bll LSP 109.009094 0.25974014 0.061597195 2.479958092269111e-08 "" "" "" "" "" 0.9325301204819277 -0.6412392989999609 0.10784512154687391 0.0 0.1 0.08045977011494253 0.46299333863252645 0.06695206788354985 0.6804361385409555 0.049197907115217106
J0612.8+4122 LogParabola bll ISP 92.30578 0.20574366 0.049380105 2.8490826507324773e-08 "" "" "" "" "" 0.45471014492753625 -0.214439946868276 0.048869403204200294 0.0 0.1 0.03296703296703297 0.09531953242655379 0.018368949853428584 0.30873861505576816 0.02974838416326795
J0622.3-2605 LogParabola bll HSP 139.32582 0.437988 0.10127738 1.1670180640315371e-08 "" "" "" "" "" "" "" "" "" "" 0.20512820512820512 0.2766275204243744 0.054901912629626036 0.5259539147343372 0.05219270271745896
J0622.9+3326 LogParabola BCU LSP 2686.062 1.7751473 0.37940803 3.856352174441585e-08 "" "" "" "" "" "" "" "" "" "" 1.9841269841269842 9.960464669214387 0.2736423847140682 3.156020384790692 0.043352442530597946
J0623.7-3348 LogParabola bcu "" 495.83295 1.3299524 0.28783017 1.3474043793490234e-08 "" "" "" "" "" "" "" "" "" "" 1.9375 3.7931025530865985 0.5074765887591794 1.9475889076205477 0.13028329201648237
J0629.3-1959 LogParabola bll LSP 500.7918 0.95006627 0.2065161 2.092846166248162e-08 "" "" "" "" "" "" "" "" "" "" 1.2650602409638554 1.7622640075738618 0.23094760987377078 1.3275029218701788 0.08698572563155382
J0630.9-2406 LogParabola bll HSP 118.580635 0.25038278 0.058701135 1.8147667172953938e-08 0.869 -1.3189519425872018 0.0855677080234997 0.0 0.1 0.2721518987341772 -0.14649001453610414 0.03253117202943073 0.0 0.1 0.0 0.05387363394565281 0.011252552052248399 0.23210694506122131 0.02424001584545518
J0634.9-2335 PowerLaw fsrq LSP 24.19689 0.31398246 0.12124614 1.6118545447745313e-08 "" "" "" "" "" "" "" "" "" "" 2.2241379310344827 3.711512955512623 0.43787863406072997 1.926528732075549 0.11364445979193383
J0643.3+0857 LogParabola fsrq LSP 394.85873 0.8474881 0.18569523 5.386787479786189e-08 "" "" "" "" "" "" "" "" "" "" 0.48031496062992124 0.9123628214456836 0.10905698014507313 0.9551768534913749 0.05708732353932502
J0644.4-6712 LogParabola fsrq LSP 1464.9364 1.4289602 0.30630752 1.665149285822231e-08 "" "" "" "" "" "" "" "" "" "" 1.3209876543209877 3.0989245419262392 0.23868593173951794 1.760376250102869 0.0677940104354311
J0648.4-1743 LogParabola fsrq LSP 3357.5317 1.2548405 0.26821896 9.519046570382068e-08 "" "" "" "" "" "" "" "" "" "" 0.6491228070175439 2.707236099801692 0.05745083907769022 1.6453680742623191 0.017458354752460967
J0650.7+2503 LogParabola bll HSP 314.69104 0.43464538 0.09621271 1.6861708174772396e-08 "" "" "" "" "" 0.5383141762452107 -0.10107239246377125 0.060005892799480584 0.0 0.1 0.03314917127071823 0.2746563348528587 0.02708880445865067 0.5240766497878518 0.025844315397009505
J0654.4+4514 LogParabola FSRQ LSP 780.6762 1.335227 0.2874678 1.8496164817542187e-08 "" "" "" "" "" "" "" "" "" "" 1.7647058823529411 6.465711525602138 0.3703226179712557 2.5427763420328846 0.07281855896047708
J0700.5-6610 LogParabola bll ISP 424.4349 0.36702892 0.08045604 3.725207790964879e-08 "" "" "" "" "" 0.44646098003629764 0.06688641071485525 0.03973173191703667 0.2586240721875194 0.07681367705058127 0.010752688172043012 0.239293242654374 0.019290177864575576 0.48917608552991837 0.019717008287188417
J0701.5-4634 LogParabola fsrq LSP 397.77115 0.7874476 0.17175063 2.356718556679919e-08 "" "" "" "" "" "" "" "" "" "" 0.6785714285714286 1.0362580332431206 0.13622784004004232 1.0179675993090942 0.0669116778041372
J0702.7-1951 LogParabola bll LSP 165.17406 0.5501567 0.124994725 2.114898000916139e-08 "" "" "" "" "" "" "" "" "" "" 0.6491228070175439 0.6517568025015026 0.12837558440486416 0.8073145622999145 0.07950778444968336
J0706.8+7742 LogParabola bll ISP 218.61331 0.66560566 0.14879626 6.091839453518124e-09 "" "" "" "" "" "" "" "" "" "" 0.6936936936936937 0.8549848883035843 0.1604088500875684 0.9246539289396787 0.08673993862304397
J0709.7-0255 LogParabola fsrq LSP 270.02664 0.6769121 0.1501978 3.2448628188127495e-08 "" "" "" "" "" "" "" "" "" "" 1.5405405405405406 0.9893352808483364 0.26298348222118706 0.9946533470754203 0.13219856093303137
