4LAC_variability_analysis/resulting_catalogs/.ipynb_checkpoints/selected_sources_monthly-checkpoint.ecsv
# %ECSV 1.0
# ---
# datatype:
# - {name: Source_Name, datatype: string}
# - {name: SpectrumType, datatype: string}
# - {name: CLASS, datatype: string}
# - {name: SED_class, datatype: string}
# - {name: Variability_Index, datatype: float32}
# - {name: Frac_Variability, datatype: float32}
# - {name: Unc_Frac_Variability, datatype: float32}
# - {name: Spectrum_Flux_Estimated, datatype: float64}
# - {name: Bright_Ratio_x, datatype: float64}
# - {name: Norm_Excess_Var(3_days), datatype: float64}
# - {name: Unc_Norm_Excess_Var(3_days), datatype: float64}
# - {name: Frac_Variability(3_days), datatype: float64}
# - {name: Unc_Frac_Variability(3_days), datatype: float64}
# - {name: Bright_Ratio_y, datatype: float64}
# - {name: Norm_Excess_Var(weekly), datatype: float64}
# - {name: Unc_Norm_Excess_Var(weekly), datatype: float64}
# - {name: Frac_Variability(weekly), datatype: float64}
# - {name: Unc_Frac_Variability(weekly), datatype: float64}
# - {name: Bright_Ratio, datatype: float64}
# - {name: Norm_Excess_Var(monthly), datatype: float64}
# - {name: Unc_Norm_Excess_Var(monthly), datatype: float64}
# - {name: Frac_Variability(monthly), datatype: float64}
# - {name: Unc_Frac_Variability(monthly), datatype: float64}
# schema: astropy-2.0
Source_Name SpectrumType CLASS SED_class Variability_Index Frac_Variability Unc_Frac_Variability Spectrum_Flux_Estimated Bright_Ratio_x Norm_Excess_Var(3_days) Unc_Norm_Excess_Var(3_days) Frac_Variability(3_days) Unc_Frac_Variability(3_days) Bright_Ratio_y Norm_Excess_Var(weekly) Unc_Norm_Excess_Var(weekly) Frac_Variability(weekly) Unc_Frac_Variability(weekly) Bright_Ratio Norm_Excess_Var(monthly) Unc_Norm_Excess_Var(monthly) Frac_Variability(monthly) Unc_Frac_Variability(monthly)
[from data line 124]
J0719.3+3307 LogParabola fsrq LSP 1061.2396 0.7156194 0.1539528 4.199950464513983e-08 "" "" "" "" "" 0.9525065963060686 1.0846740538565207 0.1133063632857715 1.041476861892054 0.05439696618892113 0.22875816993464052 1.3551750751607425 0.053170161513989934 1.164119871474043 0.022837064642949656
J0721.9+7120 LogParabola BLL ISP 2863.5242 0.31229538 0.066829555 2.270481918296998e-07 0.05647461494580719 0.5608369289606916 0.008272078834170034 0.7488904652622382 0.005522889673373934 0.007575757575757576 0.48689127697494466 0.007327060764341955 0.6977759504131285 0.005250296144488686 0.0 0.34093712008876786 0.008570960618201702 0.583898210383255 0.007339430457044862
J0725.2+1425 LogParabola FSRQ LSP 2349.627 1.1580906 0.24773538 6.068982079323168e-08 "" "" "" "" "" "" "" "" "" "" 0.2550335570469799 3.1992804039086864 0.09250975901234393 1.7886532374690982 0.02586017151743818
J0726.4-4727 LogParabola fsrq LSP 107.271484 0.5768305 0.13590081 2.074430562206927e-08 "" "" "" "" "" "" "" "" "" "" 0.7090909090909091 0.36323038883069264 0.11860185023351372 0.6026859786246007 0.09839439977032226
J0730.3-1141 LogParabola fsrq LSP 2590.958 0.57913643 0.12394973 1.934832102255864e-07 0.4387442572741195 0.5910343205939556 0.028407688310263256 0.7687875653221478 0.01847564242168738 0.14184397163120568 0.6027566681173518 0.020309495684474193 0.776374051676994 0.013079710508488142 0.0 0.5362660386534883 0.013546221208172957 0.7323018767239972 0.009249069023810855
J0734.0+5021 LogParabola fsrq LSP 462.67313 1.2503871 0.27133727 1.175310502801262e-08 "" "" "" "" "" "" "" "" "" "" 1.8484848484848484 1.2556279071632819 0.3615531602014571 1.1205480387575009 0.16132871938375734
J0738.1+1742 LogParabola bll LSP 208.41606 0.31108257 0.069939725 4.5214137240234854e-08 0.7787274453941121 0.282927782927123 0.06480209674015802 0.531909562733293 0.06091458142542429 0.27056962025316456 0.5700452254774909 0.05753233390446717 0.7550133942371426 0.03810020745565529 0.010810810810810811 0.7295742146739309 0.028089945372940815 0.8541511661725523 0.01644319324576453
J0739.2+0137 LogParabola fsrq LSP 2811.4902 0.77290916 0.16533817 1.2795924312250288e-07 0.7724268177525968 1.6707024440920668 0.0596362855394409 1.2925565535372396 0.02306912040956308 0.31144465290806755 1.3732317945644605 0.04159699946897428 1.1718497320750902 0.017748435797871054 0.03296703296703297 0.9932117331546048 0.022344110736763553 0.9966000868726657 0.011210168969019182
J0742.6+5443 LogParabola fsrq LSP 2676.413 1.4839945 0.31726518 3.41711179881971e-08 "" "" "" "" "" "" "" "" "" "" 1.2926829268292683 4.790873328649742 0.2532626322434735 2.1888063707531877 0.05785405132851554
J0746.6-4754 LogParabola bll HSP 180.25992 0.6489832 0.14655955 1.0437652422718602e-08 "" "" "" "" "" "" "" "" "" "" 0.5798319327731093 1.2475738479505687 0.1143717089364223 1.1169484535781267 0.05119829324712091
J0750.8+1229 LogParabola fsrq "" 276.81546 0.8335049 0.18442592 2.054445230930084e-08 "" "" "" "" "" "" "" "" "" "" 1.1494252873563218 0.9007024124873283 0.17572288903747865 0.9490534297326617 0.09257797481801311
J0751.0-5131 LogParabola bcu "" 695.4201 1.6042237 0.34589392 1.8564554243557615e-08 "" "" "" "" "" "" "" "" "" "" 2.547169811320755 3.0721766553723437 0.3980448629422632 1.7527625781526555 0.11354785522685772
J0754.7+4823 LogParabola bll LSP 97.66634 0.33877474 0.08119764 1.299268904961169e-08 "" "" "" "" "" "" "" "" "" "" 0.23684210526315788 0.15395778865577103 0.04993993058250394 0.3923745514884611 0.0636380855907427
J0808.2-0751 LogParabola fsrq LSP 1746.6395 0.6894232 0.14783646 8.578182741383808e-08 0.8642220019821606 1.7341350549848527 0.055032692770732604 1.3168656176637208 0.020895333598415024 0.4636363636363636 1.7205688609571004 0.04224410144443211 1.3117045631380186 0.01610275005195173 0.1393939393939394 1.3187416385270831 0.027316338713179678 1.1483647671916286 0.011893580982975842
J0809.3+4053 PowerLaw fsrq LSP 36.881348 0.53372186 0.16498408 6.446176011504185e-09 "" "" "" "" "" "" "" "" "" "" 3.272727272727273 5.46353092395946 0.5723560960482628 2.3374197149762086 0.12243331661427533
J0809.8+5218 LogParabola BLL HSP 343.8443 0.4027235 0.088413216 2.5738999707780412e-08 "" "" "" "" "" 0.4176991150442478 0.16589944829551898 0.04579728465447233 0.4073075598310434 0.056219536746960515 0.03296703296703297 0.3313207785515044 0.02583319327464379 0.5756047068531531 0.022440046934183853
J0811.4+0146 LogParabola bll LSP 446.0305 0.49892974 0.109375626 3.416119874101954e-08 "" "" "" "" "" 0.6841004184100419 0.2857136558922193 0.0599474549664726 0.5345218946799273 0.05607577122951086 0.11242603550295859 0.37378800797209516 0.032624666383290334 0.6113820474728507 0.026681079791387785
J0814.6+6430 LogParabola bll LSP 144.61028 0.32658434 0.07552789 2.485717894677242e-08 "" "" "" "" "" "" "" "" "" "" 0.35251798561151076 0.40392040874433055 0.07696384709712346 0.6355473300583762 0.06054926474953029
J0818.2+4222 LogParabola bll LSP 281.1152 0.2555931 0.05658397 5.701130454987938e-08 0.45073700543056633 -0.18042741394818246 0.030020587983448383 0.0 0.1 0.11204481792717087 0.09324684651647287 0.015963854562885533 0.30536346624387284 0.026139103605367604 0.0053475935828877 0.10348103567549508 0.009780124933239237 0.3216846836196823 0.015201415285289073
J0825.9-2230 LogParabola bll LSP 396.23514 0.38992685 0.08547606 3.9813718457662547e-08 0.8098933074684772 -0.5994073495612536 0.0615560168182644 0.0 0.1 0.260596546310832 0.14086970809767152 0.0282515758334231 0.3753261356442841 0.03763603590371677 0.0 0.1971243876185356 0.014663973411791436 0.44398692280126406 0.016513969960276594
J0830.8+2410 LogParabola FSRQ LSP 1544.9812 1.7525561 0.37517235 2.966410496629018e-08 "" "" "" "" "" "" "" "" "" "" 1.101123595505618 4.69042395391624 0.24959951078554116 2.1657386624235713 0.0576245682630578
J0831.8+0429 LogParabola bll LSP 487.35156 0.4761032 0.10371934 5.0020758628409645e-08 "" "" "" "" "" 0.8548387096774194 -0.0066450529382173894 0.09057754456451908 0.0 0.1 0.2129032258064516 0.684576186599424 0.05169208025069088 0.8273911932087651 0.03123799278683407
J0839.8+0105 LogParabola fsrq LSP 288.64505 0.7743964 0.1709813 1.7377127698400332e-08 "" "" "" "" "" "" "" "" "" "" 1.065934065934066 3.4815016056921966 0.2138623123541973 1.8658782397820595 0.057308753538809994
J0841.3+7053 LogParabola FSRQ LSP 4173.7544 0.908524 0.19410239 1.1799028477708522e-07 "" "" "" "" "" 0.7235421166306696 3.9888797704648287 0.08534175064218087 1.9972180077459818 0.021365156510504274 0.175 2.4897216521511973 0.05734179717039592 1.5778851834500498 0.018170459350222788
J0850.0+4855 LogParabola bll LSP 204.88972 0.52309084 0.1187025 1.8711522356160525e-08 "" "" "" "" "" "" "" "" "" "" 0.49206349206349204 0.8684178963207702 0.10331990701799997 0.9318894227969164 0.05543571184009249
J0850.0+5108 LogParabola NLSY1 LSP 1239.3137 1.0513188 0.22591655 2.139514792725697e-08 "" "" "" "" "" "" "" "" "" "" 1.5753424657534247 4.616677793694586 0.2663349087849118 2.1486455719114277 0.061977394565819716
J0850.1-1212 LogParabola fsrq LSP 662.31165 0.80623055 0.1743096 3.398624682102617e-08 "" "" "" "" "" "" "" "" "" "" 0.8431372549019608 2.185543740199661 0.17893103640394226 1.4783584613346186 0.060516796529310156
J0852.5-5755 LogParabola bcu LSP 1484.091 1.053371 0.22589387 4.5388602088771874e-08 "" "" "" "" "" "" "" "" "" "" 0.8613861386138614 2.2895450253867313 0.14812306891753793 1.5131242597310808 0.048946102068267355
J0854.8+2006 LogParabola BLL LSP 920.42065 0.5145008 0.11083554 7.676023440454828e-08 0.9142857142857143 0.8551893512209717 0.07093383770617824 0.9247644841909597 0.038352379940410165 0.33278145695364236 1.11992451190947 0.049185472525594805 1.0582648590544192 0.023238734663051652 0.016216216216216217 0.76992033984537 0.024616114402405746 0.8774510469794711 0.014027058539131056
J0904.9-5734 LogParabola bcu LSP 8488.266 1.4891634 0.31774202 1.1742507235914424e-07 0.848605577689243 6.15006322275135 0.05840946987594657 2.479932100431653 0.0117764252226462 0.44404332129963897 5.160980831234272 0.04638130461422856 2.271779221498927 0.010208145266780377 0.07428571428571429 3.260429545068375 0.02783980755691082 1.8056659561138033 0.007709013802538623
J0909.1+0121 LogParabola fsrq LSP 1034.359 0.99253565 0.2134183 5.213475696950268e-08 "" "" "" "" "" "" "" "" "" "" 1.043956043956044 2.3411961051775756 0.1570843999767251 1.5300967633380498 0.05133152482266243
J0909.7-0230 LogParabola fsrq LSP 162.73167 0.3679204 0.08358409 3.2901401283311573e-08 "" "" "" "" "" "" "" "" "" "" 0.08176100628930817 0.49890041992392026 0.04512220554680468 0.7063288327145653 0.03194135893716166
J0920.9+4441 LogParabola fsrq LSP 2412.533 0.9901364 0.21209064 7.158314508807067e-08 "" "" "" "" "" 0.9950248756218906 2.6150511944278647 0.10193704626141357 1.6171119919250692 0.031518239543837645 0.26174496644295303 2.391565484553298 0.07901048404442383 1.5464687143790843 0.0255454518121781
J0921.6+6216 LogParabola fsrq LSP 3346.0066 0.94950396 0.20298739 5.6810123158707505e-08 "" "" "" "" "" 0.7716186252771619 2.4974970470192788 0.08687075771941373 1.5803471286458803 0.02748470767743568 0.11904761904761904 1.5612879064051877 0.041888624649067015 1.2495150684986507 0.01676195257869043
J0922.7-3959 LogParabola fsrq LSP 235.46883 1.0209723 0.22683483 2.03617946020205e-08 "" "" "" "" "" "" "" "" "" "" 1.8923076923076922 2.6257310130279032 0.3399891710884407 1.6204107544162694 0.10490832962007743
J0930.3+8612 LogParabola bll LSP 107.04973 0.4897823 0.11644879 9.424832880891224e-09 "" "" "" "" "" "" "" "" "" "" 0.5537190082644629 0.35452140935025 0.10181748020985842 0.5954170045860716 0.08550098454161634
J0932.6+5306 PowerLaw fsrq LSP 426.2805 1.157777 0.25252852 1.3528156254465414e-08 "" "" "" "" "" "" "" "" "" "" 2.6862745098039214 2.6822320183111703 0.46410684410005404 1.6377521235862191 0.1416901976239817
J0946.6+1016 LogParabola fsrq LSP 358.6305 0.50239205 0.11074028 3.9489532196709586e-08 "" "" "" "" "" "" "" "" "" "" 0.34285714285714286 0.6759968153160447 0.062449938704714596 0.8221902549386272 0.03797779062060046
J0948.9+0022 LogParabola NLSY1 LSP 533.0934 0.40192565 0.08739117 1.0242001075914486e-07 "" "" "" "" "" 0.9030732860520094 0.778846099598964 0.0804914727016182 0.8825225773876633 0.04560306714185111 0.3146853146853147 0.8994845616592924 0.04991450175275687 0.9484115992855066 0.026314788742757028
J0958.0+4728 LogParabola fsrq LSP 284.16177 0.8954397 0.19757047 1.5768878175432704e-08 "" "" "" "" "" "" "" "" "" "" 1.6111111111111112 1.9160227243718924 0.3913015743109243 1.3842047263219022 0.14134526738349165
J0958.7+6534 LogParabola BLL LSP 2438.0686 0.79806596 0.1707795 5.6231799885492454e-08 0.8156862745098039 2.6151654556581536 0.0569816771755943 1.6171473203323665 0.01761796110322313 0.43283582089552236 2.1038650155675627 0.04774579879677899 1.4504706186502236 0.016458726630812485 0.08670520231213873 1.376550975643257 0.030706814541020432 1.1732650918028955 0.01308605137728715
J1006.7-2159 LogParabola fsrq LSP 1901.0173 0.9757529 0.2090509 5.7699674043858277e-08 "" "" "" "" "" "" "" "" "" "" 0.40298507462686567 1.7866343721818856 0.09396080858750658 1.3366504300608613 0.035147861577850346
J1007.6-3332 LogParabola fsrq LSP 352.5419 0.75963116 0.16680315 2.045105738561548e-08 "" "" "" "" "" "" "" "" "" "" 1.2926829268292683 1.0287255112392948 0.2212307900822767 1.0142610666092309 0.10906008194806875
J1012.7+2439 LogParabola fsrq LSP 748.5022 0.7259138 0.15704939 3.2664993218575465e-08 "" "" "" "" "" "" "" "" "" "" 0.48031496062992124 1.0355683543411531 0.06352561418885629 1.0176287900512413 0.031212567298561558
J1015.0+4926 LogParabola bll HSP 338.85156 0.23550795 0.05183998 4.628062048840482e-08 0.2259552042160738 0.026504358023487076 0.017319985470852055 0.1628015909734517 0.05319353873414066 0.04025974025974026 0.12863286775420327 0.012294012497573472 0.3586542454150003 0.01713908681514145 0.0053475935828877 0.12331085154825179 0.009166549806777011 0.3511564488205389 0.013051945703354637
J1016.0+0512 PowerLaw fsrq LSP 542.7835 1.7308117 0.37353447 1.7880143893432606e-08 "" "" "" "" "" "" "" "" "" "" 3.372093023255814 4.381915940583546 0.5541582152411385 2.0933026395109584 0.13236457184485326
J1023.1+3949 LogParabola fsrq LSP 1901.3063 1.5702419 0.3361055 2.7767833765862796e-08 "" "" "" "" "" "" "" "" "" "" 1.021505376344086 6.3888473873856215 0.3414175699388499 2.52761693841959 0.06753744302574655
J1033.9+6050 LogParabola FSRQ LSP 953.4672 0.53521377 0.11538536 5.863634565676131e-08 "" "" "" "" "" 0.5151515151515151 1.4055736126866458 0.050919295810160616 1.1855688983296777 0.021474625338898354 0.19745222929936307 1.1429185393547308 0.03962597562836091 1.069073682846384 0.01853285524850713
J1037.7-2822 LogParabola fsrq LSP 396.48175 0.7626407 0.1664706 3.333853602555958e-08 "" "" "" "" "" "" "" "" "" "" 0.7904761904761904 1.2319708349334517 0.17469237418857925 1.1099418160126466 0.07869438364622745
J1037.7+5711 LogParabola bll ISP 179.93988 0.29643804 0.06738798 1.398654284751533e-08 0.7547348484848485 -0.6234811142299214 0.06237210072941255 0.0 0.1 0.2285276073619632 0.11603474799827061 0.0289174453978549 0.3406387353168612 0.04244591468870382 0.011627906976744186 0.17413038917349138 0.01644166846377191 0.41728933508237587 0.01970056155464195
J1040.5+0617 PowerLaw bll LSP 133.06842 0.87015265 0.20138212 2.2963523144005534e-08 "" "" "" "" "" "" "" "" "" "" 0.5742574257425742 0.4811600083081068 0.12001938074217598 0.6936569817338443 0.08651205415836738
J1048.4+7143 LogParabola FSRQ LSP 11508.978 1.0206561 0.21775928 1.6533792497737738e-07 0.4563335955940205 1.563255565469538 0.024442365732991803 1.2503021896603788 0.009774583270797563 0.2372093023255814 1.474418365669001 0.02179394236675991 1.2142563014738696 0.008974193644416885 0.056179775280898875 1.289843933724719 0.016665641317013643 1.1357129627351794 0.00733708334052874
J1049.8+1429 LogParabola bcu LSP 86.303635 0.52301913 0.1268904 1.4215138864048533e-08 "" "" "" "" "" "" "" "" "" "" 1.065934065934066 1.3128935176054806 0.18204010345409374 1.145815656030882 0.0794369070172608
J1056.8+7012 LogParabola fsrq LSP 335.3343 0.8947378 0.19682635 2.8446786487071286e-08 "" "" "" "" "" "" "" "" "" "" 1.021505376344086 1.588460015314877 0.20186905021340773 1.2603412297131587 0.08008507753862466
J1058.4+0133 LogParabola BLL LSP 540.1709 0.4124204 0.08960882 8.082155073701342e-08 0.9174311926605505 0.10508408882130212 0.052580490227178985 0.3241667608211892 0.08110098964801399 0.34 0.4947981387678193 0.04017682757898557 0.7034188928141035 0.02855825169711736 0.044444444444444446 0.5148491528122622 0.02310556443227094 0.7175298968072774 0.016100767741582273
J1058.6+2817 PowerLaw bll LSP 48.24615 0.48323 0.13104354 7.030222398009887e-09 "" "" "" "" "" "" "" "" "" "" 1.379746835443038 3.3201695217737566 0.40566959095892746 1.8221332338151777 0.11131721419446854
J1058.6-8003 LogParabola bll LSP 595.51917 0.87948084 0.19081177 1.6864980097561618e-08 "" "" "" "" "" "" "" "" "" "" 0.6637168141592921 1.040162261976503 0.12648845151254137 1.0198834550949942 0.06201122828331397
J1058.6+5627 LogParabola BLL ISP 185.7362 0.29591414 0.06651917 2.2194507749471543e-08 "" "" "" "" "" 0.37392795883361923 -0.10482439577547194 0.03935122634128534 0.0 0.1 0.0053475935828877 0.13999882174444836 0.017160974095147784 0.3741641641638712 0.022932412746550283
J1059.2-1134 LogParabola bll LSP 142.20921 0.26308033 0.06103207 3.598480379985059e-08 "" "" "" "" "" 0.5402298850574713 -0.15067813284629872 0.05406809065478183 0.0 0.1 0.05027932960893855 0.22075505033374784 0.023670974480840302 0.46984577292314533 0.025190153711047922
J1103.0+1157 LogParabola fsrq ISP 569.6048 0.9734062 0.21103767 2.2890640259489504e-08 "" "" "" "" "" "" "" "" "" "" 0.8431372549019608 1.2151193494555441 0.15655371459869882 1.1023245209354386 0.07101071945031509
