4LAC_variability_analysis/resulting_catalogs/.ipynb_checkpoints/selected_sources_monthly-checkpoint.ecsv
# %ECSV 1.0
# ---
# datatype:
# - {name: Source_Name, datatype: string}
# - {name: SpectrumType, datatype: string}
# - {name: CLASS, datatype: string}
# - {name: SED_class, datatype: string}
# - {name: Variability_Index, datatype: float32}
# - {name: Frac_Variability, datatype: float32}
# - {name: Unc_Frac_Variability, datatype: float32}
# - {name: Spectrum_Flux_Estimated, datatype: float64}
# - {name: Bright_Ratio_x, datatype: float64}
# - {name: Norm_Excess_Var(3_days), datatype: float64}
# - {name: Unc_Norm_Excess_Var(3_days), datatype: float64}
# - {name: Frac_Variability(3_days), datatype: float64}
# - {name: Unc_Frac_Variability(3_days), datatype: float64}
# - {name: Bright_Ratio_y, datatype: float64}
# - {name: Norm_Excess_Var(weekly), datatype: float64}
# - {name: Unc_Norm_Excess_Var(weekly), datatype: float64}
# - {name: Frac_Variability(weekly), datatype: float64}
# - {name: Unc_Frac_Variability(weekly), datatype: float64}
# - {name: Bright_Ratio, datatype: float64}
# - {name: Norm_Excess_Var(monthly), datatype: float64}
# - {name: Unc_Norm_Excess_Var(monthly), datatype: float64}
# - {name: Frac_Variability(monthly), datatype: float64}
# - {name: Unc_Frac_Variability(monthly), datatype: float64}
# schema: astropy-2.0
Source_Name SpectrumType CLASS SED_class Variability_Index Frac_Variability Unc_Frac_Variability Spectrum_Flux_Estimated Bright_Ratio_x Norm_Excess_Var(3_days) Unc_Norm_Excess_Var(3_days) Frac_Variability(3_days) Unc_Frac_Variability(3_days) Bright_Ratio_y Norm_Excess_Var(weekly) Unc_Norm_Excess_Var(weekly) Frac_Variability(weekly) Unc_Frac_Variability(weekly) Bright_Ratio Norm_Excess_Var(monthly) Unc_Norm_Excess_Var(monthly) Frac_Variability(monthly) Unc_Frac_Variability(monthly)
J0001.5+2113 LogParabola fsrq ISP 1910.9358 0.9961379 0.21347848 6.391698902983224e-08 "" "" "" "" "" "" "" "" "" "" 0.898989898989899 2.4310908471115487 0.166466336628642 1.559195576927907 0.05338212187486824
J0009.3+5030 LogParabola bll HSP 204.73532 0.40872404 0.092225395 1.6757091625038766e-08 "" "" "" "" "" "" "" "" "" "" 0.1393939393939394 0.20844068536611224 0.03623940809032052 0.45655304770213967 0.0396880584553271
J0010.6+2043 PowerLaw fsrq LSP 30.502176 0.82655686 0.2866108 3.0114394507446147e-09 "" "" "" "" "" "" "" "" "" "" 4.696969696969697 2.489287900946531 0.8187837969910424 1.57774773045203 0.2594786800157393
J0017.5-0514 LogParabola FSRQ LSP 277.9689 0.9674734 0.21379916 2.1430295929193944e-08 "" "" "" "" "" "" "" "" "" "" 1.5405405405405406 1.212597285750802 0.2690089027316265 1.1011799515750376 0.12214575026854518
J0019.6+7327 LogParabola fsrq LSP 428.9323 1.2626213 0.2755288 2.8318728063001814e-08 "" "" "" "" "" "" "" "" "" "" 1.5405405405405406 1.1829010703472596 0.2779941553804109 1.0876125552545168 0.12780017757121065
J0022.5+0608 LogParabola bll LSP 218.54457 0.45973346 0.10273961 2.687140355246071e-08 "" "" "" "" "" "" "" "" "" "" 0.1393939393939394 0.3174235661197127 0.04188935505937783 0.5634035552955915 0.03717526688077114
J0030.3-4224 LogParabola fsrq LSP 138.98315 0.37055287 0.08603619 2.8809500542311667e-08 "" "" "" "" "" "" "" "" "" "" 0.34285714285714286 1.0586031206758746 0.07857444742415674 1.0288844058862368 0.038184293091931984
J0030.6-0212 LogParabola fsrq LSP 821.95544 0.86677736 0.18714087 3.311832085087464e-08 "" "" "" "" "" "" "" "" "" "" 0.8076923076923077 0.688343915929346 0.18801231260997767 0.8296649419671449 0.11330616921344078
J0033.5-1921 LogParabola bll HSP 92.86173 0.2741329 0.0667558 9.815004089456027e-09 "" "" "" "" "" 0.7827050997782705 -0.7901020755149384 0.09985010311902034 0.0 0.1 0.08045977011494253 0.13608460578974396 0.03141997473583992 0.36889647028637174 0.04258643991829037
J0035.9+5950 LogParabola bll HSP 252.02275 0.4945189 0.10990695 1.201110323756939e-08 "" "" "" "" "" "" "" "" "" "" 0.189873417721519 0.2456278015076353 0.05265010517403784 0.4956085163792439 0.05311662676691125
J0038.2-2459 LogParabola fsrq LSP 2709.9248 1.3562248 0.28996694 3.656834326211453e-08 "" "" "" "" "" "" "" "" "" "" 0.9183673469387755 3.0344696189998897 0.11589834205170618 1.7419729099500627 0.033266401960013445
J0043.8+3425 LogParabola fsrq LSP 224.46927 0.4441203 0.099531844 1.659317067298205e-08 "" "" "" "" "" 0.7337662337662337 0.14380931733847124 0.06396221998923407 0.37922198952390834 0.08433347980365669 0.14634146341463414 0.4381622299562638 0.038453912318223996 0.6619382372670911 0.029046450373517177
J0045.3+2128 LogParabola bll HSP 250.93938 0.8666426 0.19069557 5.343042545879169e-09 "" "" "" "" "" "" "" "" "" "" 0.5161290322580645 0.630105349444049 0.13333095776843365 0.7937917544570798 0.08398358701749581
J0049.7+0237 LogParabola bll LSP 236.63927 0.50197613 0.112902254 1.8051977520196372e-08 "" "" "" "" "" "" "" "" "" "" 0.3055555555555556 0.3325158138445846 0.06538679626970403 0.5766418419127982 0.05669619468889673
J0050.0-5736 PowerLaw fsrq LSP 741.8053 1.2299153 0.26537967 2.321036693711337e-08 "" "" "" "" "" "" "" "" "" "" 0.9381443298969072 1.784885224493983 0.18494918450893016 1.3359959672446557 0.06921771810822433
J0050.7-0929 LogParabola BLL ISP 173.04103 0.2895267 0.065945946 3.1433391421994014e-08 "" "" "" "" "" 0.43392857142857144 -0.008832020046116313 0.04555071981826431 0.0 0.1 0.03296703296703297 0.21518756658953223 0.021229735739589077 0.46388313893644834 0.022882633531650664
J0051.2-6242 LogParabola bll HSP 166.1224 0.48359662 0.10924634 5.293204354102136e-09 "" "" "" "" "" "" "" "" "" "" 0.189873417721519 0.19771165354790898 0.05265765905960955 0.44464778594738213 0.05921277550883931
J0102.8+5824 LogParabola fsrq LSP 955.4202 0.877021 0.18849501 5.908612182150528e-08 "" "" "" "" "" 0.5956175298804781 0.6052890212848593 0.06582919455238001 0.778003227040132 0.04230650482185232 0.08670520231213873 0.6715706633090147 0.03284167302886011 0.819494150869312 0.02003777146793663
J0108.6+0134 LogParabola fsrq LSP 7107.277 0.85781705 0.18312162 2.097444350944693e-07 0.23587385019710908 1.5943253491774616 0.022283596675508575 1.2626659689630753 0.008824026790635802 0.09986320109439124 1.5726698584492247 0.015450890346941616 1.254061345568559 0.006160340720786902 0.021739130434782608 1.3979361870060012 0.012871068294990679 1.1823435148069283 0.00544303247482711
J0109.7+6133 LogParabola fsrq LSP 1024.9794 1.087106 0.23398246 6.044853584552656e-08 "" "" "" "" "" "" "" "" "" "" 0.7247706422018348 1.612064395083796 0.13327038098161234 1.269670979066544 0.05248225059046088
J0112.1+2245 LogParabola BLL LSP 475.1801 0.2763648 0.060319703 8.296356202413283e-08 0.3746312684365782 0.36007870160097377 0.02809603099056044 0.6000655810834127 0.023410800316053224 0.12011173184357542 0.4455237409669807 0.02058174095865448 0.6674756482202034 0.015417596891762909 0.0053475935828877 0.3491938443128345 0.012595675596642996 0.5909262596236814 0.010657569698006209
J0112.8+3208 LogParabola fsrq LSP 1211.0096 0.7968676 0.1713113 4.726379057370367e-08 "" "" "" "" "" "" "" "" "" "" 0.41025641025641024 7.299525632236454 0.11650262084148341 2.701763430101987 0.021560477787110625
J0113.4+4948 LogParabola fsrq LSP 460.0459 1.0018237 0.21734662 1.768009055001285e-08 "" "" "" "" "" "" "" "" "" "" 1.160919540229885 2.050932496141328 0.2722410012592012 1.4321077110822802 0.09504906619539873
J0115.8+2519 PowerLaw bll HSP 304.21786 0.73455894 0.1616985 1.4356177236223592e-08 "" "" "" "" "" "" "" "" "" "" 0.6637168141592921 0.4779640277110348 0.1308784984150483 0.6913494251903554 0.0946543771111203
J0116.0-1136 PowerLaw fsrq LSP 326.32373 0.96741605 0.21225941 1.8927154763695183e-08 "" "" "" "" "" "" "" "" "" "" 1.6857142857142857 5.19190134297362 0.5144749986505884 2.2785744102340875 0.11289405260145406
J0118.9-2141 LogParabola fsrq LSP 369.026 0.472508 0.10375274 4.7448033420430226e-08 "" "" "" "" "" "" "" "" "" "" 0.3055555555555556 0.8017299821157486 0.08139820420067886 0.895393758139819 0.04545385952309052
J0132.7-1654 LogParabola fsrq LSP 305.16937 0.47214955 0.10427089 3.605955152491446e-08 "" "" "" "" "" 0.9827586206896551 0.5227099496166224 0.11103911702877646 0.7229868253409757 0.07679193668322248 0.16770186335403728 0.7896341059620529 0.05050543574137708 0.8886135864154074 0.0284181091272258
J0133.1-5201 LogParabola fsrq LSP 1387.2844 1.1514616 0.24699605 2.8789062607447654e-08 "" "" "" "" "" "" "" "" "" "" 0.504 4.183106072243643 0.13326087174699422 2.045264303762143 0.032577909735643625
J0136.5+3906 LogParabola bll HSP 83.13328 0.19490844 0.047429387 1.521812060297442e-08 0.8723618090452261 -1.4162206240389417 0.08948700421521771 0.0 0.1 0.28044871794871795 -0.15274731845613967 0.04960803898734454 0.0 0.1 0.0053475935828877 0.06478511721721016 0.012845683553567086 0.25452920700228127 0.02523420338447044
J0137.0+4751 LogParabola fsrq LSP 2015.6206 0.9649051 0.20671915 4.634112346117324e-08 "" "" "" "" "" 0.88 1.162734786172491 0.0740344843102422 1.0783018066258125 0.03432920350096998 0.40298507462686567 1.2146667115521863 0.04615507463305234 1.1021191911731627 0.020939239150677556
J0137.6-2430 LogParabola fsrq LSP 488.75156 0.76297146 0.16627303 2.7331158477873985e-08 "" "" "" "" "" "" "" "" "" "" 1.186046511627907 1.312014132509223 0.22683555883523257 1.1454318541533681 0.0990174832368772
J0141.4-0928 LogParabola bll LSP 536.55927 0.58669096 0.1274828 3.296776716999218e-08 "" "" "" "" "" 0.5480769230769231 0.6620319912651893 0.05393826249139395 0.8136534835328791 0.03314572086460829 0.056179775280898875 0.6381744688434512 0.028144805556665438 0.7988582282504519 0.017615644779865554
J0143.1-3622 LogParabola bcu LSP 155.10747 0.96139854 0.21878763 9.479233256883952e-09 "" "" "" "" "" "" "" "" "" "" 1.5405405405405406 1.4732692821433206 0.29305561711103273 1.213783045747188 0.12071993349133976
J0144.6+2705 LogParabola bll LSP 327.11932 0.26877084 0.059400056 6.345457620061237e-08 0.6368421052631579 -0.27335158717010327 0.04092167873736905 0.0 0.1 0.21116138763197587 0.18199567526696675 0.023034598590929975 0.4266095114586251 0.02699728671328979 0.021739130434782608 0.18697988971665602 0.013333061584492824 0.43241171320473737 0.015417091139457542
J0145.0-2732 LogParabola fsrq LSP 920.666 1.5234864 0.32788154 1.862351435346339e-08 "" "" "" "" "" "" "" "" "" "" 2.2982456140350878 1.3436577091358524 0.3876868034089014 1.1591625033341324 0.1672271153931337
J0204.8+1513 LogParabola bcu LSP 119.74953 0.5740779 0.13476118 1.469980252890905e-08 "" "" "" "" "" "" "" "" "" "" 1.0434782608695652 1.5648998028685441 0.2951444265394795 1.2509595528507482 0.11796721399460512
J0205.0-1700 LogParabola fsrq LSP 285.9794 0.5228874 0.115864284 3.808045354112776e-08 "" "" "" "" "" "" "" "" "" "" 0.3925925925925926 3.0573174721144714 0.09425314538959836 1.7485186507768429 0.0269522848234198
J0205.2+3212 LogParabola fsrq LSP 541.8589 0.8032445 0.17468774 3.524659983653884e-08 "" "" "" "" "" "" "" "" "" "" 0.9583333333333334 1.5141643557637934 0.17532102239116737 1.2305138584200477 0.07123894671786778
J0206.4-1151 LogParabola fsrq LSP 259.51135 0.6850125 0.15236747 2.201291910234686e-08 "" "" "" "" "" "" "" "" "" "" 1.6111111111111112 2.199609247861376 0.2964931962674897 1.4831079690505935 0.09995671335286832
J0209.3-5228 LogParabola bll HSP 140.85785 0.3909652 0.09001382 1.2353286633041925e-08 "" "" "" "" "" 0.9256594724220624 -1.0373043630423278 0.11928913623170526 0.0 0.1 0.16049382716049382 0.14806233724807605 0.04093708552447085 0.384788691684249 0.053194241942618105
J0210.7-5101 LogParabola FSRQ LSP 11604.488 1.0616913 0.22650349 1.7837935236406952e-07 0.5409429280397022 1.934002466236736 0.036098912505614505 1.3906841719947545 0.012978832013970265 0.24922118380062305 1.8169604060596676 0.030277400362562847 1.3479467371004195 0.011230933511398542 0.016216216216216217 1.5869298467273338 0.018254895936265784 1.2597340380919038 0.007245535717966367
J0211.2+1051 LogParabola BLL ISP 577.5538 0.40740427 0.08857102 6.253728509619927e-08 0.7757805108798487 -0.03899511505966604 0.0458126923765054 0.0 0.1 0.29213483146067415 0.42081580903608024 0.03359769973736529 0.6487031748312014 0.02589605002789428 0.021739130434782608 0.3380345183460607 0.01770272487345962 0.5814073600721449 0.01522402887302884
J0217.2+0837 LogParabola bll LSP 89.34986 0.29613182 0.07249198 2.8582274064234445e-08 "" "" "" "" "" "" "" "" "" "" 0.20512820512820512 0.39800958483492843 0.057936148457640585 0.6308800082701372 0.04591693166542127
J0217.8+0144 LogParabola fsrq LSP 548.079 0.5357675 0.11643792 4.290219373467294e-08 "" "" "" "" "" 0.6820083682008368 0.6663257453613018 0.060027991664810855 0.8162877834203461 0.03676889014146836 0.16049382716049382 0.7111345253556017 0.035573973735870235 0.8432879255364693 0.021092424460624978
J0221.1+3556 LogParabola FSRQ LSP 3546.609 0.9360773 0.19993097 1.2628953978740143e-07 0.6684539767649688 5.011530707432913 0.08723536962959784 2.238644837269394 0.019483968197475197 0.22103658536585366 3.9329403722211675 0.06264251641193745 1.9831642322866676 0.01579357760494403 0.0053475935828877 3.2846609940304603 0.04195920505148937 1.8123633725140387 0.011575825711288021
J0222.6+4302 LogParabola BLL ISP 1444.4158 0.43359333 0.09308504 1.0197120880925802e-07 0.22346002621231978 0.46756406945755524 0.020290778442772484 0.6837865671812772 0.014837070086368953 0.07506702412868632 0.4824310847932253 0.01572044275068505 0.6945725914497528 0.011316630503567968 0.0053475935828877 0.37584059526785424 0.011792856792777254 0.6130583946638805 0.009618053431307215
J0223.2-1653 LogParabola fsrq LSP 24.676046 0.55008197 0.2593851 4.689245430362906e-09 "" "" "" "" "" "" "" "" "" "" 3.4761904761904763 4.753104652078324 1.2147080061152262 2.1801616114587294 0.27858210137515316
J0228.3-5547 LogParabola fsrq LSP 2371.9336 1.002751 0.2145076 5.22595282699181e-08 "" "" "" "" "" "" "" "" "" "" 0.42424242424242425 1.9556534953754368 0.05990820794748479 1.398446815354605 0.02141955178048506
J0229.5-3644 LogParabola fsrq LSP 303.8079 0.67785543 0.14966527 2.4323205118254403e-08 "" "" "" "" "" "" "" "" "" "" 1.1123595505617978 1.7580686764199875 0.2571932216534184 1.3259218213831416 0.09698657096733128
J0230.8+4032 LogParabola fsrq LSP 320.95453 0.92897654 0.20422795 1.53240730988108e-08 "" "" "" "" "" "" "" "" "" "" 0.88 0.8619854777955943 0.1814053742639211 0.9284317302826279 0.09769451449526542
J0231.2-4745 LogParabola fsrq LSP 1924.044 1.6110141 0.34492114 2.684451759963322e-08 "" "" "" "" "" "" "" "" "" "" 1.021505376344086 3.6645673200917592 0.24157683508271088 1.9143059630298809 0.06309775964453286
J0236.8-6136 LogParabola fsrq LSP 887.2367 1.4533852 0.3126444 1.5767697600377534e-08 "" "" "" "" "" "" "" "" "" "" 1.8484848484848484 10.007282987380961 0.6076003052617719 3.16342899199286 0.09603507883371248
J0237.8+2848 LogParabola FSRQ LSP 7505.5464 0.7579326 0.16181545 2.006537486956958e-07 0.46588235294117647 1.7237029666164725 0.03525914503231316 1.312898688633846 0.013427976331137372 0.21666666666666667 1.5719897261665698 0.03303570016453916 1.2537901443888326 0.013174333963457099 0.0273224043715847 1.3018378909045696 0.021998074401682676 1.1409811089166066 0.009639981867259161
J0238.6+1637 LogParabola BLL LSP 5872.72 1.0831685 0.23126438 1.1954358524993227e-07 0.9978632478632479 2.429119793614514 0.05969036519147581 1.5585633749111758 0.019149162027138494 0.5581395348837209 2.174625968654123 0.0543009040374925 1.4746613064206042 0.018411313771192404 0.175 1.8731819599777115 0.03411195829408063 1.3686423784092436 0.01246196918647534
J0245.9-4650 LogParabola fsrq LSP 1671.6416 0.82097584 0.17619747 4.914273171015096e-08 "" "" "" "" "" "" "" "" "" "" 0.5798319327731093 1.9078175847167096 0.07497865186550418 1.3812377002951772 0.027141835127104073
J0252.8-2219 LogParabola fsrq LSP 1560.7312 0.6239166 0.13392694 7.390183506357181e-08 "" "" "" "" "" 0.7142857142857143 1.4973346487096244 0.06785187769412818 1.2236562624812675 0.027725056363680767 0.1393939393939394 1.3270567867920613 0.03979218571958768 1.1519795079740183 0.01727122116502317
J0253.2-5441 LogParabola fsrq LSP 908.18494 1.3090705 0.2816055 2.245033747511586e-08 "" "" "" "" "" "" "" "" "" "" 1.4102564102564104 2.7619839212420954 0.33017496401952545 1.6619217554512293 0.09933529148906275
J0259.4+0746 LogParabola fsrq LSP 302.99847 0.7027552 0.15504344 2.2168190994306475e-08 "" "" "" "" "" "" "" "" "" "" 0.6068376068376068 1.2429726005743342 0.1080178407620552 1.1148868106558325 0.048443411353352395
J0301.6-7155 PowerLaw fsrq LSP 58.666775 0.54756826 0.14054555 1.2593829024614597e-08 "" "" "" "" "" "" "" "" "" "" 2.1864406779661016 9.364002839231922 0.35462074798449994 3.060065822695963 0.057943320263626516
J0303.4-2407 LogParabola BLL HSP 485.31583 0.43165758 0.09397573 3.3978640206656114e-08 0.9914893617021276 0.5497562533101668 0.08468241481829308 0.7414554965135579 0.057105527719791216 0.3570219966159052 1.145406232628085 0.05869062436268071 1.0702365311593904 0.027419464134297942 0.03296703296703297 0.8400056868477608 0.03559930536659515 0.9165182414157182 0.019420947537064824
J0303.6+4716 LogParabola bll LSP 80.696526 0.24168715 0.059477497 2.8004577355513197e-08 "" "" "" "" "" 0.8163265306122449 -0.6970839946683731 0.10915786371407257 0.0 0.1 0.07428571428571429 0.17786681693338002 0.026571262671360188 0.42174259558809096 0.031501753616217494
J0303.6-6211 LogParabola fsrq LSP 255.52426 0.60476923 0.13469633 1.9333144042460502e-08 "" "" "" "" "" "" "" "" "" "" 0.5666666666666667 0.5137556440109764 0.11433090944463438 0.7167674964805368 0.07975452989011127
J0309.0+1029 LogParabola fsrq LSP 543.2804 1.2352431 0.26784727 2.2604775854736775e-08 "" "" "" "" "" "" "" "" "" "" 3.1777777777777776 3.2710776705917715 0.5539709831602135 1.8086120840555533 0.15314809296143073
