4LAC_variability_analysis/resulting_catalogs/.ipynb_checkpoints/selected_sources_monthly-checkpoint.ecsv
# %ECSV 1.0
# ---
# datatype:
# - {name: Source_Name, datatype: string}
# - {name: SpectrumType, datatype: string}
# - {name: CLASS, datatype: string}
# - {name: SED_class, datatype: string}
# - {name: Variability_Index, datatype: float32}
# - {name: Frac_Variability, datatype: float32}
# - {name: Unc_Frac_Variability, datatype: float32}
# - {name: Spectrum_Flux_Estimated, datatype: float64}
# - {name: Bright_Ratio_x, datatype: float64}
# - {name: Norm_Excess_Var(3_days), datatype: float64}
# - {name: Unc_Norm_Excess_Var(3_days), datatype: float64}
# - {name: Frac_Variability(3_days), datatype: float64}
# - {name: Unc_Frac_Variability(3_days), datatype: float64}
# - {name: Bright_Ratio_y, datatype: float64}
# - {name: Norm_Excess_Var(weekly), datatype: float64}
# - {name: Unc_Norm_Excess_Var(weekly), datatype: float64}
# - {name: Frac_Variability(weekly), datatype: float64}
# - {name: Unc_Frac_Variability(weekly), datatype: float64}
# - {name: Bright_Ratio, datatype: float64}
# - {name: Norm_Excess_Var(monthly), datatype: float64}
# - {name: Unc_Norm_Excess_Var(monthly), datatype: float64}
# - {name: Frac_Variability(monthly), datatype: float64}
# - {name: Unc_Frac_Variability(monthly), datatype: float64}
# schema: astropy-2.0
Source_Name SpectrumType CLASS SED_class Variability_Index Frac_Variability Unc_Frac_Variability Spectrum_Flux_Estimated Bright_Ratio_x Norm_Excess_Var(3_days) Unc_Norm_Excess_Var(3_days) Frac_Variability(3_days) Unc_Frac_Variability(3_days) Bright_Ratio_y Norm_Excess_Var(weekly) Unc_Norm_Excess_Var(weekly) Frac_Variability(weekly) Unc_Frac_Variability(weekly) Bright_Ratio Norm_Excess_Var(monthly) Unc_Norm_Excess_Var(monthly) Frac_Variability(monthly) Unc_Frac_Variability(monthly)
[from data line 185]
J1104.4+3812 LogParabola BLL HSP 1618.0674 0.2806271 0.060205523 1.873190601090564e-07 0.03156146179401993 0.206424301244865 0.006256983923775956 0.4543394119431694 0.006885803607720703 0.017766497461928935 0.1923220853478244 0.006037107815077447 0.43854541993711943 0.006883104395370352 0.0053475935828877 0.14556955321156112 0.007666394405577461 0.38153578234755536 0.01004675676604541
J1107.0-4449 LogParabola fsrq LSP 135.70953 0.47956756 0.111062534 2.916568370386377e-08 "" "" "" "" "" "" "" "" "" "" 0.5798319327731093 0.38546553123321925 0.09303020852426784 0.6208587047253338 0.0749205961164901
J1121.4-0553 LogParabola fsrq LSP 466.6316 0.7737894 0.16862212 3.230379025364508e-08 "" "" "" "" "" "" "" "" "" "" 1.4415584415584415 2.634970792898891 0.2477409943883227 1.6232593116624623 0.07630974071992186
J1127.0-1857 LogParabola fsrq LSP 4827.034 1.1265979 0.24063258 7.902439370173242e-08 "" "" "" "" "" 0.9827160493827161 2.092960836047666 0.06524407496015855 1.4467068936200125 0.02254916847631174 0.42424242424242425 2.0020092428869685 0.04578387860086963 1.4149237586834735 0.0161789207085863
J1129.8-1447 LogParabola fsrq LSP 656.38934 1.299183 0.28048223 2.6404564195745225e-08 "" "" "" "" "" "" "" "" "" "" 1.0 3.3920020647836155 0.10820806894732843 1.84173886986826 0.029376604554984656
J1131.0+3815 LogParabola fsrq LSP 452.28714 0.7148422 0.15584265 3.25517586196258e-08 "" "" "" "" "" "" "" "" "" "" 0.48031496062992124 0.9542893225911092 0.07112998491935855 0.976877332417489 0.03640681514399173
J1132.7+0034 LogParabola bll ISP 26.02259 0.11830224 0.04254161 2.742373806859572e-08 "" "" "" "" "" 0.75 -0.821192927243906 0.10219640805578918 0.0 0.1 0.05027932960893855 0.09140690138893297 0.021933385532294316 0.30233574282398856 0.03627322612838291
J1146.9+3958 LogParabola fsrq LSP 1558.2582 0.59309894 0.12723269 8.758448404285078e-08 0.7191528545119705 0.8134986840044767 0.043061044788111374 0.9019416189557263 0.02387130379789311 0.30194805194805197 0.903721107648978 0.03029902773245448 0.9506424709894766 0.015936079365840728 0.08045977011494253 0.7385248309908599 0.022329339060640083 0.8593746743946205 0.012991620375809776
J1147.0-3812 LogParabola bll LSP 157.00865 0.3488884 0.08012952 3.1591281970812573e-08 "" "" "" "" "" "" "" "" "" "" 0.22875816993464052 0.21863047215529904 0.051915403385308534 0.46757937524584964 0.05551506988306726
J1152.3-0839 LogParabola fsrq LSP 437.06354 0.838156 0.18291119 2.4171332298951364e-08 "" "" "" "" "" "" "" "" "" "" 0.6936936936936937 0.868961365278826 0.13933031365157894 0.9321809723861703 0.07473351086266285
J1153.3-1104 LogParabola bcu LSP 1559.9073 2.0778148 0.44462642 1.842920871030732e-08 "" "" "" "" "" "" "" "" "" "" 1.9375 5.393537016607109 0.2569502991284922 2.322398978773266 0.055320016387584284
J1153.4+4931 LogParabola FSRQ LSP 1256.5314 1.3529274 0.29020494 2.5948709485129114e-08 "" "" "" "" "" "" "" "" "" "" 1.5405405405405406 9.334780731017904 0.45667493239637275 3.055287340172427 0.07473518552441619
J1159.2-2227 LogParabola bcu LSP 559.57666 1.1830409 0.25584823 2.24990654014081e-08 "" "" "" "" "" "" "" "" "" "" 1.1123595505617978 1.96031316885124 0.20669192199647338 1.400111841550967 0.073812646912375
J1159.5+2914 LogParabola fsrq LSP 8899.792 1.0317626 0.22016193 1.47748790935376e-07 0.37582903463522477 2.0182932546929226 0.04151059197482602 1.4206664825682778 0.014609548576025831 0.21148036253776434 2.084779719389585 0.03309245699992086 1.4438766288674336 0.011459586067917157 0.07428571428571429 1.6910288255875705 0.016470155245217607 1.3003956419442395 0.006332747786124863
J1208.9+5441 LogParabola fsrq LSP 492.98462 0.5683111 0.123821296 3.5386764372338566e-08 "" "" "" "" "" "" "" "" "" "" 0.6068376068376068 0.9791019370096339 0.13824310907855306 0.989495799389585 0.06985532892804323
J1217.9+3007 LogParabola BLL HSP 645.8201 0.3307538 0.07174619 6.86180489921616e-08 0.33523945675482486 0.3070314829195771 0.02603947782546081 0.5541042166592645 0.023496913615325615 0.08513513513513514 0.3341270441306533 0.018318505455088716 0.5780372342078435 0.015845437258200888 0.0053475935828877 0.2441331597261812 0.012994078875436302 0.4940983300176 0.013149284348900192
J1218.5-0119 LogParabola bll LSP 158.8344 0.47635692 0.10899859 1.61841970291734e-08 "" "" "" "" "" "" "" "" "" "" 0.3722627737226277 0.28342689372581786 0.07784235952449657 0.5323785248540909 0.07310809498357475
J1220.1+7105 LogParabola fsrq LSP 1240.0853 0.7921939 0.17028788 3.153115199112949e-08 "" "" "" "" "" "" "" "" "" "" 0.5537190082644629 2.156147679812273 0.10018066412950069 1.4683826748543014 0.03411258721757971
J1221.3+3010 LogParabola bll HSP 116.60413 0.2906948 0.06852007 1.5599840016362138e-08 "" "" "" "" "" 0.523719165085389 -0.3556631568697666 0.06720247779866956 0.0 0.1 0.027472527472527472 0.12026256984817826 0.021302280445483802 0.34678894135796523 0.03071360978534635
J1221.5+2814 LogParabola bll ISP 339.3346 0.40082383 0.0882579 4.152048973379081e-08 "" "" "" "" "" 0.46265938069216755 -0.00402071027342917 0.042659847687369946 0.0 0.1 0.021739130434782608 0.1895082173322483 0.020660709294474926 0.4353254154448696 0.023730189602370503
J1222.5+0414 LogParabola fsrq LSP 156.09288 0.44839248 0.102551736 4.878996487051416e-08 "" "" "" "" "" "" "" "" "" "" 0.34285714285714286 0.3212433024594894 0.06216820181425569 0.5667832940899805 0.0548430083089094
J1223.8+8039 LogParabola bll LSP 32.690453 0.18874973 0.061959077 1.2104380843765603e-08 "" "" "" "" "" "" "" "" "" "" 0.38235294117647056 0.3279863075305255 0.08269782837929347 0.572700888361914 0.07219984293706316
J1224.9+2122 LogParabola FSRQ LSP 25039.39 1.266786 0.27016875 2.9208330992621707e-07 0.8017324350336862 5.475277971636663 0.03764365733078088 2.339931189508927 0.008043753059824169 0.4888888888888889 4.728263676832097 0.0322867600604487 2.1744570993312555 0.007424096817172971 0.1393939393939394 3.5538310704038922 0.02307897948321861 1.8851607545256963 0.0061212231974947014
J1229.0+0202 LogParabola FSRQ LSP 7997.602 1.0389191 0.22171772 2.6501597920590344e-07 0.41566265060240964 2.3988636072275162 0.03952913570352943 1.5488265258664433 0.012760995193253185 0.1649782923299566 2.066395257400479 0.03405517892742421 1.4374961764820382 0.011845311133545732 0.0053475935828877 1.4625795574385119 0.0178752686876078 1.209371554750033 0.00739031301728544
J1230.2+2517 LogParabola bll ISP 1919.2037 0.9534211 0.2041887 4.18128949116182e-08 "" "" "" "" "" 0.6242424242424243 1.7231202017489384 0.07618684016941757 1.3126767316247128 0.029019650586447274 0.14634146341463414 1.410124615126593 0.04570390327246261 1.187486679978598 0.01924396460315931
J1231.7+2847 PowerLaw bll ISP 274.27725 0.5821918 0.12877387 1.7828822133411014e-08 "" "" "" "" "" "" "" "" "" "" 0.2702702702702703 0.5004354419747141 0.0736450164334289 0.707414618151699 0.052052229727627956
J1239.5+0443 LogParabola fsrq LSP 2535.2659 0.81186295 0.17368503 1.000089687027714e-07 "" "" "" "" "" 0.5018656716417911 1.8439552495664593 0.05305396679741971 1.3579231383132329 0.019534966781448903 0.10588235294117647 1.600546344142411 0.04059962348119191 1.2651270071192107 0.016045671008810526
J1246.7-2548 LogParabola fsrq LSP 1138.02 0.4736994 0.10190972 1.1018026698933104e-07 0.7161290322580646 1.1216871438638096 0.048888183860449595 1.059097325019665 0.02308011865648979 0.3383333333333333 1.1383976688029613 0.03621891528159935 1.066957201017436 0.016972993502954704 0.062146892655367235 0.7861666622936316 0.02065310030364599 0.8866603985143532 0.011646567467235122
J1248.3+5820 LogParabola bll ISP 174.28874 0.19255705 0.043928735 3.4599943183069215e-08 0.3762962962962963 -0.2511857427205049 0.02986112934500187 0.0 0.1 0.07396449704142012 0.05257076877552838 0.014539163528920894 0.2292831628696891 0.0317056938393337 0.0053475935828877 0.07064900367247508 0.008399974592246348 0.26579880299293124 0.015801377767058155
J1253.2+5301 LogParabola bll LSP 128.22119 0.22820066 0.052861217 2.981923633195028e-08 0.8118908382066277 -0.7552905184562785 0.06871731017404174 0.0 0.1 0.253125 0.06421081609129599 0.028010143873713853 0.2533985321411629 0.055268954474665226 0.010752688172043012 0.11464115872704572 0.013773935215871832 0.33858700318684076 0.02034031886373239
J1256.1-0547 LogParabola FSRQ LSP 29785.236 0.9545981 0.20356989 7.096399286811371e-07 0.10324483775811209 3.138557902231078 0.021905888895690995 1.7715975565096826 0.006182524020536848 0.0280970625798212 2.481099685722501 0.01605162414504072 1.5751506866717548 0.005095266211944874 0.0 1.6740780994047444 0.00870468878710075 1.2938617002619501 0.0033638405037178364
J1257.8+3228 LogParabola fsrq LSP 403.19357 0.84299105 0.18400578 1.614495128016495e-08 "" "" "" "" "" "" "" "" "" "" 0.6785714285714286 1.5568830764921822 0.13681660624408296 1.247751207770276 0.05482527501959842
J1258.6-1759 LogParabola fsrq LSP 250.5242 0.82127357 0.182019 1.4860188723429973e-08 "" "" "" "" "" "" "" "" "" "" 1.4102564102564104 0.758266055736876 0.2423573472758636 0.8707847355901893 0.13916030987360023
J1258.8-2219 LogParabola fsrq LSP 579.76953 0.92600363 0.20039906 3.41815617225504e-08 "" "" "" "" "" "" "" "" "" "" 0.6068376068376068 1.386655593511656 0.17569508987398913 1.1775634137963256 0.07460111609088162
J1303.0+2434 LogParabola bll LSP 264.0485 0.5345164 0.11881581 1.992409835304492e-08 "" "" "" "" "" "" "" "" "" "" 0.7247706422018348 1.2237456996516456 0.14833269423838155 1.1062304007988777 0.06704421345284911
J1310.5+3221 LogParabola fsrq LSP 897.96747 0.76263285 0.16440342 5.851141797881423e-08 "" "" "" "" "" 0.711453744493392 2.232971199708419 0.07537276753142108 1.4943129523993357 0.025219873591538905 0.19745222929936307 1.6198242900006812 0.04390143889599984 1.2727231788573197 0.017247049329067603
J1311.0+3233 LogParabola fsrq LSP 88.06266 0.8843892 0.21625602 5.1293533223838235e-09 "" "" "" "" "" "" "" "" "" "" 1.8059701492537314 1.799348640348544 0.550517495911298 1.3413980171256195 0.20520288865901273
J1312.4-2156 LogParabola bll HSP 289.9716 0.6903063 0.15214363 1.2802665839677419e-08 "" "" "" "" "" "" "" "" "" "" 0.3925925925925926 0.43318837352102874 0.08906761825838384 0.6581704745132744 0.06766303086160959
J1312.6+4828 LogParabola bcu LSP 3892.9688 2.291977 0.4893227 2.283535747557497e-08 "" "" "" "" "" "" "" "" "" "" 1.647887323943662 12.248000860192382 0.3407972987851762 3.4997143969461826 0.048689301487366034
J1312.8-0425 LogParabola fsrq LSP 544.1315 0.82578754 0.17955302 2.4317818624373606e-08 "" "" "" "" "" "" "" "" "" "" 0.5798319327731093 1.2290571494183802 0.11165353578361292 1.1086284992811524 0.050356605416517056
J1315.1-5333 LogParabola bll LSP 277.10663 0.84847236 0.18729804 2.578537160309946e-08 "" "" "" "" "" 0.948905109489051 0.4810011677280327 0.0831398558091557 0.6935424772341149 0.05993854633152534 0.16770186335403728 0.6061437284694462 0.042036530076495784 0.7785523286648407 0.026996599026673843
J1316.1-3338 LogParabola fsrq LSP 677.63403 0.88829917 0.19193487 3.717341681624876e-08 "" "" "" "" "" "" "" "" "" "" 0.5284552845528455 2.2993145234466406 0.11648503622673217 1.51634907704217 0.038409703276883624
J1321.1+2216 LogParabola fsrq LSP 366.49 0.57659274 0.1259572 3.576802436646402e-08 "" "" "" "" "" "" "" "" "" "" 0.3333333333333333 1.2605119299202039 0.08267511700162256 1.1227252245853407 0.03681894518409756
J1326.8-5256 LogParabola bll LSP 396.2782 0.68654746 0.15011697 3.017496312994655e-08 "" "" "" "" "" 0.8541666666666666 0.47843742686737384 0.08341014697596558 0.6916917137478039 0.060294308373323634 0.189873417721519 0.5853845006191596 0.046826343561086704 0.7651042416685191 0.030601283466269284
J1326.9+2210 LogParabola fsrq LSP 209.83745 0.5205173 0.116994835 2.741967697648343e-08 "" "" "" "" "" "" "" "" "" "" 0.5798319327731093 0.6552521736974036 0.10659534408307786 0.8094764812503225 0.0658421501749069
J1329.0-5607 LogParabola bll LSP 1066.732 0.8003936 0.17227289 6.966406520076799e-08 "" "" "" "" "" 0.916267942583732 0.7726807521247635 0.0813833237777284 0.879022611839288 0.04629193986684824 0.2064516129032258 0.8586596437750863 0.04566713702563979 0.9266388961052122 0.02464128001618802
J1330.2-7003 LogParabola bcu LSP 1092.9772 1.3560349 0.2914557 2.6418085267709864e-08 "" "" "" "" "" "" "" "" "" "" 0.4166666666666667 1.1491690927337839 0.08886832982261492 1.0719930469614922 0.04145004954766615
J1332.0-0509 LogParabola fsrq LSP 2709.0525 1.2824053 0.2742118 6.872047597131998e-08 "" "" "" "" "" "" "" "" "" "" 0.6548672566371682 3.615947155776873 0.13674990959607106 1.90156439695764 0.035957212339182566
J1332.6-1256 LogParabola fsrq LSP 858.3483 0.75146556 0.16210663 6.511673599866888e-08 "" "" "" "" "" "" "" "" "" "" 0.5714285714285714 0.793410151248553 0.10509086686774105 0.8907357359220258 0.058991046743487006
J1333.7+5056 LogParabola fsrq LSP 379.9662 0.79219836 0.17339861 1.4509656800082998e-08 "" "" "" "" "" "" "" "" "" "" 0.7904761904761904 0.8185769462127578 0.16212044630767253 0.9047524226067359 0.08959381719066177
J1337.6-1257 LogParabola fsrq LSP 329.70084 0.5757944 0.12657808 3.746790132874232e-08 "" "" "" "" "" "" "" "" "" "" 0.21428571428571427 0.6138820570667286 0.05611242866226776 0.7835062584732355 0.03580853889515201
J1344.2-1723 LogParabola fsrq LSP 520.5657 0.9155971 0.19917397 1.860401594155554e-08 "" "" "" "" "" "" "" "" "" "" 0.87 1.0470947582414605 0.15386968049334895 1.0232764818178226 0.07518480255698035
J1345.5+4453 LogParabola fsrq LSP 5241.823 0.6488844 0.13860855 1.4923928098499928e-07 0.5170731707317073 1.228244712130853 0.02778844311972891 1.1082620232286466 0.012536946379690146 0.3040650406504065 1.245133255724339 0.021916053116657695 1.1158553919412404 0.009820292698738766 0.10588235294117647 1.1317272139427936 0.018391954026178933 1.0638266841656085 0.008644243606562803
J1350.8+3033 PowerLaw fsrq LSP 262.44943 0.9966704 0.22050987 1.3262732418317597e-08 "" "" "" "" "" "" "" "" "" "" 1.6857142857142857 3.4013503010701687 0.3118387239489414 1.8442750068984204 0.08454236021811386
J1408.9-0751 LogParabola fsrq LSP 1392.4369 1.1723727 0.2513727 4.226688584786121e-08 "" "" "" "" "" 0.7986577181208053 2.788409151004194 0.07196886398604851 1.669853032755935 0.021549460513680865 0.2896551724137931 2.4986420776300133 0.044810731111127156 1.580709358999944 0.014174247421258149
J1416.1+1320 LogParabola bcu LSP 1838.2279 1.9940581 0.42660362 1.888910609099784e-08 "" "" "" "" "" "" "" "" "" "" 0.7247706422018348 1.815987092097283 0.11596517283518726 1.3475856529724866 0.0430270137483999
J1418.4+3543 LogParabola FSRQ "" 1735.1504 1.345678 0.28827864 2.2844197092565318e-08 "" "" "" "" "" "" "" "" "" "" 0.9583333333333334 3.052538621640554 0.1767460753687014 1.7471515737452643 0.05058120830061167
J1419.4-0838 LogParabola fsrq LSP 624.98157 0.62961584 0.13672969 3.732360876462018e-08 "" "" "" "" "" "" "" "" "" "" 0.5847457627118644 1.3096396011369726 0.08971940506971299 1.1443948624216087 0.03919949661424611
J1419.8+5423 LogParabola bll LSP 335.24088 0.6450191 0.14164077 1.9435667570870996e-08 "" "" "" "" "" "" "" "" "" "" 0.35251798561151076 0.4803236496362714 0.07812598753454761 0.6930538576736093 0.05636357598296546
J1427.0+2348 LogParabola BLL HSP 370.87347 0.25119606 0.05507706 5.501397201225569e-08 0.17462311557788945 0.06567369746453468 0.014206904074682777 0.25626879924121604 0.027718754910367297 0.030848329048843187 0.1315909203489417 0.00970542635077233 0.3627546282943082 0.013377398375877057 0.0 0.12123581998421125 0.007578556246696408 0.3481893450182117 0.01088280895887268
J1427.6-3305 LogParabola bll LSP 288.66898 0.6012469 0.13328755 2.4133204185065794e-08 "" "" "" "" "" "" "" "" "" "" 1.0888888888888888 0.7411721960726138 0.2447417731573109 0.8609135822326267 0.14214073178089287
