4LAC_catalog_generator_v2/resulting_catalogs/agn_pop_4lac_dr2.ecsv
# %ECSV 1.0
# ---
# datatype:
# - {name: Source_Name, datatype: string}
# - {name: RAJ2000, datatype: float32}
# - {name: DEJ2000, datatype: float32}
# - {name: Redshift, datatype: float64}
# - {name: SpectrumType, datatype: string}
# - {name: Pivot_Energy, datatype: float32}
# - {name: PL_Flux_Density, datatype: float32}
# - {name: PL_Index, datatype: float32}
# - {name: LP_Flux_Density, datatype: float32}
# - {name: LP_Index, datatype: float32}
# - {name: LP_beta, datatype: float32}
# - {name: SED_class, datatype: string}
# - {name: Variability_Index, datatype: float32}
# - {name: Frac_Variability, datatype: float32}
# - {name: Unc_Frac_Variability, datatype: float32}
# - {name: Flux1000, datatype: float32}
# - {name: Unc_Flux1000, datatype: float32}
# - {name: Flux_History, datatype: string, subtype: 'float32[10]'}
# - {name: Unc_Flux_History, datatype: string, subtype: 'float32[10,2]'}
# schema: astropy-2.0
Source_Name RAJ2000 DEJ2000 Redshift SpectrumType Pivot_Energy PL_Flux_Density PL_Index LP_Flux_Density LP_Index LP_beta SED_class Variability_Index Frac_Variability Unc_Frac_Variability Flux1000 Unc_Flux1000 Flux_History Unc_Flux_History
[from data line 3343]
J2250.0-1250 342.5049 -12.8485 -inf LogParabola 1722.0337 2.6875143e-12 2.2675548 3.0294762e-12 2.389061 0.13414589 LSP 6789.5215 2.0852263 0.4920986 7.540036e-09 2.0025447e-10 [1.8736739590408114e-11,3.343250121190522e-09,2.940942777393367e-14,7.278312397218656e-10,5.04186145958152e-12,3.640595117038181e-11,8.774924363519343e-12,2.27903420579878e-08,4.0690824221201183e-07,5.975825274617819e-07] [[NaN,1.7951565789431356e-09],[-2.9981779281484933e-09,2.965278911304381e-09],[NaN,9.75199143660177e-10],[NaN,2.49353648840156e-09],[NaN,2.318527148048588e-09],[NaN,2.0204271589108203e-09],[NaN,2.9310420757155953e-09],[-5.284268134175818e-09,5.147109405356787e-09],[-1.4054323038692473e-08,1.4054323038692473e-08],[-1.7581539779598643e-08,1.7581539779598643e-08]]
J2250.0+3825 342.5142 38.4247 0.119 PowerLaw 5054.9014 3.065751e-14 1.7325429 3.182871e-14 1.713293 0.017218923 HSP 27.424871 0.3837392 0.13523334 6.6959777e-10 5.4815368e-11 [6.567395960388467e-09,3.523921598969082e-09,5.8842060113306616e-09,4.494300487323244e-09,1.1589094128794386e-09,2.37695818583461e-09,2.8681321762036305e-09,3.002900150761434e-09,3.058653552656665e-09,2.4339070758827575e-09] [[-1.054314191506478e-09,1.153183326607632e-09],[-9.252682509064414e-10,1.0351631773986014e-09],[-1.0434999531128142e-09,1.1491844142952345e-09],[-9.35657329392825e-10,1.0422755991612576e-09],[-5.608630226916489e-10,7.080161457118095e-10],[-8.021160957660811e-10,9.363536612738699e-10],[-8.565572695573564e-10,9.957509261582231e-10],[-8.412474605812292e-10,9.400096256939605e-10],[-8.421045527562399e-10,9.43288225307981e-10],[-7.876153618191495e-10,9.11527298086412e-10]]
J2250.4-4206 342.6062 -42.1095 0.119 PowerLaw 1783.0431 1.3117393e-13 2.086344 1.3215161e-13 2.0824473 0.004221038 ISP 31.40086 0.4698507 0.1532176 4.0091722e-10 3.790099e-11 [4.4351571304446225e-09,9.088982011462576e-09,1.0474304978913551e-08,4.138748010973359e-09,4.248319918076504e-09,2.7900164401017946e-09,2.9579678706426193e-09,3.858323882610648e-09,2.0447910031862193e-09,5.617782683486894e-09] [[-1.2696667051059762e-09,1.3253390607204096e-09],[-1.6125385471355003e-09,1.7275413322082045e-09],[-1.6663163071584108e-09,1.782710090658668e-09],[-1.3059768821932494e-09,1.379275915702749e-09],[-1.3424269473816253e-09,1.4989017804722948e-09],[-1.469645738438885e-09,1.6703222138758633e-09],[-1.1514721398597771e-09,1.337355781672045e-09],[-1.1745803218943252e-09,1.2965508666695769e-09],[-9.235195386203543e-10,1.150040285224918e-09],[-1.4177845564233849e-09,1.4474793585961265e-09]]
J2250.4+1748 342.6181 17.8134 0.344 PowerLaw 1223.4978 2.7558446e-13 2.6504962 2.7214003e-13 2.660195 -0.012000559 "" 17.882935 0.520107 0.21554616 2.8498903e-10 4.4593718e-11 [1.7748757130675585e-08,1.3678254084936725e-08,3.574156792751637e-08,1.1039203329232805e-08,1.5813313325452327e-08,1.327950804874689e-10,6.663725571343093e-09,6.246852368718692e-09,1.3544207533300323e-08,1.7672967089765734e-08] [[-5.575492956211292e-09,5.843673100969227e-09],[-7.153708292406691e-09,7.875920360334021e-09],[-8.231511472445163e-09,8.979023746746861e-09],[-4.156621713491404e-09,4.4371564200673674e-09],[-5.020017290746637e-09,5.409474646000945e-09],[NaN,5.782377243690462e-09],[-5.900972155359341e-09,6.989703482673804e-09],[-5.905550271023685e-09,6.438728217261769e-09],[-5.729346330696217e-09,6.200352675733711e-09],[-6.38289465726416e-09,6.740846547614865e-09]]
J2250.7-2806 342.6903 -28.1114 0.525 LogParabola 884.5478 3.798567e-12 2.182358 4.101217e-12 2.0485015 0.09523596 LSP 613.9212 0.82368046 0.19657968 2.621946e-09 9.2401205e-11 [3.5022988953414824e-08,2.9243089727515326e-08,3.6795732683003735e-08,7.322543638110801e-08,4.234551553849997e-08,1.0528113492114244e-08,2.1131147942554662e-09,6.318869427701657e-09,2.264474296964636e-08,5.943382674900022e-09] [[-2.5880251275367527e-09,2.5880251275367527e-09],[-2.4897339745422187e-09,2.4897339745422187e-09],[-2.6782251971724236e-09,2.6782251971724236e-09],[-3.5312914814511487e-09,3.5312914814511487e-09],[-2.997243342406364e-09,2.997243342406364e-09],[-1.939750582380384e-09,2.086787409538715e-09],[-1.2788911041283768e-09,1.4892289623702482e-09],[-1.542260763542913e-09,1.6911596567581455e-09],[-2.2779904629288694e-09,2.3714237240568536e-09],[-1.5005329201400741e-09,1.6855493667478072e-09]]
J2251.2+5550 342.8039 55.8431 -inf PowerLaw 2768.894 2.7808427e-14 2.2050443 4.0796617e-14 1.5424538 0.5690845 "" 31.421417 1.1543105 0.3791941 2.1721992e-10 5.048724e-11 [7.667756429796668e-10,3.5965603325388562e-12,7.568164209543105e-16,8.526335968641816e-14,4.6412689663766216e-11,3.9396472195640797e-10,5.4747597566517925e-09,6.996697443639732e-09,1.4299992301403108e-08,8.894581071672292e-09] [[NaN,2.5659125935106886e-09],[NaN,2.36782127238655e-09],[NaN,2.2841000202333817e-09],[NaN,2.21805551703369e-09],[NaN,2.5959523419771813e-09],[NaN,2.851671787595933e-09],[-2.356124406688309e-09,2.726587400303515e-09],[-2.593731673883326e-09,2.8893796244489067e-09],[-3.4040481544650447e-09,3.5945264542647237e-09],[-3.2056799437185646e-09,3.4653524494387966e-09]]
J2251.5-4928 342.8789 -49.4691 -999.0 PowerLaw 2716.471 7.44949e-14 1.851121 8.7057525e-14 1.7336873 0.10201406 ISP 81.092026 0.71620053 0.1876595 5.456076e-10 4.0966647e-11 [3.449908358987841e-09,1.3833270084973037e-09,3.869640163856047e-09,5.711228823201964e-09,5.106984612979204e-09,1.0521159055087992e-08,6.435825650186189e-09,2.0262960198635938e-09,1.5781550510851616e-09,2.593147918616978e-10] [[-9.058621630586572e-10,1.020003081997345e-09],[-6.99246160973388e-10,8.233322357220629e-10],[-8.620718028318208e-10,9.532680200763366e-10],[-1.019120232648163e-09,1.1027462276658184e-09],[-9.624108177064272e-10,1.0540022188365583e-09],[-1.3586033409396236e-09,1.4523169333813257e-09],[-1.0937845074110442e-09,1.1907643759911934e-09],[-6.383721884439808e-10,7.52140683069058e-10],[-6.124320495182189e-10,7.346789843154511e-10],[NaN,7.628254139468993e-10]]
J2251.7-3208 342.9436 -32.1396 0.246 PowerLaw 5817.802 4.2227184e-15 1.7859571 4.23105e-15 1.7795873 0.002871017 HSP 11.20091 0.2823073 0.4852846 1.2141482e-10 3.0306313e-11 [9.673098988471907e-10,4.4391307296720584e-10,5.825752658061845e-10,1.0565407437823637e-09,1.9665353789832807e-09,6.395259322111713e-10,1.5347741966209583e-09,1.6341671349451303e-09,2.1143080775748446e-12,8.19998062506766e-12] [[-5.707216366168666e-10,7.613191743693903e-10],[-3.1009209089383205e-10,5.019565318953312e-10],[-4.0382788779602663e-10,6.112637063182547e-10],[-5.065532993064892e-10,6.365534210850399e-10],[-7.881957864164235e-10,9.301567294173196e-10],[-4.0738010187446605e-10,5.702235350568685e-10],[-6.6846317370306e-10,8.154331099241574e-10],[-6.38468722335972e-10,7.82733544646419e-10],[NaN,7.27008730994072e-10],[NaN,6.149142306455246e-10]]
J2252.0+4031 343.0098 40.5232 0.229 PowerLaw 2181.245 2.0928556e-13 2.0518248 2.2125146e-13 2.0072346 0.03950261 "" 23.812243 0.24894403 0.09432967 9.78161e-10 5.989331e-11 [1.4004282178348149e-08,1.0133258676603418e-08,6.29400842555583e-09,9.122833155572607e-09,1.0011891760086655e-08,1.6220031540115087e-08,1.5483836435237208e-08,9.387214561229484e-09,6.961317300380188e-09,1.4076344534430518e-08] [[-2.0804895584092264e-09,2.1963568741512063e-09],[-1.997260801189782e-09,2.1524388937876893e-09],[-1.5829199062622479e-09,1.720438680408165e-09],[-1.900408053145952e-09,2.0441770498536016e-09],[-1.8552029912299872e-09,1.9965218367445914e-09],[-2.49799314566701e-09,2.6535686981077333e-09],[-2.5497612909930467e-09,2.722301717383857e-09],[-1.9331183320758782e-09,2.095042361816013e-09],[-1.9651467120240795e-09,2.1211166156831496e-09],[-2.294139989089672e-09,2.439343838034347e-09]]
J2252.6+1245 343.1676 12.7543 0.496476 PowerLaw 3952.3955 8.63386e-15 1.9442785 1.0713881e-14 1.9361018 0.11333317 ISP 9.792759 0.41054243 0.52413136 1.3061334e-10 3.39769e-11 [1.8963322023779483e-09,2.2517703847368953e-12,1.2366915269623746e-09,8.102884474503469e-10,1.5157723964875913e-09,1.0099023839416077e-09,4.136680331612297e-09,1.3708374435594806e-09,1.0244170962903087e-12,4.915186591070153e-10] [[-1.1669701871497296e-09,1.3189334069352299e-09],[NaN,1.2353247313967586e-09],[-8.456751410257368e-10,1.1381332543081157e-09],[-5.898178057073267e-10,9.320862970341182e-10],[-7.907978716303887e-10,1.0410240447455976e-09],[-8.362978087816941e-10,1.0824990903657294e-09],[-1.463009824398398e-09,1.6992832696516302e-09],[-7.481151809152209e-10,9.829074221201495e-10],[NaN,1.0505747383149355e-09],[NaN,1.2267115101494142e-09]]
J2253.2-1232 343.3084 -12.5416 -inf PowerLaw 890.5759 7.269903e-13 2.646301 1.0387053e-12 2.384695 0.55199105 LSP 36.951637 0.71567565 0.2100091 3.249558e-10 4.968263e-11 [7.187168638012054e-09,1.5432783939672845e-09,8.968657816410541e-09,1.5895389893216816e-08,1.1305147040729935e-08,1.1893342310997923e-08,1.0702585484523297e-08,1.1541256839109337e-08,4.2960813573245105e-08,2.878173788189997e-08] [[-2.9122808609116646e-09,3.0837055131627267e-09],[NaN,3.0991067490049318e-09],[-2.9542972512786037e-09,3.2622222700950942e-09],[-3.859257802218963e-09,3.812279825154974e-09],[-3.51784135155242e-09,3.702686379725151e-09],[-3.776500445695774e-09,4.011312171314785e-09],[-4.096756267557566e-09,4.310586554368001e-09],[-4.4216954542264375e-09,4.6097126116251275e-09],[-8.82764883414211e-09,9.045114879313587e-09],[-9.645811260838855e-09,9.991374838591582e-09]]
J2253.3+3233 343.3365 32.5583 0.2566 PowerLaw 1838.5352 4.8488977e-14 2.3030486 4.768077e-14 2.304542 -0.008184917 LSP 12.814176 0.4714806 0.4279799 1.5094893e-10 3.488084e-11 [4.319024693444362e-09,8.443868715346525e-09,5.407075676089335e-09,2.2103974206544308e-09,1.377009950509489e-09,3.940139881031257e-10,1.7409327018186316e-12,1.5995342828034609e-09,3.3110301167482703e-09,1.1548738632072286e-09] [[-2.0425254820821692e-09,2.2642854258236866e-09],[-2.5305424422583656e-09,2.7435465010938742e-09],[-2.1593158372468224e-09,2.3915018854125947e-09],[-2.110435604052441e-09,2.35720243324522e-09],[NaN,2.2629198515033977e-09],[NaN,2.6022342058951153e-09],[NaN,1.933504689688448e-09],[-1.432781338017719e-09,1.9532198081151364e-09],[-1.8786592281827552e-09,2.2112862652079457e-09],[NaN,2.588267822289936e-09]]
J2253.7+1405 343.4483 14.091 0.327 PowerLaw 4118.718 1.2245006e-14 1.9587755 1.4782173e-14 1.8936546 0.12553369 "" 19.085382 0.79089695 0.34008446 2.0193516e-10 4.0097054e-11 [6.876873293037988e-09,1.2647172198398948e-09,3.393176573052159e-10,2.541763688412857e-09,7.086656816923664e-10,7.780368016518935e-10,4.494131733423501e-10,1.397698290439564e-09,1.5668762953779947e-09,2.0205810358220333e-09] [[-1.6410680592215954e-09,1.8030317239237093e-09],[-1.0998694177644097e-09,1.414766304108639e-09],[NaN,1.3435417223206514e-09],[-1.1982154157763603e-09,1.4474833553990152e-09],[-5.884361331531807e-10,8.95376217613375e-10],[NaN,1.3381222796482461e-09],[NaN,1.2684805428264667e-09],[-1.110171288232209e-09,1.3957329736413726e-09],[-8.630995362857163e-10,1.225907597657283e-09],[-1.0074107104074415e-09,1.297308926950791e-09]]
J2253.9+1609 343.4963 16.1506 0.859 LogParabola 232.35162 3.8585344e-09 2.396776 3.874912e-09 2.1620116 0.10028907 LSP 56365.367 0.8533719 0.20116921 8.6901984e-08 5.5873567e-10 [1.1327816764605814e-06,4.000659828307107e-06,5.146125204191776e-06,3.4010518845661863e-08,4.5284048155735945e-07,2.0106472220504656e-06,2.006705017265631e-06,2.354894149902975e-06,1.3034418770985212e-06,5.268860263640818e-07] [[-1.3778632457217554e-08,1.3778632457217554e-08],[-2.5655783275624344e-08,2.5655783275624344e-08],[-2.8726759637720534e-08,2.8726759637720534e-08],[-4.695572375368329e-09,4.884959103890196e-09],[-1.0748032686080933e-08,1.0748032686080933e-08],[-2.0798593070026072e-08,2.0798593070026072e-08],[-2.1920730119973086e-08,2.1920730119973086e-08],[-2.0842206183147027e-08,2.0842206183147027e-08],[-1.6379027911739286e-08,1.6379027911739286e-08],[-1.2481518929519098e-08,1.2481518929519098e-08]]
J2254.2+4305 343.5561 43.0971 -inf PowerLaw 611.70667 1.5682462e-12 2.6712441 1.5628361e-12 2.6710913 -0.0039331596 "" 1.7553006 0.0 10.0 2.524645e-10 4.4273855e-11 [1.1057810667125523e-08,1.3697199818807348e-08,1.0006230510839487e-08,9.136443601676092e-09,9.515820131866803e-09,1.2015640038498532e-08,1.2796439463613751e-08,1.2335675592112239e-08,1.412722117066778e-08,1.4175727258702864e-08] [[-4.168446032792872e-09,4.388097885055231e-09],[-4.079543813872988e-09,4.330114489192738e-09],[-4.176990753279597e-09,4.300620748409756e-09],[-4.148388743629994e-09,4.293093436302797e-09],[-3.990194841207995e-09,4.205257475575763e-09],[-4.920416518672255e-09,5.0044359767298374e-09],[-4.679246767835821e-09,4.952935839241945e-09],[-4.453657442837766e-09,4.6910502149444255e-09],[-4.184694812892076e-09,4.386537799661028e-09],[-4.5728167918923646e-09,4.8470232272279645e-09]]
J2254.8-2725 343.718 -27.4171 0.333 PowerLaw 4538.2188 1.7059877e-14 2.0121315 1.7408689e-14 1.9967147 0.01524907 ISP 42.84865 0.6638783 0.21088973 3.5029382e-10 5.4341382e-11 [9.988247242373547e-15,6.234853744402358e-10,1.8745034413569783e-09,2.7632507393349215e-09,8.657170091908029e-09,7.956292513711105e-09,7.750410091489357e-09,4.9793076328796815e-09,1.6307032391082998e-09,7.4821793205615e-09] [[NaN,1.0911667125412805e-09],[-4.609122528087539e-10,8.305339194158989e-10],[-1.0863645538705669e-09,1.4441475792992264e-09],[-1.1729789362036058e-09,1.485586098581848e-09],[-2.070355886729658e-09,2.246644204006998e-09],[-1.934126192537633e-09,2.149928013395197e-09],[-2.232063200935386e-09,2.4759494454684727e-09],[-1.7185254330698285e-09,1.955729800329209e-09],[NaN,1.8929613432305814e-09],[-1.8898693721070003e-09,2.159308287730255e-09]]
J2255.2+2411 343.8175 24.1853 -999.0 PowerLaw 1568.335 4.3915907e-13 2.1056395 4.3837126e-13 2.1072588 -0.001284812 LSP 19.564114 0.19057225 0.08336184 1.0184731e-09 5.90446e-11 [8.457868183597839e-09,1.7084214931628594e-08,1.196967946981431e-08,1.2833713647353306e-08,7.796828072059725e-09,1.6992627749345957e-08,1.0032858099862096e-08,1.578182562411712e-08,1.307224728464007e-08,1.461107057565414e-08] [[-1.868752264044815e-09,2.009591160145874e-09],[-2.317991354416904e-09,2.4400022002879496e-09],[-2.10675077383371e-09,2.248562891438155e-09],[-2.0817920720617167e-09,2.221252293210796e-09],[-1.9025605535460954e-09,2.079916017194705e-09],[-2.6115600793019667e-09,2.7541491309790445e-09],[-2.165175816415399e-09,2.3548356598013243e-09],[-2.267068976991027e-09,2.4048898428219445e-09],[-2.1046513420941437e-09,2.2453474635142356e-09],[-2.4017883237803517e-09,2.5505224598987297e-09]]
J2256.0-2740 344.0247 -27.6739 1.751 PowerLaw 238.38518 5.0604333e-11 3.0227165 5.27599e-11 3.0076323 0.01818693 LSP 25.600094 0.23987332 0.086219706 3.282657e-10 6.0221085e-11 [3.210378451967699e-08,3.315477670184919e-08,2.924790187819326e-08,4.99320904623346e-08,3.9549700403540555e-08,1.4200266740260759e-08,3.526209013671178e-08,3.096671363778114e-08,4.681416498897306e-08,4.6947260301521965e-08] [[-5.398201885498111e-09,5.3915796272008265e-09],[-5.840922856492625e-09,5.980011152928455e-09],[-6.074591496485482e-09,6.061690260850128e-09],[-7.175442462425963e-09,7.1676296009570706e-09],[-6.428512389078378e-09,6.929434359648212e-09],[-5.659920088163517e-09,5.7746656345614156e-09],[-5.91655391346535e-09,5.982390582914832e-09],[-5.6244684465411865e-09,5.567095673342237e-09],[-6.167654831301661e-09,6.341503322460085e-09],[-7.466651297249882e-09,7.768552912068571e-09]]
