4LAC_catalog_generator_v2/resulting_catalogs/agn_pop_4lac_dr2.ecsv
# %ECSV 1.0
# ---
# datatype:
# - {name: Source_Name, datatype: string}
# - {name: RAJ2000, datatype: float32}
# - {name: DEJ2000, datatype: float32}
# - {name: Redshift, datatype: float64}
# - {name: SpectrumType, datatype: string}
# - {name: Pivot_Energy, datatype: float32}
# - {name: PL_Flux_Density, datatype: float32}
# - {name: PL_Index, datatype: float32}
# - {name: LP_Flux_Density, datatype: float32}
# - {name: LP_Index, datatype: float32}
# - {name: LP_beta, datatype: float32}
# - {name: SED_class, datatype: string}
# - {name: Variability_Index, datatype: float32}
# - {name: Frac_Variability, datatype: float32}
# - {name: Unc_Frac_Variability, datatype: float32}
# - {name: Flux1000, datatype: float32}
# - {name: Unc_Flux1000, datatype: float32}
# - {name: Flux_History, datatype: string, subtype: 'float32[10]'}
# - {name: Unc_Flux_History, datatype: string, subtype: 'float32[10,2]'}
# schema: astropy-2.0
Source_Name RAJ2000 DEJ2000 Redshift SpectrumType Pivot_Energy PL_Flux_Density PL_Index LP_Flux_Density LP_Index LP_beta SED_class Variability_Index Frac_Variability Unc_Frac_Variability Flux1000 Unc_Flux1000 Flux_History Unc_Flux_History
[from data line 1455]
J0945.7+5759 146.432 57.9871 0.229004 LogParabola 1977.8452 8.4647e-14 2.0928397 1.0298843e-13 1.874648 0.22820137 LSP 40.058006 0.6841946 0.20057745 3.532065e-10 3.820168e-11 [3.8068250773903856e-09,1.4374572643305328e-09,9.797449518345047e-10,1.4212162557925012e-09,2.0998567329399975e-09,1.5215648740962706e-09,1.0225426061438725e-09,1.1420905887682409e-10,1.518779546572091e-10,1.171753805095932e-09] [[-6.389733742118153e-10,6.948597253142452e-10],[-4.313653323428923e-10,4.831105515634704e-10],[-4.459073388307644e-10,4.941043685313673e-10],[-4.1252370963640317e-10,4.680037468673959e-10],[-4.747001125515737e-10,5.416518344958376e-10],[-4.1033981768023864e-10,4.690712818167242e-10],[-4.106693318739474e-10,4.762120142665083e-10],[NaN,4.2093833974021777e-10],[NaN,3.3567640334020155e-10],[-4.1312978038554604e-10,4.808298204039829e-10]]
J0946.0+4735 146.5167 47.5849 0.568867 PowerLaw 2990.7812 1.0668129e-14 2.135355 8.626792e-15 2.2242591 -0.097514585 ISP 3.359234 0.0 10.0 9.698217e-11 2.4225654e-11 [9.814318246981202e-10,7.929444323373502e-10,5.620900966896158e-10,2.4390545139141295e-09,1.8282045877171527e-09,1.88009585677662e-09,1.186564291266734e-09,5.309619965920831e-10,5.635383271140881e-10,1.1427568891164697e-09] [[-8.786457672549375e-10,1.1284785328413705e-09],[-7.004170576863089e-10,9.143761858787514e-10],[NaN,1.2519175696112939e-09],[-1.1530125743064445e-09,1.3048325753217682e-09],[-8.713493260259497e-10,1.0720518917040067e-09],[-9.057851135807482e-10,1.128192539390227e-09],[-7.650551858695565e-10,1.0548364404172617e-09],[NaN,1.4264125436369568e-09],[NaN,1.0771719072266706e-09],[-1.014873185489762e-09,1.3026960621331796e-09]]
J0946.2+0104 146.5672 1.0701 0.577 PowerLaw 5792.8604 7.037268e-15 1.8907281 8.357736e-15 1.7840744 0.120453134 HSP 10.281201 0.23863707 0.5206315 2.152291e-10 4.615519e-11 [2.427999357124122e-09,2.639304996776559e-09,6.916126005229728e-10,2.545377242313407e-09,1.1492199414320226e-09,3.2089602242796333e-12,2.107502838910591e-09,8.659080119599594e-10,6.126025797748014e-10,4.039557577328878e-09] [[-9.093276132077222e-10,1.0803967720462992e-09],[-1.0999581245840773e-09,1.3513762331385237e-09],[NaN,1.2936609561364776e-09],[-1.2381852210197053e-09,1.5340745340708395e-09],[-6.23471496652428e-10,9.42835032269329e-10],[NaN,1.3670620191419403e-09],[-9.383042121058338e-10,1.198945054348144e-09],[NaN,1.4237723222620957e-09],[-5.985709150557739e-10,9.81710934766511e-10],[-1.359095280761835e-09,1.5544452391935693e-09]]
J0946.6+1016 146.6613 10.277 1.007 LogParabola 505.18027 1.3432867e-11 2.4260159 1.4519125e-11 2.344147 0.08006335 LSP 291.9387 0.44833177 0.109591566 1.8197736e-09 7.587748e-11 [1.2345656941192829e-08,3.387546954058962e-08,4.943328590911733e-08,4.2800635924322705e-08,4.7973472305784526e-08,6.734775581662689e-08,6.094457205563231e-08,5.409180658944024e-08,6.590219214785975e-08,1.0098575309314128e-08] [[-2.442293922655381e-09,2.528251608069354e-09],[-3.445021823367256e-09,3.526486436200571e-09],[-4.145835674762566e-09,4.145835674762566e-09],[-3.851804653010049e-09,3.851804653010049e-09],[-3.8844221172951165e-09,3.8844221172951165e-09],[-4.4010395328086815e-09,4.4010395328086815e-09],[-4.308274625941522e-09,4.308274625941522e-09],[-4.018807953087844e-09,4.018807953087844e-09],[-4.337847858693067e-09,4.337847858693067e-09],[-2.7554460935164116e-09,2.9398445899886383e-09]]
J0947.1-2541 146.7813 -25.6839 -999.0 LogParabola 2074.1123 2.061339e-13 1.8694302 2.3286356e-13 1.7507532 0.08621926 "" 26.526745 0.2728731 0.098839685 9.841374e-10 6.396218e-11 [3.111687574275379e-09,2.1560935259401504e-09,4.135028319751655e-09,2.7949134118188113e-09,3.929836456251223e-09,5.25846433063748e-09,6.412530950683504e-09,5.26127941213872e-09,4.379224982642427e-09,6.611846181669989e-09] [[-7.394685974659865e-10,8.193671297007654e-10],[-6.553831366495899e-10,7.511642974300514e-10],[-8.701063758387306e-10,9.548538626447112e-10],[-7.090774079010487e-10,7.980311411692753e-10],[-7.994859219095929e-10,8.817649943537731e-10],[-9.22246778944924e-10,1.0020267948718242e-09],[-9.839117298682254e-10,1.060769361238556e-09],[-8.898892733810726e-10,9.655061194990822e-10],[-8.520880112605766e-10,9.284608637472047e-10],[-9.258897537556265e-10,9.890432917103453e-10]]
J0947.6+2215 146.9042 22.2601 0.415 PowerLaw 1827.6859 5.6002976e-14 2.1536837 7.4625866e-14 2.0009677 0.2561744 LSP 19.720524 0.36735615 0.26804075 1.7706649e-10 3.0729704e-11 [5.685552917356063e-09,1.1501120083970244e-14,1.2360563683699866e-09,2.9099240794749903e-09,5.371561417888415e-09,2.764152240430917e-09,2.159360912301622e-09,2.0803652134304684e-09,2.2729693682776997e-09,2.1554555917902007e-09] [[-1.4202321541034735e-09,1.593959852996818e-09],[NaN,7.872228979799445e-10],[-1.0993166377204489e-09,1.447243769270301e-09],[-1.386225578769995e-09,1.5812836595685553e-09],[-1.6765612231850469e-09,1.8290086112315862e-09],[-1.5885021076300632e-09,1.8164951764987336e-09],[-1.167854590811146e-09,1.4138203940916583e-09],[-1.0507469339060549e-09,1.2925212011793974e-09],[-1.238686819782231e-09,1.458824505640166e-09],[-1.1864242921433288e-09,1.5095791283670223e-09]]
J0947.9+1121 146.9914 11.3629 0.18683 PowerLaw 4297.057 5.87174e-15 2.0472856 4.4805133e-15 2.2045698 -0.12031485 "" 15.307448 0.0 10.0 1.10042996e-10 3.4538213e-11 [5.38734223898274e-10,7.830022979819773e-13,4.4852860314748e-10,8.058358980100877e-10,7.20656607305914e-13,1.8985020222572757e-09,3.384655888893917e-09,7.509840665997913e-11,3.3827498580052406e-09,1.9527373051886343e-09] [[NaN,1.323929410546043e-09],[NaN,1.0107807923986911e-09],[NaN,1.430087381848466e-09],[NaN,1.5888603766001097e-09],[NaN,9.471784467862676e-10],[-1.3553256295040228e-09,1.6320143014780797e-09],[-1.2131698978734562e-09,1.4767271849791541e-09],[NaN,1.879349564859467e-09],[-1.3438279378163998e-09,1.572501240332258e-09],[-1.0924178228677306e-09,1.370092705954562e-09]]
J0948.6-0338 147.1741 -3.6432 -inf PowerLaw 1002.6949 2.0044171e-13 2.5032141 1.8662667e-13 2.5403593 -0.0481746 LSP 16.64239 0.5278021 0.31025994 1.3416579e-10 3.006482e-11 [6.773360095024827e-09,5.400276406608562e-11,1.0537089423223733e-08,4.487378912898521e-09,6.254484929968385e-09,6.405335817305513e-09,2.4396054065789485e-09,1.7619105063815255e-09,6.092516356866196e-13,2.092003459353009e-09] [[-2.2489021755944805e-09,2.47520270946211e-09],[NaN,2.693275602538847e-09],[-3.1111835330221993e-09,3.351803279372234e-09],[-2.9290121439373706e-09,3.1162035174503444e-09],[-2.4011901356146836e-09,2.7512165878817996e-09],[-2.825216061097535e-09,3.122480274342365e-09],[NaN,2.6333004665701765e-09],[NaN,2.6114803652887986e-09],[NaN,2.0926274046928484e-09],[NaN,2.616938221677856e-09]]
J0948.9+0022 147.2443 0.3717 0.585 LogParabola 276.8435 1.2500262e-10 2.637715 1.4219058e-10 2.4529653 0.16523099 LSP 435.79086 0.3642104 0.08763174 2.2863473e-09 8.779019e-11 [1.2284816364172002e-07,9.301287207108544e-08,1.5561906252514746e-07,1.610831077414332e-07,1.5909111539258447e-07,1.2082638534138823e-07,8.956330077580787e-08,6.743303515577281e-08,7.161775528174985e-08,5.322585749922837e-08] [[-5.1302988524071225e-09,5.1302988524071225e-09],[-5.5759596939708445e-09,5.5759596939708445e-09],[-6.651347916886152e-09,6.651347916886152e-09],[-6.492908877220316e-09,6.492908877220316e-09],[-6.446481570776541e-09,6.446481570776541e-09],[-6.038451072498674e-09,6.038451072498674e-09],[-5.603822739175257e-09,5.603822739175257e-09],[-5.167874572720166e-09,5.167874572720166e-09],[-5.258765867210968e-09,5.258765867210968e-09],[-4.795123853540417e-09,4.795123853540417e-09]]
J0949.0+4038 147.2618 40.6367 1.249964 PowerLaw 714.3437 7.1921153e-13 2.6077266 7.028788e-13 2.6178558 -0.018676652 LSP 31.628849 0.5802478 0.1925864 1.8604253e-10 2.857088e-11 [1.4790728641855821e-08,1.251385484124512e-08,1.0949291251449722e-08,6.378285677399731e-10,4.095785044455624e-09,7.544148417082397e-09,6.962889376183057e-09,5.515540246747719e-10,1.0169095787659899e-08,3.502474754668583e-09] [[-2.9394715550523642e-09,3.052253116919701e-09],[-2.689597877747474e-09,2.696175727123773e-09],[-2.752587047183397e-09,2.874951166020878e-09],[NaN,2.35878760967978e-09],[-2.4374517959557807e-09,2.695216050341287e-09],[-2.4405923948478403e-09,2.5737298958716792e-09],[-2.503277363175016e-09,2.6827235988235998e-09],[NaN,2.227019013645304e-09],[-2.797668319232116e-09,2.81126610879312e-09],[-2.5213939824908493e-09,2.7916309264242045e-09]]
J0949.2+1749 147.3155 17.83 0.694321 PowerLaw 753.14307 4.911357e-13 2.5216506 4.995014e-13 2.5087717 0.013741136 LSP 33.001904 0.7733623 0.260664 1.5783475e-10 3.3608356e-11 [1.8155750680648453e-08,6.058019863530717e-09,3.896609701570242e-09,5.5447624269788776e-09,7.03437395138673e-12,5.332134733748717e-09,4.309310241978892e-09,3.1619464824217403e-09,1.718876485590215e-09,4.630582139952821e-09] [[-2.8648110550477668e-09,2.9976976456680404e-09],[-2.5699611327922867e-09,2.743579141650798e-09],[-2.4778399332348044e-09,2.76258882436764e-09],[-2.4797357500716544e-09,2.7357152099227733e-09],[NaN,2.3195421139377004e-09],[-2.762795991984035e-09,2.951381361526728e-09],[-2.4934014852817654e-09,2.830598866410128e-09],[-2.4363659978376973e-09,2.6637398953255342e-09],[NaN,2.1950117279345704e-09],[-3.0257036875980248e-09,3.1945348588635625e-09]]
J0949.7+5819 147.4368 58.3283 1.431 PowerLaw 720.3352 8.8846037e-13 2.6281176 9.913314e-13 2.6007028 0.089772224 LSP 45.152515 0.6423311 0.18481302 2.3041102e-10 2.9059493e-11 [2.792870823498106e-09,3.557535377396448e-09,1.9992084432374213e-08,1.7937257013045382e-08,8.535828932565437e-09,9.248922516746916e-09,7.613273567130818e-09,1.1813805045335357e-08,4.793687669035762e-09,1.6387620149771465e-09] [[-2.732946757788568e-09,2.965833134638274e-09],[-2.387049669039243e-09,2.6339788128382224e-09],[-2.900345963396944e-09,3.0191529276635265e-09],[-2.845952806751484e-09,2.9059397110842156e-09],[-2.5104025525024554e-09,2.595724746257133e-09],[-2.589641612260607e-09,2.7417066394974654e-09],[-2.4411124233125747e-09,2.632366324917257e-09],[-2.510658347887329e-09,2.612391192258201e-09],[-2.3195831921896115e-09,2.378880425979446e-09],[NaN,2.236679952360987e-09]]
J0950.2+0615 147.5596 6.2583 0.435 PowerLaw 2215.4375 6.673948e-14 2.0371127 8.015044e-14 1.9417423 0.13161586 LSP 15.01281 0.342309 0.21055046 3.226301e-10 4.0163314e-11 [2.6090465343742153e-09,1.115764924897178e-09,4.5940669046729e-09,5.663381916209964e-11,4.320992452733208e-09,6.226978488399482e-09,4.819213916817944e-09,4.027609801227072e-09,2.5375357370904794e-09,3.0079958523998584e-09] [[-1.0902763136755311e-09,1.2561964801705017e-09],[-7.12993497575809e-10,1.0256011595544123e-09],[-1.7192492984818841e-09,1.7767621818265411e-09],[NaN,1.566946461473151e-09],[-1.4234892153908163e-09,1.687248563086996e-09],[-1.4340032494786215e-09,1.6119547918691524e-09],[-1.647019520767401e-09,1.8099598486642776e-09],[-1.346384448375204e-09,1.5265675390452316e-09],[-1.351129319537847e-09,1.5344276960149728e-09],[-1.1736209781787466e-09,1.3894585482177035e-09]]
J0950.2+4553 147.5649 45.8863 0.399 PowerLaw 2322.984 7.604348e-14 1.98742 7.7745936e-14 1.967426 0.015197152 LSP 11.070892 0.128358 0.16655146 4.069091e-10 3.540363e-11 [4.65818983386157e-09,4.84916995446838e-09,4.2026120361526864e-09,3.331710463072568e-09,4.878192516599711e-09,2.9467945861227918e-09,5.342466913305088e-09,2.530576193038314e-09,2.185401637433415e-09,5.639271272173119e-09] [[-1.1218815876290478e-09,1.214317979503221e-09],[-1.0546776785247403e-09,1.15977871750772e-09],[-1.005187599822932e-09,1.1097239793755875e-09],[-9.653410293353204e-10,1.0833705044177577e-09],[-1.13589948558257e-09,1.2473481136865416e-09],[-9.837317627159337e-10,1.1564330604230122e-09],[-1.1481932071788492e-09,1.2626979462027066e-09],[-9.489230512471636e-10,1.0931705540784264e-09],[-7.906381105371452e-10,9.101094877728144e-10],[-1.2996345111204732e-09,1.4250596258591486e-09]]
J0952.1+3932 148.047 39.535 0.7 PowerLaw 6429.4863 2.752911e-15 1.7235255 3.746112e-15 1.4948274 0.22244285 "" 3.5177937 0.0 10.0 9.0676244e-11 2.3747322e-11 [6.41434905190863e-10,9.148687918347775e-10,3.567143247451554e-10,6.396831953026094e-10,4.77025918765861e-10,7.158647008509433e-10,6.243260769478454e-11,4.1974668185673636e-10,8.235565007730372e-10,5.917488721252084e-10] [[-3.7787459272742296e-10,5.096424393613574e-10],[-4.148175414275812e-10,5.300673233676889e-10],[-3.21431214977963e-10,4.84240092468724e-10],[-3.851357843753789e-10,5.208629638708828e-10],[-2.9460350825516457e-10,3.951594329532071e-10],[-3.913703805480395e-10,5.370680566940678e-10],[NaN,4.2505363118117145e-10],[-3.5258329589282766e-10,4.638801287537575e-10],[-4.191970937039713e-10,5.461658902916611e-10],[-3.8203271102155156e-10,5.45457512490799e-10]]
J0952.2+7503 148.0627 75.0555 0.181 PowerLaw 14740.214 6.5443645e-16 1.492666 9.820829e-16 1.1393194 0.32362914 HSP 12.516708 0.24566698 0.61256224 6.608479e-11 1.8442397e-11 [1.9913110049785132e-10,6.672916108563243e-10,1.5200750380639505e-10,3.1183464144213247e-10,1.6522416310346699e-15,2.046790237297813e-10,4.80337047914503e-10,9.648152079106158e-16,4.3769723956366136e-10,2.0280101209468882e-10] [[-1.377931935220289e-10,2.1996612864505494e-10],[-2.3146862204725949e-10,2.8069149782261604e-10],[-1.1132631622112754e-10,1.7299518761948462e-10],[-1.3626336170524667e-10,1.854267156486955e-10],[NaN,2.0932683364449645e-10],[-1.3640787110968944e-10,2.1832728680504232e-10],[-2.4384666508225905e-10,2.967875667447828e-10],[NaN,1.7412465913579922e-10],[-2.0984830539916288e-10,2.6861388113808005e-10],[-1.1896864049454337e-10,1.7885704028941518e-10]]
J0952.6-5048 148.1566 -50.8112 -inf PowerLaw 3726.8235 1.6809443e-14 2.0525815 2.2219932e-14 1.9541419 0.2168522 "" 24.059856 0.87379533 0.37221405 2.3587474e-10 5.1328747e-11 [2.4242066132273976e-09,7.843524940653879e-09,8.042108312622531e-09,3.571409661062841e-12,2.021459000189907e-09,1.846032354757554e-10,2.4103508360247272e-14,7.759184961209087e-10,1.731696563922469e-09,2.4931283704177076e-09] [[-1.877093147584219e-09,2.232583451444725e-09],[-2.3205042332108405e-09,2.5424453653499768e-09],[-2.170957413838437e-09,2.404494159335968e-09],[NaN,2.321020708961896e-09],[-1.3295937684176806e-09,1.8048115224544858e-09],[NaN,2.0497654684703548e-09],[NaN,1.2430234619387193e-09],[NaN,1.9348056490287036e-09],[-1.6106863620635181e-09,1.9512769178220424e-09],[-1.4947708626422695e-09,1.76571046672791e-09]]
J0952.8+0712 148.2194 7.2141 0.435 PowerLaw 3000.1687 1.9907456e-14 1.9850639 2.77331e-14 1.8927968 0.24912994 ISP 10.478559 0.14830448 0.61217815 1.7705766e-10 3.2743065e-11 [1.800636528770383e-09,3.2819524875549178e-09,2.579855218343141e-09,2.5681907711572194e-09,3.9840430954285466e-10,6.867100221796818e-10,3.129485559583145e-09,1.675201422024486e-09,2.324317183166613e-09,1.6699345031789825e-11] [[-7.500119414416417e-10,9.035338588425645e-10],[-1.225071044608228e-09,1.409138583596814e-09],[-1.1430341118057186e-09,1.3577587942847913e-09],[-1.126021609287875e-09,1.3034373580467218e-09],[NaN,8.338226775705948e-10],[-5.009347381346174e-10,7.473298091476011e-10],[-1.3965140155391964e-09,1.59989987924547e-09],[-9.12596442859126e-10,1.1217878848057694e-09],[-1.0394333171959147e-09,1.25851151722145e-09],[NaN,1.482503231287069e-09]]
