4LAC_catalog_generator_v2/resulting_catalogs/agn_pop_4lac_dr2_with_z.ecsv
# %ECSV 1.0
# ---
# datatype:
# - {name: Source_Name, datatype: string}
# - {name: RAJ2000, datatype: float32}
# - {name: DEJ2000, datatype: float32}
# - {name: Redshift, datatype: float64}
# - {name: SpectrumType, datatype: string}
# - {name: Pivot_Energy, datatype: float32}
# - {name: PL_Flux_Density, datatype: float32}
# - {name: PL_Index, datatype: float32}
# - {name: LP_Flux_Density, datatype: float32}
# - {name: LP_Index, datatype: float32}
# - {name: LP_beta, datatype: float32}
# - {name: SED_class, datatype: string}
# - {name: Variability_Index, datatype: float32}
# - {name: Frac_Variability, datatype: float32}
# - {name: Unc_Frac_Variability, datatype: float32}
# - {name: Flux1000, datatype: float32}
# - {name: Unc_Flux1000, datatype: float32}
# - {name: Flux_History, datatype: string, subtype: 'float32[10]'}
# - {name: Unc_Flux_History, datatype: string, subtype: 'float32[10,2]'}
# schema: astropy-2.0
Source_Name RAJ2000 DEJ2000 Redshift SpectrumType Pivot_Energy PL_Flux_Density PL_Index LP_Flux_Density LP_Index LP_beta SED_class Variability_Index Frac_Variability Unc_Frac_Variability Flux1000 Unc_Flux1000 Flux_History Unc_Flux_History
[from data line 1333]
J1706.9+4543 256.7427 45.7248 0.648 PowerLaw 539.9848 1.1370271e-12 2.8191926 1.2275997e-12 2.7295306 0.087870784 LSP 29.603643 0.7089849 0.23428218 1.1004832e-10 2.6819555e-11 [4.814442622347315e-09,1.633603918804738e-09,3.505096213274328e-11,3.2183855580569798e-09,2.9125886147340907e-09,6.007527364459975e-09,9.901013342528131e-09,1.2597966225769142e-08,1.809018712606303e-08,1.64687836701205e-08] [[-3.555882255312781e-09,3.5986846835811548e-09],[NaN,2.9905209419922585e-09],[NaN,3.290819838852599e-09],[-2.9841442650280214e-09,3.3050771008902302e-09],[NaN,2.9913322929786546e-09],[-3.482944599397797e-09,3.5401868103690504e-09],[-3.1716225201705583e-09,3.339073240127277e-09],[-3.4472771304194794e-09,3.5548852750366677e-09],[-3.799819570105001e-09,3.896486688859113e-09],[-3.770256995494492e-09,4.001650566465287e-09]]
J1707.5+1649 256.881 16.8206 0.291 PowerLaw 1428.8655 2.2738717e-13 2.2538042 2.6535553e-13 2.158376 0.11999424 LSP 27.648651 0.5930236 0.20577656 4.0422934e-10 4.538159e-11 [8.42482417162671e-10,1.942173977198536e-09,3.1936890632078274e-11,2.2454369474900204e-09,9.652021404349398e-09,9.688257307516324e-09,1.0828966168219267e-08,7.310486882516898e-09,1.08134674547955e-08,6.7877454767995005e-09] [[NaN,2.138972110543591e-09],[NaN,2.519745745388491e-09],[NaN,2.5716588858415435e-09],[-2.051719460993695e-09,2.3793440551145295e-09],[-2.720142777690171e-09,2.9394999767617946e-09],[-2.081725902769449e-09,2.228357276479187e-09],[-2.0616368612280667e-09,2.1756942913953026e-09],[-2.5350688215297623e-09,2.755551120614541e-09],[-2.614394034594625e-09,2.810236265915478e-09],[-2.462594128616047e-09,2.7605964181276477e-09]]
J1709.7+4318 257.4316 43.3109 1.027 LogParabola 626.5011 9.353745e-12 2.3279479 1.0179054e-11 2.2214303 0.096291274 LSP 1568.2062 1.0594505 0.25080392 2.4565479e-09 7.715459e-11 [2.5186265517618267e-08,5.0022258335502556e-08,1.5497890615279175e-07,6.448190958963096e-08,4.8983434197680253e-08,2.5008214166177822e-08,1.5984966239557252e-08,1.0218354162816468e-08,1.1422245371761619e-08,1.0110258408246864e-08] [[-2.5169504258570896e-09,2.629252815466998e-09],[-3.1719395998663913e-09,3.1719395998663913e-09],[-4.6357557792475745e-09,4.6357557792475745e-09],[-3.4526224101938396e-09,3.4526224101938396e-09],[-3.1331828242997517e-09,3.1331828242997517e-09],[-2.4548256760681397e-09,2.5777455725517484e-09],[-1.9950674445823324e-09,2.060830395222979e-09],[-1.9125065975345024e-09,2.0336221595584902e-09],[-2.0342227902148124e-09,2.1580426334821823e-09],[-2.0755959173612837e-09,2.233365936632481e-09]]
J1715.8+2151 258.9694 21.8607 0.358 PowerLaw 1856.2609 4.3467352e-14 2.2645206 4.7884958e-14 2.1984046 0.071174726 LSP 7.9461455 0.0 10.0 1.3912803e-10 3.1786532e-11 [2.8719171485391826e-09,5.067708475081645e-10,4.470570580394906e-09,1.4317309560141211e-09,4.318549073900613e-09,3.6719736140611303e-09,3.7269596298017404e-09,2.839936730225645e-09,3.6318470453267082e-09,2.6257184919847897e-15] [[-1.9411563467741644e-09,2.1564983132549287e-09],[NaN,1.828139639670212e-09],[-2.0145825008199836e-09,2.2883777095472624e-09],[-1.375493607902456e-09,1.7017470765878784e-09],[-2.665823339853546e-09,2.6741469039137655e-09],[-1.4311422047441624e-09,1.6612103914681597e-09],[-1.5240253503634449e-09,1.7142777197776127e-09],[-1.7195631585309457e-09,2.0033219527704205e-09],[-2.207781957253019e-09,2.3425963391332516e-09],[NaN,1.7746348834890568e-09]]
J1716.1+6836 259.0315 68.6063 0.777 PowerLaw 1121.7003 5.654812e-13 2.3775625 5.7301836e-13 2.3676298 0.011610455 "" 98.10929 0.60633487 0.15589727 5.38613e-10 3.762223e-11 [1.9278839857861385e-08,3.310150731294925e-08,1.7601820445634075e-08,9.62615676058931e-09,6.819073750108373e-09,1.2817130468079085e-08,6.701885268967089e-09,9.917076937426827e-09,1.0791828763956346e-08,5.25177057397741e-09] [[-2.8289508513523742e-09,2.97122060288757e-09],[-3.016272565048439e-09,3.016272565048439e-09],[-2.426298939539606e-09,2.5383768420539354e-09],[-2.0722104032699917e-09,2.1974613240161034e-09],[-1.9738373158162403e-09,2.137589660833328e-09],[-2.4869470927058046e-09,2.598894655037043e-09],[-1.9897901104570792e-09,2.1691362039888418e-09],[-2.1155581730880613e-09,2.2343573657934712e-09],[-2.088677675260442e-09,2.1876485067906515e-09],[-1.940549720913509e-09,2.1181905118794475e-09]]
J1717.5-8114 259.3824 -81.2387 0.073 PowerLaw 2865.353 3.0842106e-14 2.1117706 3.170195e-14 2.0976682 0.014653485 LSP 10.65308 0.21321483 0.33730748 2.547285e-10 4.0162464e-11 [6.188306533871923e-10,4.124917296621788e-09,8.527142880687677e-10,3.476650300981987e-09,1.8527781531219034e-09,4.282865173621531e-09,4.055685565163003e-09,6.573826372147096e-09,4.431473410448916e-09,2.709536373046717e-09] [[NaN,1.8420461822543643e-09],[-1.4922362234770503e-09,1.7089030190930998e-09],[-8.106519899797604e-10,1.1750747042071907e-09],[-1.5810297515628235e-09,1.7913057703822233e-09],[-1.3664571696381245e-09,1.8178215599462533e-09],[-1.768070800878263e-09,1.991549591906505e-09],[-1.8810186741546886e-09,2.074140637020605e-09],[-2.0024777391824955e-09,2.1937653915671262e-09],[-1.5169276945670163e-09,1.7060248769240616e-09],[-1.3561166634090682e-09,1.5690663213163702e-09]]
J1717.6-5154 259.4026 -51.909 1.158 LogParabola 992.98474 1.2851772e-12 2.586935 1.7943548e-12 2.5181048 0.38650778 LSP 286.08383 1.5766912 0.38097152 9.37889e-10 8.366892e-11 [5.212016596090052e-09,5.424748650284528e-09,3.307441653888077e-09,7.15095538339483e-08,1.5698761401949923e-08,6.6528547115751735e-09,5.1106825438296255e-09,5.709891670591105e-09,6.343833014454958e-09,5.427834626203776e-09] [[-3.3163691792736927e-09,3.485029154148833e-09],[-2.890726102933172e-09,3.058421960133728e-09],[-2.7049975592774445e-09,2.9110667210119345e-09],[-4.521723440120695e-09,4.521723440120695e-09],[-3.2861093846037193e-09,3.377127466563934e-09],[-2.735129234210376e-09,2.8887847669523126e-09],[-2.8764515214163566e-09,3.0645839199650027e-09],[-2.8468269963610737e-09,2.9669202650239868e-09],[-2.8425122255981705e-09,3.0776170500956823e-09],[-2.8559143938622356e-09,3.0045155252622635e-09]]
J1719.2+1745 259.8062 17.7533 0.137 LogParabola 1169.85 1.59749e-12 2.0649376 1.7641414e-12 1.9395674 0.094715096 LSP 1247.5247 1.6280596 0.38543573 2.2320874e-09 8.495563e-11 [3.225409983542704e-08,6.454505818709322e-09,3.77390696471025e-09,2.3095809709161585e-09,2.410823318754751e-09,5.961340310278729e-09,1.598491472520891e-08,8.681136876020901e-08,2.6118147644638157e-09,3.821624794397849e-09] [[-2.120679409856052e-09,2.120679409856052e-09],[-1.3845904422993272e-09,1.507229785424613e-09],[-1.2058346543497578e-09,1.3326081349518404e-09],[-1.1829571766597269e-09,1.3048720992614449e-09],[-1.0738696598622255e-09,1.3083232275334922e-09],[-1.1798267918194938e-09,1.2651293346266357e-09],[-1.459143250670536e-09,1.459143250670536e-09],[-3.3645712882446333e-09,3.3645712882446333e-09],[-1.0605464284552113e-09,1.2197297616367564e-09],[-1.3979942758979291e-09,1.5622111382285198e-09]]
J1720.2+3824 260.0746 38.4135 0.45253 PowerLaw 940.22345 3.084356e-13 2.5374904 3.424806e-13 2.4753892 0.08298192 LSP 10.755215 0.26224586 0.2747659 1.7149274e-10 3.0396474e-11 [6.303319199929547e-09,2.0374413267632008e-09,8.712393473331304e-09,2.309128888100531e-09,5.579785966602913e-09,8.234493087400097e-09,1.6406005443059257e-09,1.1488710427443038e-08,5.102488653818682e-09,6.21590690030871e-09] [[-2.6860975665954356e-09,2.9449287453076067e-09],[NaN,2.8111559746690773e-09],[-2.9191147277174423e-09,3.17619375245215e-09],[NaN,2.666011855723127e-09],[-2.4217130523140895e-09,2.790522257711814e-09],[-2.786810338051282e-09,2.9944606794174433e-09],[NaN,2.5559543370690108e-09],[-3.041169094331053e-09,3.1323690308227015e-09],[-2.6307556133531307e-09,2.8523012840508954e-09],[-2.9083897512549584e-09,3.123659331194517e-09]]
J1722.6+6104 260.6624 61.0734 2.058 PowerLaw 532.5962 1.900587e-12 2.8440971 2.0892743e-12 2.8251975 0.08678774 LSP 57.699562 0.81491756 0.22530046 1.7184254e-10 2.5811388e-11 [1.1751675188520494e-08,3.3193523485408605e-09,3.02889908709858e-08,1.3960495870435352e-08,1.8182303662683807e-08,5.357282617524106e-09,1.3767961215549462e-09,1.4144214688371903e-08,4.4905137386308525e-09,1.2574559171696365e-09] [[-3.97086852288453e-09,4.0012637647635074e-09],[-3.067799347888922e-09,3.3650742192747884e-09],[-3.6480027887364486e-09,3.7739429359362475e-09],[-3.5294203115654454e-09,3.4536526971606918e-09],[-3.6289471427863873e-09,3.6528728930562693e-09],[-3.4320766229001265e-09,3.7231513427826712e-09],[NaN,3.2605147470832208e-09],[-3.281353189166225e-09,3.3067915072848564e-09],[-3.535674419907764e-09,3.4870872855918833e-09],[NaN,3.2950717709923083e-09]]
J1722.7+1014 260.686 10.2346 0.732 PowerLaw 1538.7292 5.8006735e-13 2.2088041 6.234365e-13 2.1802158 0.052441053 LSP 118.10393 0.64080584 0.16122673 1.2387341e-09 6.999135e-11 [2.2822403522582135e-08,5.7798931862862446e-08,1.0996118682271572e-08,1.911956815092708e-08,1.760956891416754e-08,1.5416670606782645e-08,1.2851073982744765e-08,1.069277200116403e-08,1.5507199080389e-08,2.957621880739225e-08] [[-3.2213249845369774e-09,3.37502092939701e-09],[-4.776589790367325e-09,4.776589790367325e-09],[-2.8136073471074496e-09,3.1044744552843895e-09],[-3.5534288844729645e-09,3.7335703417795685e-09],[-3.5955078914184924e-09,3.7729064317204575e-09],[-2.6574002998103197e-09,2.814927180239124e-09],[-2.3067998622394725e-09,2.453557801374018e-09],[-2.7896644994029884e-09,3.0645481707836097e-09],[-3.307056406498532e-09,3.5320772973079784e-09],[-4.257031616106133e-09,4.4742649585316485e-09]]
J1724.1+3304 261.0472 33.0691 0.548 PowerLaw 2813.5627 1.923417e-14 2.052637 1.6200555e-14 2.2229571 -0.08308796 LSP 12.354665 0.40404004 0.3729535 1.5157263e-10 2.9517822e-11 [1.4966234848645676e-11,1.1089704710087744e-09,1.6883434650338813e-09,3.361853684324956e-09,3.676544402253512e-09,2.016245836955477e-09,4.952732113316927e-10,4.788608398698102e-11,1.4371519529987609e-09,3.4178688768093934e-09] [[NaN,1.083803380375059e-09],[-7.962819292828272e-10,1.0421964402596018e-09],[-8.753379132642181e-10,1.093628188009177e-09],[-1.211594935490723e-09,1.346571631977156e-09],[-1.2372537439020448e-09,1.4179752927390155e-09],[-8.365456660719417e-10,1.0113039294878945e-09],[NaN,1.1952346889998466e-09],[NaN,1.441422536885284e-09],[-1.0658893767612199e-09,1.2780884128815728e-09],[-1.3768112205880811e-09,1.58808943773181e-09]]
J1724.2+4005 261.0509 40.0891 1.049 LogParabola 586.64276 4.2761376e-12 2.476836 4.784616e-12 2.331952 0.13930516 LSP 361.15497 0.96518016 0.23231296 8.0997675e-10 5.2100046e-11 [6.063326907224109e-08,2.7283780568154725e-08,1.371881452882917e-08,1.869747912053299e-08,8.748565427652011e-09,2.5859563379526662e-08,2.1230270874639245e-08,7.988950057047361e-10,3.726789987723578e-09,1.6492296417425223e-09] [[-3.6660590119197423e-09,3.6660590119197423e-09],[-2.8347677538675953e-09,2.9496245446125613e-09],[-2.4154109823371073e-09,2.4523654218455704e-09],[-2.605246907094738e-09,2.7017603709822424e-09],[-2.215233774194303e-09,2.2724455650546815e-09],[-2.8458864154146113e-09,2.8857365386159017e-09],[-2.4675950172081684e-09,2.563236289887527e-09],[NaN,1.8526963296849885e-09],[-1.888929013205143e-09,2.0809574063918035e-09],[NaN,2.050774883244344e-09]]
J1724.2-6501 261.0666 -65.0174 0.014428 PowerLaw 1122.8802 1.8920256e-13 2.4972208 1.9945682e-13 2.4893484 0.037653454 LSP 4.2732515 0.0 10.0 1.6868261e-10 3.5124254e-11 [3.2642264446991476e-09,6.056231516282651e-09,4.646235396421616e-09,1.7346913905313954e-09,4.8932129459444695e-09,1.8626649112007954e-09,5.287842164136691e-09,8.763799463906707e-09,2.324350711901957e-09,2.5962738625651127e-09] [[NaN,3.6702201278160373e-09],[-2.7981112982189416e-09,3.1159832492022588e-09],[-3.1215707796405923e-09,3.329231557103185e-09],[NaN,3.1412226153548772e-09],[-2.911743290923141e-09,3.1770190922486563e-09],[NaN,3.0625944003048744e-09],[-2.8710558375166784e-09,3.151097827114313e-09],[-3.127862857610353e-09,3.3400517907011817e-09],[NaN,2.9132352086236324e-09],[-2.564918499814439e-09,3.0763667169253495e-09]]
J1724.9+7654 261.2331 76.9152 0.68 PowerLaw 778.5797 4.558909e-13 2.7175646 4.612869e-13 2.706169 0.012780236 LSP 23.317142 0.46110395 0.18637478 1.3447092e-10 2.5501752e-11 [1.1024680723892288e-08,4.908240036627376e-09,9.485752627824695e-09,8.385812877431675e-12,2.5504958145461387e-09,9.871258477289757e-09,1.247804615189807e-08,3.1560454250012526e-09,1.1428973323290847e-08,1.324886067521902e-08] [[-3.4632947620849563e-09,3.5480971494195046e-09],[-2.632659645840363e-09,2.8286692987933293e-09],[-2.9643538734802632e-09,3.103472145937758e-09],[NaN,2.6320940982316188e-09],[-2.394797471438892e-09,2.6652080542532985e-09],[-3.0536670969638635e-09,3.2778924019538636e-09],[-3.3679077304782368e-09,3.5685601140755807e-09],[-2.7290356641174185e-09,2.9186575378759017e-09],[-3.198863396391971e-09,3.344044152697734e-09],[-3.2584517306588623e-09,3.4122265013536435e-09]]
J1725.5+5851 261.3876 58.8578 0.2974 PowerLaw 1522.0763 2.2423289e-13 2.2020025 2.3336668e-13 2.1756244 0.029716063 ISP 57.062004 0.5325542 0.14812283 4.687228e-10 3.5752012e-11 [1.3893605377290896e-08,9.970689829330581e-10,8.040447418977692e-09,5.8235358757485756e-09,1.3130128984073508e-08,1.3936013232296318e-08,6.621933668071733e-09,5.388850254917088e-09,5.0566733023060806e-09,4.37782343709614e-09] [[-2.2164792223833274e-09,2.3333874832331958e-09],[NaN,1.4263982217599391e-09],[-1.6445736994441518e-09,1.7415928699193728e-09],[-1.5770600381159738e-09,1.7296243326470062e-09],[-1.8015313685282308e-09,1.8976265003800563e-09],[-1.973586405412675e-09,2.0988206728134173e-09],[-1.5653596197040542e-09,1.7051198231143871e-09],[-1.5316292678591026e-09,1.666512927656072e-09],[-1.5230089411844006e-09,1.6770215216510564e-09],[-1.3289216393985726e-09,1.4838661410720988e-09]]
J1727.4+4530 261.8521 45.5108 0.717 LogParabola 433.9239 2.152478e-11 2.4855423 2.3037948e-11 2.3892353 0.08376338 LSP 585.15137 0.5914603 0.14141718 1.8180729e-09 6.5917743e-11 [3.9715029487297215e-08,5.5315975799885564e-08,5.318082685334957e-08,2.2283936473854737e-08,2.4978884738402485e-08,3.838050233184731e-08,1.2027889795263036e-07,6.89747849946798e-08,2.7754831322113205e-08,3.7369733973946495e-08] [[-3.397765624413296e-09,3.397765624413296e-09],[-3.6033891426257014e-09,3.6033891426257014e-09],[-3.5827159017287613e-09,3.5827159017287613e-09],[-2.9370068599376964e-09,3.029263728748788e-09],[-2.8675244401199507e-09,2.96892443962804e-09],[-3.327141007147816e-09,3.327141007147816e-09],[-4.293687627665577e-09,4.293687627665577e-09],[-3.7113572215474733e-09,3.7113572215474733e-09],[-3.0827429498003767e-09,3.2024134455355124e-09],[-3.3553408940178997e-09,3.3553408940178997e-09]]
J1728.0+1216 262.0202 12.2756 0.583 PowerLaw 1003.2952 1.2051637e-12 2.454835 1.3590021e-12 2.430183 0.092217185 LSP 79.45172 0.6340814 0.16977069 8.3439233e-10 6.489451e-11 [6.329676782712568e-09,3.8322085060826794e-08,9.548356771915678e-09,2.286228095726983e-08,1.5710011069813845e-08,3.7209382242053834e-08,3.811310378409871e-08,2.142697930196391e-08,5.028604643797507e-09,7.183408534672253e-09] [[-3.284723604224382e-09,3.827018701940688e-09],[-5.561996196945529e-09,5.7171027911806505e-09],[-4.1142986795250636e-09,4.585848145666205e-09],[-4.945797105193606e-09,5.153848015027052e-09],[-4.889221028037127e-09,5.144258796718759e-09],[-4.202833636668402e-09,4.324744118378021e-09],[-3.9851926203482435e-09,4.019299559843148e-09],[-5.024874294434767e-09,5.200400110538794e-09],[-4.30733093637059e-09,4.695762001460935e-09],[-4.087945093544931e-09,4.488571736516178e-09]]
