4LAC_catalog_generator_v2/resulting_catalogs/agn_pop_4lac_dr2_with_z.ecsv
# %ECSV 1.0
# ---
# datatype:
# - {name: Source_Name, datatype: string}
# - {name: RAJ2000, datatype: float32}
# - {name: DEJ2000, datatype: float32}
# - {name: Redshift, datatype: float64}
# - {name: SpectrumType, datatype: string}
# - {name: Pivot_Energy, datatype: float32}
# - {name: PL_Flux_Density, datatype: float32}
# - {name: PL_Index, datatype: float32}
# - {name: LP_Flux_Density, datatype: float32}
# - {name: LP_Index, datatype: float32}
# - {name: LP_beta, datatype: float32}
# - {name: SED_class, datatype: string}
# - {name: Variability_Index, datatype: float32}
# - {name: Frac_Variability, datatype: float32}
# - {name: Unc_Frac_Variability, datatype: float32}
# - {name: Flux1000, datatype: float32}
# - {name: Unc_Flux1000, datatype: float32}
# - {name: Flux_History, datatype: string, subtype: 'float32[10]'}
# - {name: Unc_Flux_History, datatype: string, subtype: 'float32[10,2]'}
# schema: astropy-2.0
Source_Name RAJ2000 DEJ2000 Redshift SpectrumType Pivot_Energy PL_Flux_Density PL_Index LP_Flux_Density LP_Index LP_beta SED_class Variability_Index Frac_Variability Unc_Frac_Variability Flux1000 Unc_Flux1000 Flux_History Unc_Flux_History
[from data line 38]
J0030.2-1647 7.5643 -16.7975 0.237 PowerLaw 3909.7446 2.0350397e-14 1.7863624 2.5148503e-14 1.6412055 0.13414232 HSP 34.829605 0.67299277 0.22181468 2.877504e-10 3.608414e-11 [2.777524654717922e-09,2.5333410924588406e-09,4.379736129322964e-09,1.1082454953736942e-09,2.977021407168934e-12,2.430897102468038e-15,2.7596320784084583e-09,1.8200401186163617e-09,9.421813329524298e-10,1.0713576692467086e-09] [[-7.009185454265321e-10,7.983555483370708e-10],[-8.218261626780077e-10,9.398889444511838e-10],[-8.631869663489056e-10,9.806138123735764e-10],[-5.644393841208739e-10,6.918620676366061e-10],[NaN,7.611634655901867e-10],[NaN,5.353283372144801e-10],[-7.832364756765742e-10,9.106937981506746e-10],[-6.826778031765457e-10,7.984423677775965e-10],[-4.917134477366858e-10,6.426972287698618e-10],[-7.331560358814215e-10,8.428163722484783e-10]]
J0030.3-4224 7.5958 -42.4127 0.495 PowerLaw 624.17755 5.1575653e-12 2.5236237 5.447099e-12 2.5033674 0.05095111 LSP 78.608376 0.29834393 0.07893712 1.029897e-09 5.230638e-11 [2.426358669538331e-08,3.944854398696407e-08,4.2311580017440065e-08,5.116719847819695e-08,2.0641188314129977e-08,1.8913679511456394e-08,3.7616992187849974e-08,4.084382609903514e-08,3.0291843700069876e-08,2.7977806738022082e-08] [[-3.2284677153882058e-09,3.316202867864604e-09],[-3.3144622602065965e-09,3.3144622602065965e-09],[-3.5675795651002318e-09,3.5675795651002318e-09],[-3.7904612781858305e-09,3.7904612781858305e-09],[-3.207594412302228e-09,3.3675298105606544e-09],[-3.2288536289115655e-09,3.3830407364376924e-09],[-3.763587663740964e-09,3.840836981794382e-09],[-3.552207195056667e-09,3.552207195056667e-09],[-3.349129196195122e-09,3.4830827111420604e-09],[-3.160231853982509e-09,3.2423839169126722e-09]]
J0030.6-0212 7.6558 -2.2014 1.804 LogParabola 600.3621 7.140441e-12 2.403325 8.085248e-12 2.2993689 0.12841904 LSP 725.41956 0.9593103 0.22871825 1.5311797e-09 7.2744116e-11 [1.0276065554037928e-09,5.933057600771008e-09,1.272144967146005e-08,4.487614546633267e-08,4.0288885116979145e-08,5.5874632920449585e-08,1.1078215322868346e-07,2.575631974366388e-08,1.0132651162564343e-08,2.9619164010341592e-08] [[NaN,1.6139257708047694e-09],[-2.1212236411827234e-09,2.3194537401849402e-09],[-2.3874942023383028e-09,2.5668072112239315e-09],[-3.725532771170492e-09,3.725532771170492e-09],[-3.6070648690156304e-09,3.6070648690156304e-09],[-4.436748302083515e-09,4.436748302083515e-09],[-5.225843757727944e-09,5.225843757727944e-09],[-3.0106619419711933e-09,3.110369961589754e-09],[-2.6240098982555082e-09,2.797502896001447e-09],[-3.353408883910447e-09,3.812748339271366e-09]]
J0032.4-2849 8.1076 -28.8224 0.323888 PowerLaw 1026.1088 2.1115028e-13 2.3642774 2.378288e-13 2.3034341 0.09098506 LSP 14.111947 0.44307202 0.25579643 1.64243e-10 2.8767247e-11 [3.0024338570910913e-09,4.433603262299357e-09,9.416812218887571e-09,3.6679146386831007e-09,8.744457380416293e-10,5.587271534324145e-09,2.0937733768988664e-09,2.735481841042997e-09,3.310939300504856e-09,9.593724703549356e-10] [[-1.398538174157693e-09,1.6300644167799305e-09],[-1.6378114420234624e-09,1.8197998663538328e-09],[-2.2236883445714284e-09,2.199867177310466e-09],[-2.0231689656924345e-09,2.0930064348334554e-09],[NaN,1.8520541766875454e-09],[-2.0724335580979414e-09,2.307512403376677e-09],[-1.6519251522240097e-09,1.916811154245579e-09],[-1.6803894942185593e-09,1.869436827561799e-09],[-1.926396153706378e-09,1.9823618302439172e-09],[NaN,1.8854284800084997e-09]]
J0033.3-2040 8.3457 -20.6674 0.073 PowerLaw 5567.3237 2.5798832e-15 1.805528 3.136443e-15 1.7402605 0.08482744 "" 4.636436 0.0 10.0 6.935674e-11 2.4110516e-11 [5.297398630865757e-10,5.747736731009923e-10,6.752491898964763e-10,2.846214678330593e-14,3.5978120482837994e-10,4.623057769936878e-10,2.492772932516374e-10,8.955150510026044e-11,3.6660374735930645e-10,8.474445589712332e-10] [[-3.495924105756387e-10,4.978771284136485e-10],[-4.683405885330671e-10,6.462866908307774e-10],[-5.577278083812587e-10,6.990541479012791e-10],[NaN,4.060669023253638e-10],[NaN,7.421013803465826e-10],[-3.5705022272125575e-10,5.548961845569522e-10],[NaN,6.615520353747684e-10],[NaN,7.298346926809529e-10],[NaN,6.836436972079696e-10],[-4.6243073259510936e-10,6.030026478143213e-10]]
J0035.8-0837 8.9577 -8.6324 0.032 PowerLaw 2421.6023 2.0353248e-14 2.1029685 2.7948592e-14 1.9748406 0.25829485 LSP 17.346119 0.51566803 0.38487366 1.1781769e-10 3.0520038e-11 [2.4974537993216472e-09,5.383071211007007e-10,3.1328581950873513e-09,7.660879038345197e-14,3.8638225952070115e-09,3.632975698053542e-09,7.366618981485828e-10,4.090570452351151e-14,2.975883706124449e-10,2.042529700929663e-09] [[-1.2188603459861724e-09,1.4000141046466297e-09],[-4.1649975135449324e-10,7.506789079236853e-10],[-1.4713036344815578e-09,1.7904479010510954e-09],[NaN,9.299215286695528e-10],[-1.4877570286842001e-09,1.7476626812396034e-09],[-1.5660764907110547e-09,1.9540096207748547e-09],[NaN,1.5507422013172345e-09],[NaN,1.2129841575614364e-09],[NaN,1.073679922747317e-09],[-1.1726531967681808e-09,1.4886274435355062e-09]]
J0035.9+5950 8.9823 59.8334 0.465 LogParabola 3201.1477 3.3162535e-13 1.7616578 3.538082e-13 1.6615051 0.05187776 HSP 197.97029 0.4717918 0.116199195 3.3259826e-09 1.0793692e-10 [9.893605934507832e-09,6.272017127884055e-09,1.0322081855917986e-08,1.0012217721566685e-08,1.3126193465495817e-08,2.1781383807706334e-08,2.3127837422975972e-08,1.6401264346654898e-08,6.447482103766333e-09,7.93027421508441e-09] [[-1.1985469283715133e-09,1.2692965567495662e-09],[-8.902771297947254e-10,9.526525124314844e-10],[-1.1191095827811637e-09,1.1634631036372411e-09],[-1.1148912903991004e-09,1.172400732052381e-09],[-1.1787414377906202e-09,1.1787414377906202e-09],[-1.54940071883658e-09,1.54940071883658e-09],[-1.6281808123963515e-09,1.6281808123963515e-09],[-1.310798469766894e-09,1.310798469766894e-09],[-9.418680280148806e-10,1.0109524328782982e-09],[-1.0631483471357228e-09,1.130677440563943e-09]]
J0036.9+1832 9.234 18.5424 1.595 PowerLaw 944.586 4.389138e-13 2.3852646 5.0945245e-13 2.320947 0.11250243 "" 106.27972 1.3629011 0.34941682 2.7618743e-10 3.9475298e-11 [4.239548268003546e-09,8.913593418924393e-09,7.380420059821535e-12,2.6637613886239405e-16,3.089382261123319e-08,5.420851767468093e-09,1.9257038186282216e-09,3.5834315514904347e-09,4.898027317068454e-09,3.562466543982623e-09] [[-2.021082856629164e-09,2.224648687487729e-09],[-2.708558932695837e-09,2.8550912745117785e-09],[NaN,2.298955470436681e-09],[NaN,1.5996083346792034e-09],[-3.2692057949645914e-09,3.3380231911905867e-09],[-2.9854536620632643e-09,3.1478564199716175e-09],[-1.7317954847939632e-09,2.224583628418486e-09],[-2.189779024774907e-09,2.5134150316574733e-09],[-2.47229925420811e-09,2.6801010299948302e-09],[-2.125637665884028e-09,2.5317423713033804e-09]]
J0037.6+3653 9.4045 36.8964 0.366 PowerLaw 1428.5671 1.0619392e-13 2.3518124 1.2081414e-13 2.2677414 0.10734372 LSP 12.59657 0.23196587 0.34301937 1.8145271e-10 3.3880877e-11 [3.182362817710782e-09,2.278711507680553e-12,7.777210875303808e-09,1.792574533254765e-09,4.909635809013935e-09,5.056086660459869e-09,6.3515210868558825e-09,5.953644688361237e-09,5.026392635443244e-09,1.7205424862609675e-09] [[-1.6172438943584666e-09,1.918307068748959e-09],[NaN,1.915561265164456e-09],[-2.3624937561805837e-09,2.535215370969013e-09],[-1.3486600725087783e-09,1.6881308573246656e-09],[-2.25605578663135e-09,2.4860262737291805e-09],[-2.7510540512309944e-09,2.9698954406853773e-09],[-2.51403209361456e-09,2.7441289240925926e-09],[-2.2194639459627297e-09,2.4224660055693903e-09],[-2.1928292515127623e-09,2.5129762715181414e-09],[NaN,2.241170138361781e-09]]
J0037.8+1239 9.4695 12.6527 0.089 PowerLaw 1310.302 4.890718e-13 2.2157862 4.8567964e-13 2.2195632 -0.004597567 HSP 61.536144 0.5309858 0.14607924 7.296093e-10 5.4979046e-11 [1.661913096029366e-08,2.0314914195296296e-08,2.0545609658029207e-08,5.720104390150027e-09,5.2186766019701736e-09,4.895401417570611e-09,1.5120271257273998e-08,4.696798949765935e-09,7.571858695598621e-09,1.788477987929582e-08] [[-2.292211753740503e-09,2.4101771689544194e-09],[-2.7781750233657476e-09,2.911983765230275e-09],[-2.904552154348039e-09,3.017312177888698e-09],[-2.1213810708076153e-09,2.359465733903221e-09],[-2.1400006211536038e-09,2.385909025903743e-09],[-2.0702617398171697e-09,2.3999975340416313e-09],[-2.8883553326863876e-09,3.0844071741142898e-09],[-2.0111383669529914e-09,2.249205932614018e-09],[-2.298638612785453e-09,2.503899754202621e-09],[-2.862112769008718e-09,3.027761819041075e-09]]
J0037.9+2612 9.4823 26.201 0.14767 PowerLaw 890.96436 3.017508e-13 2.482798 3.5468736e-13 2.3656743 0.14940092 "" 5.426872 0.0 10.0 1.5267976e-10 3.1643854e-11 [4.825506216832309e-09,4.242671991505631e-09,7.971773796633386e-10,6.558190435157485e-09,3.5052343250185913e-09,5.9391775941719516e-09,1.1199124960725726e-09,5.391198154569565e-09,6.860633394722981e-09,4.624536753539132e-09] [[-2.234846974147331e-09,2.4311699320378466e-09],[-2.2569848212583565e-09,2.475791571754371e-09],[NaN,2.523282249811132e-09],[-2.533814491556541e-09,2.7533115787292672e-09],[-2.4392798891881284e-09,2.679265920235707e-09],[-2.9180506899706415e-09,3.1379778775431078e-09],[NaN,2.814414257201747e-09],[-2.4559547728841835e-09,2.6964106503157836e-09],[-2.559495948517565e-09,2.743543836558615e-09],[-2.5686968108118435e-09,2.725873748943286e-09]]
J0038.1+0012 9.5394 0.2118 0.7395 PowerLaw 2171.4019 9.0625797e-14 2.0260842 9.385085e-14 2.0066633 0.021510921 LSP 8.304558 0.0 10.0 4.2125659e-10 4.220297e-11 [4.6736614578435365e-09,5.960555604644924e-09,3.150063765389177e-09,3.714607510474366e-09,3.8107854649638284e-09,4.440818823781001e-09,3.384244440240991e-09,3.168398432507047e-09,4.935153619101129e-09,7.675712510035737e-09] [[-1.2158972717557504e-09,1.3512727603526287e-09],[-1.4439172080216167e-09,1.6055662355185518e-09],[-1.1921131859438105e-09,1.3723561176348653e-09],[-1.2721108610946885e-09,1.45832423914527e-09],[-1.3099730189480852e-09,1.4826840866177804e-09],[-1.330429433288316e-09,1.5423805566072701e-09],[-1.4154371008601174e-09,1.6295216287431913e-09],[-1.2448281294652475e-09,1.4502112843928217e-09],[-1.4746535104137592e-09,1.6469877683888967e-09],[-1.6170925709602102e-09,1.78260017857923e-09]]
J0038.2-2459 9.5652 -24.9899 1.196 LogParabola 703.05475 3.8869e-12 2.2622263 4.2389703e-12 2.1645997 0.089085646 LSP 1644.3141 1.7992061 0.42553493 1.4487882e-09 6.7030714e-11 [1.1537592214949655e-08,8.047643440534102e-09,8.300489184875914e-09,3.5383149743495323e-09,5.669521384484011e-13,7.929084056002011e-10,2.839670230729563e-13,1.7403745111721491e-09,5.874509767522795e-08,1.14506164550221e-07] [[-1.772291868817888e-09,1.9302393017284203e-09],[-1.7396276641434838e-09,1.8403727430893468e-09],[-1.8075831942354625e-09,1.896921952848629e-09],[-1.4570366024813097e-09,1.5681166365411059e-09],[NaN,1.009402672558224e-09],[NaN,1.3917919039485582e-09],[NaN,1.0762147839571412e-09],[-1.211702960191019e-09,1.4184419194762654e-09],[-3.3523885889508165e-09,3.3523885889508165e-09],[-4.153289268060689e-09,4.153289268060689e-09]]
J0038.7-0204 9.6899 -2.0722 0.22043 PowerLaw 383.4067 5.146112e-12 2.8872464 6.2177576e-12 2.7456284 0.22360884 "" 17.618511 0.33379373 0.1547133 1.7130869e-10 3.1827305e-11 [1.153103124096333e-08,1.0502788860833334e-08,6.082672143747914e-09,1.7443605671019213e-08,1.765141988130381e-08,4.885596815995541e-09,5.554891657766348e-09,1.7511162297978444e-08,1.7387288053782868e-08,2.172906299335864e-08] [[-3.3770777285724307e-09,3.571444029404347e-09],[-3.92756493994284e-09,4.0845917759213535e-09],[-3.638032097796895e-09,3.831308603707839e-09],[-4.210957360584189e-09,4.378518880798765e-09],[-4.353143623347933e-09,4.464472347365245e-09],[-4.1136534179031514e-09,4.483465598781322e-09],[-4.187334035066215e-09,4.668753383896274e-09],[-4.339505199624227e-09,4.5506389767524524e-09],[-4.4254422348899425e-09,4.402725295449272e-09],[-4.653033514046001e-09,4.67578420426662e-09]]
J0039.0-0946 9.7556 -9.7828 2.1015 PowerLaw 506.60794 2.4550277e-12 2.690274 2.7268624e-12 2.6325483 0.09802725 LSP 17.683334 0.31074598 0.15001969 2.3314642e-10 3.5128928e-11 [1.1198499016984442e-08,7.198547091746832e-09,1.9103445936252683e-08,7.775244448282592e-09,1.7319448986086172e-08,1.180064845840434e-08,6.138977770575593e-09,1.329681698081231e-08,3.6959526550361943e-09,1.268664817644094e-08] [[-3.072481602472976e-09,3.174780660586407e-09],[-2.8547477715079594e-09,3.1777414033484774e-09],[-3.763652056676392e-09,3.658136904505227e-09],[-3.2233056224129086e-09,3.381984470252064e-09],[-3.5605720594134027e-09,3.7121912210835717e-09],[-3.808171555874651e-09,3.889041977345187e-09],[-3.5653560104265125e-09,3.863282138638624e-09],[-3.5339400294986945e-09,3.782775870320165e-09],[-2.8858204714765634e-09,3.225920419680506e-09],[-3.489123434619046e-09,3.77366893289377e-09]]
J0039.1-2219 9.7782 -22.3276 0.0615 PowerLaw 4570.5376 1.2795187e-14 1.7586851 1.2924735e-14 1.7529684 0.004720546 "" 7.2018538 0.0 10.0 2.367582e-10 3.356363e-11 [1.011861927580071e-09,1.5202586967077991e-09,7.435450033455027e-10,7.674820778902358e-10,1.4120842273257495e-09,1.7744197222668845e-09,3.234163215015684e-10,1.976601549102952e-09,1.3158160117043849e-09,1.8026454773334422e-09] [[-4.7296011551623e-10,6.0597593609657e-10],[-6.208654701467253e-10,7.597080742272055e-10],[-4.1242956272391496e-10,5.573320138729798e-10],[-4.536842845848099e-10,6.021541598677516e-10],[-6.37121855273648e-10,7.802067880646746e-10],[-6.787024275922704e-10,8.284091190802201e-10],[NaN,5.661225377373569e-10],[-6.165042920613928e-10,7.341870444932397e-10],[-5.890332666069753e-10,7.188931672175158e-10],[-6.066037672169955e-10,7.195830598050179e-10]]
J0040.4-2340 10.1012 -23.6704 0.213 PowerLaw 1340.8136 1.2432316e-13 2.3491604 1.3185239e-13 2.3079824 0.05191687 ISP 18.178686 0.5130673 0.23158719 1.8321836e-10 3.0230738e-11 [6.116159578795077e-09,1.9213941548912317e-09,1.0065809519232971e-08,4.108785756073985e-09,4.56735049780832e-09,4.435846221589879e-12,2.945212518312701e-09,4.346083937178946e-09,5.16131581917989e-09,1.0013948559262076e-09] [[-1.948704531073986e-09,2.1823860496539282e-09],[NaN,2.134150633992249e-09],[-2.1876729316971932e-09,2.340057481120539e-09],[-1.5732257718781284e-09,1.885205103135945e-09],[-1.7398152918346454e-09,1.9878958479324638e-09],[NaN,2.0569810299519986e-09],[-1.630380164208134e-09,1.844144281726301e-09],[-1.61887792060611e-09,1.877747068945723e-09],[-2.4592152758629027e-09,2.56879584270564e-09],[NaN,2.0146575518964482e-09]]
J0041.4+3800 10.3697 38.0097 0.38 PowerLaw 4417.6294 8.012742e-15 1.9358172 7.1096015e-15 1.9866525 -0.057919636 HSP 12.342612 0.4963681 0.39423257 1.498826e-10 3.349429e-11 [7.457064965521454e-10,1.258446458152207e-09,2.0908088593785124e-09,8.816357643937067e-10,3.952787749894604e-11,2.242461105694815e-09,5.034693582178784e-12,3.629664790949505e-09,7.672190660557021e-10,6.586238776584707e-10] [[-5.351288856481062e-10,7.676675961576507e-10],[-8.647355054236527e-10,9.863702077339553e-10],[-8.890455593935087e-10,1.0627123625539525e-09],[-4.779376339136832e-10,6.888832282392343e-10],[NaN,9.306333481617912e-10],[-9.822463953312877e-10,1.2083881673063956e-09],[NaN,1.2248082548182992e-09],[-1.1632335095157487e-09,1.2893385248347045e-09],[-7.303776472511458e-10,9.007991019771566e-10],[-4.4901724005619315e-10,7.331982243563573e-10]]
