4LAC_catalog_generator_v2/resulting_catalogs/agn_pop_4lac_dr2.ecsv
# %ECSV 1.0
# ---
# datatype:
# - {name: Source_Name, datatype: string}
# - {name: RAJ2000, datatype: float32}
# - {name: DEJ2000, datatype: float32}
# - {name: Redshift, datatype: float64}
# - {name: SpectrumType, datatype: string}
# - {name: Pivot_Energy, datatype: float32}
# - {name: PL_Flux_Density, datatype: float32}
# - {name: PL_Index, datatype: float32}
# - {name: LP_Flux_Density, datatype: float32}
# - {name: LP_Index, datatype: float32}
# - {name: LP_beta, datatype: float32}
# - {name: SED_class, datatype: string}
# - {name: Variability_Index, datatype: float32}
# - {name: Frac_Variability, datatype: float32}
# - {name: Unc_Frac_Variability, datatype: float32}
# - {name: Flux1000, datatype: float32}
# - {name: Unc_Flux1000, datatype: float32}
# - {name: Flux_History, datatype: string, subtype: 'float32[10]'}
# - {name: Unc_Flux_History, datatype: string, subtype: 'float32[10,2]'}
# schema: astropy-2.0
Source_Name RAJ2000 DEJ2000 Redshift SpectrumType Pivot_Energy PL_Flux_Density PL_Index LP_Flux_Density LP_Index LP_beta SED_class Variability_Index Frac_Variability Unc_Frac_Variability Flux1000 Unc_Flux1000 Flux_History Unc_Flux_History
[from data line 3021]
J2023.8-4828 305.9727 -48.4726 -inf PowerLaw 2480.3801 2.0558296e-14 2.1099908 2.2587436e-14 1.9989408 0.06948771 ISP 7.258596 0.0 10.0 1.2518986e-10 3.077791e-11 [2.2440267422041416e-09,7.736471463459793e-10,1.8561712167297628e-09,1.1483546860820149e-13,5.175501693877038e-10,2.95299007468941e-09,3.846385876471459e-09,1.8225990716658202e-09,1.7182484324251845e-09,4.359095306938343e-10] [[-1.4456723596012466e-09,1.6625343324250252e-09],[NaN,1.2981391517286056e-09],[-1.2166090357368375e-09,1.4194911912568386e-09],[NaN,1.3424581446486172e-09],[NaN,1.3952718980192458e-09],[-1.1906019503626908e-09,1.3995781200648594e-09],[-1.660408255332868e-09,1.834150942237045e-09],[-1.388387849132755e-09,1.5618496496117018e-09],[-1.1672172117727087e-09,1.340536792682201e-09],[NaN,1.546321737322387e-09]]
J2024.4-0847 306.1147 -8.7973 -inf PowerLaw 3005.0403 6.286181e-14 2.0086782 6.754984e-14 1.9456744 0.05262584 ISP 12.141608 0.16294456 0.1693271 5.6281857e-10 5.4377055e-11 [2.898033146792045e-09,3.1333702299463084e-09,8.16511569468048e-09,5.538579816999345e-09,8.454624556009094e-09,6.194251334079581e-09,7.744112018315263e-09,6.1603349088557025e-09,4.399586917003262e-09,8.153228314711214e-09] [[-1.3242533736246287e-09,1.61858126901393e-09],[-1.389418580188817e-09,1.6625711918294428e-09],[-1.9167687437260383e-09,2.11071915501293e-09],[-1.8352638297969293e-09,2.082146899340387e-09],[-1.8897559073138837e-09,2.1176305153858266e-09],[-1.5926034935276334e-09,1.7830544818409066e-09],[-1.69653713300022e-09,1.8514669797298211e-09],[-1.7973230681533892e-09,2.0397579181263836e-09],[-1.450162878668948e-09,1.6783049394675231e-09],[-2.2531279064708087e-09,2.5288566796177747e-09]]
J2024.6-3252 306.1581 -32.874 1.465 LogParabola 597.3164 4.1100504e-12 2.4765327 4.769432e-12 2.3523045 0.14912379 LSP 83.90809 0.5307897 0.13941923 8.1692475e-10 6.0792524e-11 [1.2428179596568611e-09,1.3315911928657442e-08,1.5157278099309224e-08,2.1670508942861488e-08,3.026640982284334e-08,3.222735145413935e-08,1.0369463510073729e-08,2.697579226662583e-08,1.1836021052147316e-08,1.3079427318984926e-08] [[NaN,2.7323530105149985e-09],[-3.0055202770995493e-09,3.1520595022982434e-09],[-3.0113638249673613e-09,3.1495068775200252e-09],[-3.2292066798333963e-09,3.373767931691418e-09],[-3.583691121633592e-09,3.707982143552613e-09],[-3.2562157414872672e-09,3.3538161137158795e-09],[-2.71408873153689e-09,2.9122426692396175e-09],[-3.302199402810402e-09,3.4132514592499774e-09],[-2.8566189413936627e-09,2.957379674484173e-09],[-3.0299196485117363e-09,3.2652311965364333e-09]]
J2024.7-2328 306.1831 -23.4779 -inf PowerLaw 2589.1045 3.2774236e-14 2.0761364 4.294004e-14 1.9499949 0.2083747 "" 15.302791 0.58385986 0.32405087 2.1799247e-10 3.7565374e-11 [1.185595732700051e-09,4.772517492313e-09,2.6932331920193064e-09,3.0962501451625712e-09,5.439169115106779e-09,1.258889104072125e-10,5.016916881928069e-10,7.522118483649365e-10,3.0332396594445754e-09,3.788830360562656e-11] [[-8.037678855821184e-10,1.1174119407542094e-09],[-1.6617048848033278e-09,1.8725745398739946e-09],[-1.290752726923472e-09,1.4559712324668794e-09],[-1.2927627857095558e-09,1.5421838250873066e-09],[-1.7788847062050195e-09,1.968065266311214e-09],[NaN,1.179752184832239e-09],[NaN,1.5346588444486997e-09],[NaN,1.5462160440904427e-09],[-1.539469773881308e-09,1.7581158751056591e-09],[NaN,1.6132076785524418e-09]]
J2024.8-6459 306.201 -64.9913 -inf PowerLaw 1137.834 2.3219564e-13 2.4097335 2.4563107e-13 2.3945472 0.037865553 LSP 55.880512 1.0269154 0.28308687 2.2456871e-10 3.186873e-11 [2.5368300793360277e-09,2.960835354670621e-09,1.124636606064655e-09,2.484488170750865e-09,5.22940846181541e-09,1.2996805853759952e-09,8.053577360556119e-09,2.0908029085831004e-08,8.339660517719949e-09,1.5097879613179543e-09] [[NaN,2.6377069417549137e-09],[-2.139819876845195e-09,2.2911814667736508e-09],[-9.106657650193029e-10,1.462284404674108e-09],[-1.7273826813379856e-09,2.0327031169387055e-09],[-2.208608185227945e-09,2.39592856665638e-09],[NaN,2.2267472310488756e-09],[-2.6159971966421836e-09,2.7832927074200597e-09],[-2.85028844970725e-09,2.9677347246348518e-09],[-2.3071846655398076e-09,2.5300246342396804e-09],[-1.4308829676679125e-09,1.8814929614308085e-09]]
J2025.2+0317 306.3085 3.2893 2.21 PowerLaw 1558.3556 4.3829588e-13 2.17633 4.8990976e-13 2.1257455 0.07635172 LSP 106.47217 0.67696613 0.17261356 9.743617e-10 6.1798684e-11 [1.1969311763948554e-08,3.841865492404395e-09,7.2085621916073706e-09,6.067687685629153e-09,1.0531419292192368e-08,1.445651864884212e-08,1.4906939682646225e-08,1.393387361048326e-08,3.922799862721149e-08,2.1395548444047563e-08] [[-2.4219228844657437e-09,2.569559676146582e-09],[-1.8511058241799105e-09,2.1757358137364236e-09],[-2.172761304208848e-09,2.392007703022614e-09],[-2.363947482209028e-09,2.6699948918462724e-09],[-2.6929403151854103e-09,2.9321840511187247e-09],[-2.444896729514312e-09,2.6038120548577126e-09],[-2.448314218028713e-09,2.601637349997077e-09],[-2.7412421221839622e-09,2.9591396000228087e-09],[-3.5275800058798268e-09,3.5275800058798268e-09],[-3.236114043403404e-09,3.4648133251380386e-09]]
J2025.3-2231 306.3278 -22.5213 -inf PowerLaw 3966.2432 1.7125095e-14 1.9119576 1.9373529e-14 1.8694838 0.06952065 LSP 4.993588 0.0 10.0 2.57772e-10 3.9947864e-11 [2.538114163286309e-09,2.1170880604159947e-09,1.1745429073783953e-09,1.297295271207588e-09,1.7108926497755306e-09,2.0721333537920827e-09,2.5931439218140895e-09,3.918262603264111e-09,2.4755468785997436e-09,2.7685045367320527e-09] [[-1.033798713301337e-09,1.199923937988956e-09],[-1.0885746748456882e-09,1.321223908057334e-09],[-6.67937261056295e-10,9.100229458880449e-10],[-7.362262466337199e-10,9.425087377223917e-10],[-8.585102628799746e-10,1.098035329327729e-09],[-8.144922514219388e-10,9.699396841256203e-10],[-9.342833173775489e-10,1.0874738887167723e-09],[-1.2383530867410286e-09,1.4127943259722997e-09],[-9.847065385315545e-10,1.1688197076864526e-09],[-1.304963581638674e-09,1.4962300287635344e-09]]
J2025.3+3341 306.3412 33.6891 0.219 LogParabola 1251.3992 1.687497e-12 2.6313484 2.1533279e-12 2.727877 0.17841819 LSP 116.012665 0.6032699 0.15394618 2.1538809e-09 1.5282325e-10 [1.581186666044232e-07,8.973605503115323e-08,4.0333020479010884e-08,7.159320603022934e-08,4.53077895201659e-08,5.0478767832373705e-08,2.1155061702415878e-08,3.6908815559399955e-08,4.542163267728938e-08,5.93314517516319e-08] [[-1.1739992089587759e-08,1.1739992089587759e-08],[-1.1019337442519372e-08,1.1300210545073242e-08],[-1.0254943560994434e-08,1.0451720378057416e-08],[-1.083941203461336e-08,1.086562750884923e-08],[-1.0382803949937625e-08,1.0832425623164e-08],[-1.0453076626504298e-08,1.0941734629454913e-08],[-9.559613545206957e-09,9.771352615928208e-09],[-1.0212239942575252e-08,1.0018280427459558e-08],[-1.0196004041063134e-08,1.048751663290659e-08],[-1.093537882468354e-08,1.1024241963752957e-08]]
J2025.6-0735 306.422 -7.5945 1.388 LogParabola 580.45544 3.804297e-11 2.2898736 4.1836062e-11 2.1893413 0.09385734 LSP 3397.255 0.7866691 0.18584028 8.743447e-09 1.5341649e-10 [2.3427959661148634e-07,1.2582542296968313e-07,6.782917694181378e-08,6.521730000486059e-08,7.046367045404622e-08,1.0003408590364415e-07,4.1623636093390814e-08,4.028938747069333e-07,9.809190970599957e-08,2.43296085500333e-07] [[-6.058584300916436e-09,6.058584300916436e-09],[-5.354424459369511e-09,5.354424459369511e-09],[-4.367420647355402e-09,4.367420647355402e-09],[-4.512286544411381e-09,4.512286544411381e-09],[-4.630656746940076e-09,4.630656746940076e-09],[-4.3829104789949724e-09,4.3829104789949724e-09],[-3.3972151758376867e-09,3.3972151758376867e-09],[-7.973500970592795e-09,7.973500970592795e-09],[-4.694575395092215e-09,4.694575395092215e-09],[-7.2345645030225114e-09,7.2345645030225114e-09]]
J2026.0-2845 306.5048 -28.7546 0.884 PowerLaw 713.8023 6.5236076e-13 2.578417 7.8003223e-13 2.4240444 0.16884694 LSP 22.814056 0.47085872 0.23776013 1.7322924e-10 3.7513288e-11 [1.1535654209637869e-08,9.009924362146648e-09,7.436305793362408e-09,1.0852306608910567e-08,8.198830503403087e-10,4.337012526889339e-09,7.771575383230811e-09,1.3932153208884301e-08,6.742306365992157e-13,2.7590951745537495e-09] [[-3.546202886894889e-09,3.729752062753278e-09],[-3.621942745724027e-09,3.829851547010321e-09],[-3.4401719251064833e-09,3.6459681940215205e-09],[-3.730762809794896e-09,3.927219882626787e-09],[NaN,3.747291366096306e-09],[-3.221287458998745e-09,3.4099632006956426e-09],[-3.462102604601114e-09,3.686884797460266e-09],[-3.54880658193224e-09,3.7179146428201193e-09],[NaN,1.8752139840927384e-09],[NaN,3.669492709690303e-09]]
J2026.1+7645 306.5382 76.7589 -999.0 PowerLaw 10617.214 1.7489645e-15 1.661071 2.3846015e-15 1.5378773 0.17454214 ISP 9.5683565 0.0 10.0 1.2754114e-10 2.9889185e-11 [3.749044130696433e-10,4.765762784408878e-10,3.5546571242051073e-10,6.957842080268506e-10,2.4571120138539015e-10,1.3116056019057964e-09,1.4487133714879974e-09,1.096250645815644e-09,4.541780007638607e-10,5.173736994379396e-10] [[NaN,5.522834967131018e-10],[-3.1591282367848805e-10,4.413771848010839e-10],[-2.204452176357563e-10,3.338977150324496e-10],[-4.664590380620837e-10,5.578245643178548e-10],[-1.9074053447809547e-10,2.951773270254421e-10],[-4.705144607264344e-10,5.712088024800721e-10],[-5.084253018594609e-10,6.101734117969215e-10],[-4.54243115344255e-10,5.404960923272029e-10],[-3.2699928875778994e-10,4.733467506845557e-10],[-3.887434540938983e-10,5.045470152786891e-10]]
J2026.6+3449 306.6528 34.8291 -inf PowerLaw 3736.9524 4.1668603e-14 2.2231455 4.4003467e-14 2.2017894 0.039015107 "" 6.203813 0.0 10.0 6.3632777e-10 1.0645031e-10 [2.1052125376286313e-08,3.949033544614622e-09,9.65385282825082e-09,1.172713215424892e-08,1.054678655521002e-08,9.040894255463172e-09,9.585104265852351e-09,1.371292235319288e-08,7.322765949169252e-09,7.494643128325151e-09] [[-5.635429900507916e-09,6.60292842624699e-09],[NaN,5.491639587518193e-09],[-4.61302240850614e-09,5.125565305519331e-09],[-5.070552422381525e-09,5.7999893776639055e-09],[-4.5427306361034425e-09,5.3171973490862e-09],[-4.589582047742624e-09,5.195754049225343e-09],[-5.722585960654669e-09,6.142351072213614e-09],[-4.827529931361596e-09,5.851147566460213e-09],[-4.26462198888089e-09,5.300460514945371e-09],[-5.1784638799290406e-09,5.785774970235025e-09]]
J2029.1-1839 307.2822 -18.6623 -inf PowerLaw 1608.4868 9.298507e-14 2.282076 1.2757491e-13 2.1061435 0.3008218 "" 7.112113 0.0 10.0 2.1404357e-10 3.7331933e-11 [4.295202415960375e-09,1.9647019566804147e-09,7.521616218753024e-09,5.69053737464742e-09,3.672175674651612e-09,4.346789594933398e-09,4.623525562408304e-09,3.900619383045978e-09,1.6345826081565207e-10,6.176194222717868e-09] [[-2.0564785430110533e-09,2.3757595890572247e-09],[NaN,2.183446756731655e-09],[-2.5059092578771924e-09,2.8682292096959827e-09],[-2.334009208126986e-09,2.7335635977010497e-09],[-2.2671684529740332e-09,2.4083910421524024e-09],[-1.7593061452103598e-09,2.2746371453052916e-09],[-1.8441199678420617e-09,2.2326172022246737e-09],[-2.3489852285507595e-09,2.4067976500674604e-09],[NaN,2.4136235232674608e-09],[-2.3788024883231174e-09,2.7620363773905865e-09]]
J2029.5+4925 307.375 49.4221 -inf LogParabola 1019.0325 1.884384e-12 2.4641173 2.4481459e-12 2.2301373 0.3008465 LSP 146.56589 0.7607465 0.19032 1.6466284e-09 1.1085579e-10 [4.111466012091114e-08,3.939845072409298e-08,1.1821816414681052e-08,1.2047785880042738e-08,6.317327994054267e-09,9.60906731961586e-09,9.242207887893983e-09,1.5000180653146344e-08,6.2763287900224896e-09,1.3442765123272693e-08] [[-3.69602415339898e-09,3.69602415339898e-09],[-3.552485638991243e-09,3.552485638991243e-09],[-2.6771953542947813e-09,2.8278326347219718e-09],[-2.7441207084422103e-09,2.862053039009993e-09],[-2.604894966395932e-09,2.7474573727204188e-09],[-2.971208168389694e-09,3.1975504466430493e-09],[-2.805718990472883e-09,2.8983047073438684e-09],[-2.8245465966136862e-09,3.005452553495047e-09],[-2.6570134981085403e-09,2.8512112670853185e-09],[-3.0023916686161556e-09,3.176661600434727e-09]]
J2030.2-0620 307.5641 -6.3432 0.667 PowerLaw 1332.7598 2.0502931e-13 2.403819 1.915633e-13 2.4305546 -0.047349352 LSP 74.90731 1.2769206 0.33868042 2.9098007e-10 4.292726e-11 [3.323523500853298e-08,6.85311496440022e-09,1.1233066032900751e-08,7.022123327260488e-09,6.191259949162031e-09,4.163391853495568e-09,1.049914488682191e-09,2.658794295840039e-09,2.1901123276046874e-11,2.1642881714231677e-13] [[-4.1410856965740095e-09,4.300276579272122e-09],[-3.4935498938182263e-09,3.796612357831464e-09],[-3.164589035264953e-09,3.4723868225228216e-09],[-3.3923379660905084e-09,3.695479255938494e-09],[-2.8335025437087324e-09,3.251851232732861e-09],[-2.3156740969199063e-09,2.70973488092352e-09],[NaN,2.44032638541114e-09],[NaN,3.2850215880841915e-09],[NaN,3.1982749781889197e-09],[NaN,2.6528959029548105e-09]]
J2030.4-0502 307.624 -5.0491 0.543 PowerLaw 3559.525 1.1276337e-14 2.002924 1.2015898e-14 1.9381306 0.05305124 LSP 13.086541 0.3934575 0.45532927 1.4160187e-10 3.780676e-11 [4.875831294270938e-09,1.5841804534844073e-09,1.5983500079030932e-09,2.2825981105256687e-09,6.955847009493255e-10,8.172643672921254e-10,2.3088231326795494e-09,4.845124411245654e-18,3.4310523037072924e-14,2.540478272194946e-09] [[-1.4804362180598218e-09,1.6571131133957806e-09],[-9.49980760722724e-10,1.274429783926223e-09],[-1.1571597013926294e-09,1.3919256858230256e-09],[-1.4015272276068913e-09,1.7063943591466568e-09],[NaN,1.5267336284097155e-09],[-5.479908193883887e-10,8.834847298189175e-10],[-1.0506865377735153e-09,1.2581371500175464e-09],[NaN,1.2392709081154862e-09],[NaN,1.4303324080700008e-09],[-1.6408185921079621e-09,1.8877872598466183e-09]]
J2030.5-1439 307.6313 -14.6605 0.234 PowerLaw 4689.6567 1.0479029e-14 1.8650532 1.0966365e-14 1.8173004 0.02990552 "" 10.054999 0.015916537 5.286995 2.1227037e-10 3.83989e-11 [1.4959399274871998e-09,3.204470688800143e-09,2.108959895608109e-09,1.212400513317391e-09,1.2981533625833208e-09,2.609482852022893e-09,1.4364015532564167e-10,8.22225176833058e-10,2.167086288196174e-09,6.903460580964804e-10] [[-7.207601737668767e-10,9.07949992967616e-10],[-1.1780573183628462e-09,1.3547266641822375e-09],[-8.740576595833716e-10,1.0442237075025673e-09],[-9.528112743240058e-10,1.1653813469791885e-09],[-9.391156741145323e-10,1.1471070759938584e-09],[-7.716776662114455e-10,8.960062136686986e-10],[NaN,9.324326866178012e-10],[-4.903482619944555e-10,6.907286964619175e-10],[-8.338342794012021e-10,9.919154386750506e-10],[-4.659281294117079e-10,7.521080980232853e-10]]
J2030.8-6959 307.7045 -69.9927 -inf PowerLaw 1968.986 4.140336e-14 2.2001176 4.5428766e-14 2.1066914 0.074130215 "" 11.992239 0.43410024 0.30356956 1.5260243e-10 2.9453658e-11 [2.2348873862654273e-09,2.3882951172282674e-09,1.8034541637845791e-09,2.614641836373721e-09,2.730079273760566e-09,9.742800316514533e-11,1.5552710230792854e-09,1.0764590330225587e-09,3.762198108603343e-09,7.145790625884274e-09] [[-1.5198444724973115e-09,1.8470757146005212e-09],[-1.3514076524501206e-09,1.5508027084720766e-09],[-1.0114050708054378e-09,1.2486884859441716e-09],[-1.349238276660003e-09,1.540127025911886e-09],[-1.4563821260082932e-09,1.6620651521748186e-09],[NaN,1.8053241124249553e-09],[-1.3394667597310672e-09,1.6008157022184832e-09],[-7.185243511287354e-10,1.0236981262679024e-09],[-1.465176202586349e-09,1.6436638716754715e-09],[-1.8960510939081132e-09,2.010932753648831e-09]]
