4LAC_catalog_generator_v2/resulting_catalogs/agn_pop_4lac_dr2_with_z.ecsv
# %ECSV 1.0
# ---
# datatype:
# - {name: Source_Name, datatype: string}
# - {name: RAJ2000, datatype: float32}
# - {name: DEJ2000, datatype: float32}
# - {name: Redshift, datatype: float64}
# - {name: SpectrumType, datatype: string}
# - {name: Pivot_Energy, datatype: float32}
# - {name: PL_Flux_Density, datatype: float32}
# - {name: PL_Index, datatype: float32}
# - {name: LP_Flux_Density, datatype: float32}
# - {name: LP_Index, datatype: float32}
# - {name: LP_beta, datatype: float32}
# - {name: SED_class, datatype: string}
# - {name: Variability_Index, datatype: float32}
# - {name: Frac_Variability, datatype: float32}
# - {name: Unc_Frac_Variability, datatype: float32}
# - {name: Flux1000, datatype: float32}
# - {name: Unc_Flux1000, datatype: float32}
# - {name: Flux_History, datatype: string, subtype: 'float32[10]'}
# - {name: Unc_Flux_History, datatype: string, subtype: 'float32[10,2]'}
# schema: astropy-2.0
Source_Name RAJ2000 DEJ2000 Redshift SpectrumType Pivot_Energy PL_Flux_Density PL_Index LP_Flux_Density LP_Index LP_beta SED_class Variability_Index Frac_Variability Unc_Frac_Variability Flux1000 Unc_Flux1000 Flux_History Unc_Flux_History
[from data line 1277]
J1616.7+4107 244.1821 41.1234 0.267 PowerLaw 1571.2411 6.8145224e-14 2.2531188 8.3621905e-14 2.1653955 0.17202577 LSP 11.142068 0.23610887 0.4135054 1.5009585e-10 2.4989363e-11 [2.8422666442651234e-09,2.6453543799931367e-09,4.495011030059004e-09,3.4394331827058977e-09,3.1456584004274646e-09,7.947869792856999e-12,4.846470447184004e-12,1.7765013904380567e-09,1.4705978657048036e-09,3.673769510825764e-09] [[-1.1676971611862541e-09,1.3990224534410345e-09],[-1.4037354612028707e-09,1.4786580848635822e-09],[-1.4912088230900622e-09,1.6569688954248818e-09],[-1.4597175690411746e-09,1.6574707162320124e-09],[-1.3541915366843682e-09,1.5465265734704303e-09],[NaN,1.4037825346591148e-09],[NaN,1.4819622196071691e-09],[-1.2575699370742655e-09,1.4166257056302811e-09],[-8.951319685479575e-10,1.1667298238648982e-09],[-1.5892618332458142e-09,1.8011410141127726e-09]]
J1617.3-5849 244.3486 -58.8257 1.414 LogParabola 987.67523 1.4982851e-12 2.5351884 1.871664e-12 2.4530568 0.23619002 LSP 117.21063 0.7653972 0.19324905 1.0646136e-09 8.031533e-11 [3.2038055763905504e-08,7.704837656774544e-09,1.9950737950580333e-08,5.242212708367333e-08,1.5158628130507168e-08,1.1933964927379748e-08,1.155676798703098e-08,1.1246737763315195e-08,5.210065268101971e-09,1.2287087791662543e-08] [[-4.4228474216367886e-09,4.585945845292372e-09],[-3.162178074944677e-09,3.19181747698849e-09],[-3.5713156876227004e-09,3.728999331542582e-09],[-4.63200677813802e-09,4.63200677813802e-09],[-3.6471172748520075e-09,3.779186297236947e-09],[-3.290786754206465e-09,3.398472614435377e-09],[-3.4330478460020686e-09,3.5429121858499e-09],[-3.2240816683071216e-09,3.403842541160884e-09],[-3.066629616910177e-09,2.976368040918942e-09],[-3.241178880841744e-09,3.4062432874293336e-09]]
J1617.9-7718 244.4806 -77.304 1.71 LogParabola 593.51276 9.582534e-12 2.6073296 1.0842523e-11 2.5640397 0.11219454 LSP 361.5124 0.5612223 0.13548313 1.5351743e-09 6.709542e-11 [9.924963961793765e-08,4.492383354204321e-08,3.954566096808776e-08,2.3884341615598714e-08,4.055777225175916e-08,4.221457317044042e-08,2.6648585560451465e-08,9.872385930975724e-08,1.048113347223989e-07,3.8874524932452914e-08] [[-6.451404299667729e-09,6.451404299667729e-09],[-4.4517727282311625e-09,4.4517727282311625e-09],[-4.310161116904965e-09,4.394629549153706e-09],[-3.935404890853533e-09,4.0107974719205686e-09],[-4.384033136517473e-09,4.5053107911030565e-09],[-4.804175723904791e-09,4.937685371686484e-09],[-4.185921387289682e-09,4.345365400837409e-09],[-5.2553739138261335e-09,5.2553739138261335e-09],[-5.6016120630886235e-09,5.6016120630886235e-09],[-4.278479348585051e-09,4.38152536474945e-09]]
J1618.0+5139 244.5156 51.6653 2.55602 PowerLaw 563.0574 1.2240154e-12 2.6745148 1.4525975e-12 2.4405327 0.22180821 LSP 90.72893 1.0158037 0.2652001 1.5731581e-10 2.7300242e-11 [3.1050140236743573e-09,7.297072279754957e-09,1.2991675291118554e-08,2.8045452182823283e-08,1.1215643525019914e-08,7.480089436739945e-09,4.631294517131552e-15,2.3107926683252344e-09,5.640758971026116e-09,4.981346932164676e-12] [[-2.5890802834993565e-09,2.761943562745728e-09],[-2.632075890574015e-09,2.737362780891317e-09],[-2.7794395673907957e-09,2.8922675365805617e-09],[-3.13543879748579e-09,3.249161162344194e-09],[-2.7185089734871326e-09,2.8391355932910756e-09],[-2.743253846304583e-09,2.8888227365797547e-09],[NaN,1.9435759668340324e-09],[NaN,2.3079791411362294e-09],[-2.57272048109769e-09,2.700526247068069e-09],[NaN,1.9351940050427174e-09]]
J1619.0-8346 244.7745 -83.7811 0.066 PowerLaw 1686.4983 6.270248e-14 2.3173208 7.053407e-14 2.2471917 0.08769411 "" 8.5556755 0.0 10.0 1.5948495e-10 3.195173e-11 [5.624542165350022e-09,3.451122054798361e-09,4.115773499790976e-09,5.6094009645568654e-12,4.6782315799021035e-09,4.394697050713603e-09,4.720657198475919e-09,1.6264917190866868e-09,4.247040774618682e-10,4.148790644364908e-09] [[-2.5764590461108128e-09,2.8649680405834488e-09],[-1.906091950942823e-09,2.209671334796326e-09],[-2.3356900857862684e-09,2.507015484098929e-09],[NaN,1.966673046638334e-09],[-1.968273322106029e-09,2.277834143527002e-09],[-2.227086515205201e-09,2.5106574597089093e-09],[-2.030388301932362e-09,2.2988082548636157e-09],[-1.5046028867260475e-09,1.850781861101325e-09],[NaN,2.1396344696000824e-09],[-2.102773066781083e-09,2.2952670875042713e-09]]
J1623.4+0858 245.8669 8.9763 0.533 PowerLaw 3569.3743 1.21760436e-14 2.0419445 1.2145833e-14 2.0420833 -0.0010647043 HSP 14.161398 0.46885863 0.5177105 1.5578085e-10 3.6330897e-11 [1.7091431603333263e-09,2.097764184583184e-09,1.5986090489555904e-12,1.6076777062390413e-11,2.0968071571571267e-13,1.1619255557704378e-09,3.3045053360325483e-09,1.890812839633327e-09,4.927283914213376e-09,6.52779441612239e-10] [[-9.57140922075439e-10,1.2384716585600586e-09],[-1.4831670336334923e-09,1.763779566843482e-09],[NaN,1.5668313313454973e-09],[NaN,1.625650170034021e-09],[NaN,1.3839580592645007e-09],[-7.44610872960294e-10,1.0404774819505747e-09],[-1.0913983050642173e-09,1.2932337423166018e-09],[-1.1511450681567226e-09,1.4290358896218436e-09],[-1.6221878285094249e-09,1.724090870069972e-09],[NaN,1.7739655300275103e-09]]
J1623.6+5743 245.9186 57.729 0.789 PowerLaw 1989.9481 3.9840733e-14 2.1927683 4.0925766e-14 2.1735828 0.019422306 "" 3.188225 0.0 10.0 1.5044653e-10 2.5043601e-11 [1.7304517818672593e-09,1.7853583056393063e-09,2.7626945175995843e-09,3.454499575283876e-09,1.6881233078080982e-09,2.7048816519936736e-09,1.61073243631904e-09,1.1973239066875863e-09,2.4852380153816966e-09,1.2109678815264147e-09] [[-1.3397656317692963e-09,1.5714478607264937e-09],[-1.167479890540335e-09,1.3901093609547388e-09],[-1.1030854007998414e-09,1.264560012259608e-09],[-1.359711676585107e-09,1.485413236856914e-09],[-9.59864410177147e-10,1.1807244071349032e-09],[-1.1908867225685071e-09,1.4066738884821461e-09],[-8.970797438223599e-10,1.1126058963029095e-09],[-1.1320241410928134e-09,1.322059461905667e-09],[-1.4077574661541803e-09,1.554656403612853e-09],[-9.185182059390229e-10,1.1449925452211573e-09]]
J1625.7-2527 246.4453 -25.465 0.786 LogParabola 1109.8744 4.802967e-12 2.3646595 5.6306214e-12 2.2964852 0.1380272 LSP 1647.1934 1.2553803 0.2971047 4.9566005e-09 1.5431484e-10 [4.299608136193456e-08,1.58314875875476e-07,2.985300397995161e-07,9.48205993722695e-08,3.0975819242939906e-08,7.515053113138492e-08,2.1722472709484464e-08,7.40650385466779e-09,3.2372777791778162e-09,5.305603956173854e-09] [[-5.469646957578789e-09,5.579580353298752e-09],[-7.807190449682366e-09,7.807190449682366e-09],[-9.71424540807675e-09,9.71424540807675e-09],[-6.908567051766568e-09,6.908567051766568e-09],[-5.098787170254582e-09,5.325012875090351e-09],[-5.175361916798238e-09,5.175361916798238e-09],[-3.752824717651038e-09,3.910242352134219e-09],[-3.282719207575724e-09,4.132269637580066e-09],[NaN,3.616534627326473e-09],[-4.238920325860818e-09,4.037643108745215e-09]]
J1625.7+4134 246.4473 41.5709 2.55 PowerLaw 761.94684 1.2533775e-12 2.5396888 1.4439101e-12 2.4280944 0.1625346 LSP 60.132015 0.46516934 0.12952329 4.0794165e-10 3.5540938e-11 [8.377543103676999e-09,6.9971197724783e-09,1.2064226062591388e-08,2.0897751085158234e-08,2.588309122586452e-08,1.7519921513553527e-08,2.2763160245631298e-08,1.4576227336249303e-08,3.834645045941443e-09,1.0781338488641268e-08] [[-2.6671693742486013e-09,2.8142745911452494e-09],[-2.416501221347289e-09,2.5998783126368608e-09],[-2.665854870187445e-09,2.825266687267458e-09],[-2.951609401335986e-09,3.196893416657076e-09],[-3.3166984714227965e-09,3.3822382672354934e-09],[-2.942360577407044e-09,3.0220581592743656e-09],[-2.8852449318605977e-09,2.987465386183885e-09],[-2.8853217592939018e-09,3.0026208186484382e-09],[-2.023469169998293e-09,2.26837748584785e-09],[-2.6922912788052145e-09,2.8621995884492435e-09]]
J1626.0-2950 246.515 -29.8486 0.815 LogParabola 557.9606 1.9195666e-11 2.5642018 2.1858581e-11 2.4568267 0.13465913 LSP 431.7818 0.57579094 0.13857861 2.8354064e-09 1.0659277e-10 [4.069299208708799e-08,5.517488332884568e-08,4.057232061427385e-08,7.732045048669534e-08,2.6534198838135126e-08,1.2726465570267464e-07,1.4858171937248699e-07,1.342961866157566e-07,5.763546440107348e-08,5.1897778519105486e-08] [[-5.782166301315783e-09,5.8816382875193085e-09],[-6.0875953167283114e-09,6.277687703004631e-09],[-5.950286041667141e-09,6.3086988966176705e-09],[-6.773933858283954e-09,6.773933858283954e-09],[-5.864020824475347e-09,5.97573190930234e-09],[-6.087567783197301e-09,6.087567783197301e-09],[-6.339941016619832e-09,6.339941016619832e-09],[-7.1777268573214315e-09,7.1777268573214315e-09],[-6.069196700764223e-09,6.217479864289999e-09],[-6.240359784470684e-09,6.415853626151602e-09]]
J1626.3+3514 246.582 35.2382 0.49738 PowerLaw 5333.9077 6.0860838e-15 1.7502794 8.2298475e-15 1.4219322 0.25500548 HSP 6.8298025 0.0 10.0 1.4714807e-10 2.7124176e-11 [6.228400573071724e-10,8.07966804572402e-10,6.326315582505515e-10,1.7420285214342357e-09,1.9498861076119867e-13,1.4151821936536635e-09,8.484895563931616e-10,9.103103826291203e-10,1.2303786878220535e-09,8.727722988766118e-10] [[-3.9090300441024795e-10,5.159610516614066e-10],[-3.9452233147052596e-10,5.160966098927133e-10],[-3.387870539661719e-10,4.839753042773509e-10],[-5.829539073687329e-10,6.801535445966067e-10],[NaN,6.451076339786255e-10],[-5.255762491884752e-10,6.275617248086007e-10],[-3.799972558837794e-10,4.887318327817525e-10],[-5.717962214824013e-10,6.702544075309902e-10],[-5.299488070598102e-10,6.436108868079771e-10],[-3.9222752823420137e-10,5.223033672230315e-10]]
J1626.6-7639 246.6553 -76.6502 0.105 PowerLaw 3273.7795 4.0423756e-14 2.0403686 4.0436475e-14 2.037512 0.0018868974 ISP 24.14045 0.44806787 0.1685769 4.3331488e-10 4.5530732e-11 [2.317202874024815e-09,6.86807144489876e-09,8.230221504312851e-10,6.1520566418948874e-09,5.7731108782377305e-09,3.4135083648578757e-09,1.1999223836767214e-09,3.5990519453577008e-09,7.47675965584449e-09,7.420829728488343e-09] [[-1.664866022821343e-09,1.8889090291906996e-09],[-1.531967330770101e-09,1.7039952782127443e-09],[-7.581841821036051e-10,1.1218487250275189e-09],[-1.5546631759733032e-09,1.7509349525823836e-09],[-1.5674047615377162e-09,1.7582499900470339e-09],[-1.553874584558912e-09,1.715815711733626e-09],[-8.256435535258788e-10,1.22740473340599e-09],[-1.2148896333386006e-09,1.4310769236303145e-09],[-1.8258895506662043e-09,1.991890874464275e-09],[-1.5512111595228362e-09,1.7158686693719005e-09]]
J1626.8+4337 246.7144 43.6249 1.048 PowerLaw 410.0823 2.1222683e-12 2.9148245 2.2730828e-12 2.883986 0.07302997 "" 13.685862 0.37513036 0.24391468 8.250513e-11 2.323768e-11 [1.1312436321020414e-08,1.258594650721534e-08,4.665478670062839e-09,3.459493136404035e-09,8.0196320695336e-09,2.6051663049031504e-09,1.419254824774896e-09,2.490334161109331e-09,8.10374523041446e-09,9.584712579169263e-09] [[-3.4630818213088332e-09,3.52865137109859e-09],[-3.216892752178069e-09,3.312295104862528e-09],[-2.9432123405115362e-09,3.1290938729000572e-09],[-2.9905125042972713e-09,3.139141391272915e-09],[-3.522339975248201e-09,3.616197341571592e-09],[NaN,3.183192598399387e-09],[NaN,2.8297229004436986e-09],[NaN,2.859934733479008e-09],[-3.082723853964353e-09,3.1796878463552503e-09],[-3.4543106153250847e-09,3.5320910640734837e-09]]
J1627.3+4758 246.8492 47.9822 2.325736 PowerLaw 777.2653 4.1924163e-13 2.5842197 5.2640656e-13 2.4816303 0.24492791 LSP 11.560784 0.27201515 0.29201478 1.3796142e-10 2.6495275e-11 [8.023288700087505e-09,2.5570177086819967e-09,4.811665510473517e-10,5.205849529232864e-09,4.2128802668628396e-09,2.5407576043079416e-09,4.401838005207992e-09,1.0163364372317574e-08,8.223578262800402e-09,5.448691275944384e-09] [[-2.8553421849153438e-09,2.983636671061163e-09],[-2.3866326692711937e-09,2.638923524145298e-09],[NaN,2.480160965490086e-09],[-2.152967359947411e-09,2.381780328519767e-09],[-2.408374166762428e-09,2.646274532835946e-09],[-2.1208241829384633e-09,2.5392803415513754e-09],[-2.514976449319306e-09,2.705739854391709e-09],[-2.746186167357223e-09,2.7892381737615324e-09],[-2.6278659248646363e-09,2.7846709382828294e-09],[-2.6352051651912234e-09,2.8060467283097523e-09]]
J1628.6+7706 247.1545 77.1099 0.4 LogParabola 1177.3636 7.0032267e-13 2.088512 7.62273e-13 1.957893 0.09151875 LSP 217.19316 0.7196755 0.17665312 9.685754e-10 4.8941837e-11 [1.7951278241667978e-09,3.1568367919732054e-09,1.910893221435117e-09,2.3794974879365327e-09,1.5874569214702205e-08,8.645828941666878e-09,6.852613587682299e-09,1.6044870321252347e-08,1.069763122529821e-08,6.5037375485133e-09] [[-7.670352686339754e-10,8.944076035355408e-10],[-7.889974229513541e-10,8.794209249707308e-10],[-6.729116708292793e-10,7.589571748845003e-10],[-7.549052494226771e-10,8.268313811399253e-10],[-1.3048652158786922e-09,1.3048652158786922e-09],[-1.157381190886042e-09,1.2646685920714162e-09],[-1.0356125956789697e-09,1.1364567065186293e-09],[-1.382601921839921e-09,1.382601921839921e-09],[-1.2168805962886609e-09,1.2809131533231266e-09],[-1.0034295616634381e-09,1.0682117412841308e-09]]
J1628.8-6149 247.2171 -61.8313 2.578 LogParabola 777.41644 2.1147739e-12 2.6405869 2.7204632e-12 2.596855 0.24738975 "" 87.51641 0.58250785 0.15145713 7.140103e-10 6.214097e-11 [4.9646676103520804e-08,2.6996161750503234e-08,1.3740802273787267e-08,7.700370119323452e-09,1.1251885645435777e-08,2.8559382414528045e-08,2.0515024345968413e-08,5.728133967153326e-09,2.0917807930231902e-08,3.188293007383436e-08] [[-5.228629973430543e-09,5.4389066583837575e-09],[-4.11780431974762e-09,4.049750312873357e-09],[-3.847018259506285e-09,4.062903791179906e-09],[-3.5235621087537083e-09,3.628275235811884e-09],[-3.673366055778615e-09,3.823461103280579e-09],[-3.932313585863767e-09,4.143339893403208e-09],[-4.007940201944393e-09,4.279042897792351e-09],[-3.168597162428455e-09,3.378525015307332e-09],[-3.928659175755911e-09,4.044341306297383e-09],[-4.209272486122018e-09,4.316030199902343e-09]]
J1630.6+8234 247.6686 82.5742 0.024 LogParabola 634.0003 4.673992e-12 2.3686395 5.0663137e-12 2.2601056 0.08905603 LSP 6.2526765 0.0 10.0 1.220026e-09 5.4187876e-11 [1.863936560653201e-08,1.9695573172384684e-08,2.186538949899841e-08,2.1525174531689117e-08,2.258001963184597e-08,2.0996468563794224e-08,2.1665487182076504e-08,2.4832658596096735e-08,2.3795367454226835e-08,2.428799206199983e-08] [[-2.462594128616047e-09,2.570649915156764e-09],[-2.053790471023831e-09,2.147529487572797e-09],[-2.1929411619936445e-09,2.275903021597969e-09],[-2.166893997568309e-09,2.2362847129642205e-09],[-2.202275029006273e-09,2.202275029006273e-09],[-2.3180308783565806e-09,2.375083685279833e-09],[-2.359051398670431e-09,2.439070501125684e-09],[-2.2642774322179093e-09,2.2642774322179093e-09],[-2.322158243472927e-09,2.322158243472927e-09],[-2.401728371737022e-09,2.401728371737022e-09]]
J1631.2+4926 247.8008 49.4481 0.52 PowerLaw 922.6273 2.1402247e-13 2.5244832 2.4771282e-13 2.4899096 0.121536486 LSP 4.6852527 0.0 10.0 1.1450911e-10 2.5304257e-11 [4.609470583005759e-09,2.130738696592971e-09,5.332291497239794e-09,3.306253271162518e-09,4.408609477479786e-09,2.337415372366536e-09,3.9275582786046925e-09,1.210963662678921e-09,5.767093913533472e-09,6.216034353911937e-09] [[-2.544770172363542e-09,2.7295128379734024e-09],[-1.8884918073780455e-09,2.1949608797200426e-09],[-2.3427706441481178e-09,2.5364521594184453e-09],[-1.967977114603059e-09,2.194696424595577e-09],[-2.1773167713234898e-09,2.403695020802843e-09],[-2.2849335756802702e-09,2.534006116050591e-09],[-1.970366980685867e-09,2.237266372162594e-09],[NaN,2.090572603918872e-09],[-2.410847077527478e-09,2.604154669683112e-09],[-2.3775041935181207e-09,2.6804556352288955e-09]]
