4LAC_catalog_generator_v2/resulting_catalogs/agn_pop_4lac_dr2_with_z.ecsv
# %ECSV 1.0
# ---
# datatype:
# - {name: Source_Name, datatype: string}
# - {name: RAJ2000, datatype: float32}
# - {name: DEJ2000, datatype: float32}
# - {name: Redshift, datatype: float64}
# - {name: SpectrumType, datatype: string}
# - {name: Pivot_Energy, datatype: float32}
# - {name: PL_Flux_Density, datatype: float32}
# - {name: PL_Index, datatype: float32}
# - {name: LP_Flux_Density, datatype: float32}
# - {name: LP_Index, datatype: float32}
# - {name: LP_beta, datatype: float32}
# - {name: SED_class, datatype: string}
# - {name: Variability_Index, datatype: float32}
# - {name: Frac_Variability, datatype: float32}
# - {name: Unc_Frac_Variability, datatype: float32}
# - {name: Flux1000, datatype: float32}
# - {name: Unc_Flux1000, datatype: float32}
# - {name: Flux_History, datatype: string, subtype: 'float32[10]'}
# - {name: Unc_Flux_History, datatype: string, subtype: 'float32[10,2]'}
# schema: astropy-2.0
Source_Name RAJ2000 DEJ2000 Redshift SpectrumType Pivot_Energy PL_Flux_Density PL_Index LP_Flux_Density LP_Index LP_beta SED_class Variability_Index Frac_Variability Unc_Frac_Variability Flux1000 Unc_Flux1000 Flux_History Unc_Flux_History
[from data line 1202]
J1514.8-4748 228.7002 -47.8141 1.5512 LogParabola 1050.8495 1.6711889e-12 2.3864365 1.8570872e-12 2.287689 0.10382452 LSP 61.419827 0.41639122 0.11374899 1.4720214e-09 8.640787e-11 [3.381285651471444e-08,3.557025962663829e-08,1.0108423431631763e-08,1.2806347982063926e-08,9.18508114011729e-09,2.0575289028101906e-08,3.2223852031165734e-08,1.5932808850038782e-08,2.760568840187716e-08,2.4634895012809466e-08] [[-4.220349403283308e-09,4.384336893537011e-09],[-3.859399022587695e-09,4.01508826186614e-09],[-3.373232138059734e-09,3.5854617053132642e-09],[-3.2620495193924626e-09,3.4157070505358433e-09],[-3.5231531025914364e-09,3.737795850611292e-09],[-3.301822815160449e-09,3.424910799409986e-09],[-3.774208945372948e-09,3.8881480257657586e-09],[-3.3458966708366233e-09,3.518124680468304e-09],[-3.6472989073388362e-09,3.825378680488711e-09],[-3.6831042660168123e-09,3.833835915401096e-09]]
J1516.5+0015 229.1375 0.2657 0.052489 PowerLaw 785.4166 8.1395643e-13 2.5385816 8.883759e-13 2.4843566 0.07325297 LSP 15.197121 0.36022493 0.19567007 2.8642125e-10 4.2603053e-11 [1.0628512292498726e-08,4.17840251287771e-09,2.1473407496586105e-09,4.9016186665085115e-09,5.261245661358771e-09,1.3260624598387949e-08,9.429829361806696e-09,1.6212156950246026e-08,1.623231860037322e-08,9.422646662926581e-09] [[-3.4399041393129437e-09,3.580305385497695e-09],[-3.542287352331641e-09,3.8159684301319885e-09],[NaN,3.3107483421446204e-09],[-3.570360451732313e-09,3.955108240916161e-09],[-3.9307126442622575e-09,4.232652894842204e-09],[-3.279298388392249e-09,3.439388107651098e-09],[-2.9305948778812763e-09,3.117303082333933e-09],[-3.970243689366271e-09,4.148156040884032e-09],[-4.1625947133638874e-09,4.299785416606028e-09],[-3.906008849696718e-09,4.218196014704745e-09]]
J1516.8+2918 229.2126 29.3123 0.13 PowerLaw 1389.4915 1.1043555e-13 2.3617804 9.339509e-14 2.4604542 -0.08401177 "" 14.236633 0.42743403 0.24672884 1.7608391e-10 3.1058395e-11 [1.0866361144223902e-08,3.472883536304039e-09,1.2520733339016488e-09,1.2409738792129588e-09,5.114107359815989e-09,6.695676457724176e-09,4.06774880445937e-09,2.250274633297522e-09,3.1769153974181563e-09,4.964080257963133e-09] [[-2.4780710816685314e-09,2.6788762319540638e-09],[-1.9325065991893098e-09,2.1730175436829313e-09],[NaN,2.482956951155302e-09],[NaN,2.2473645167053746e-09],[-2.236424823109928e-09,2.42613995560248e-09],[-2.358480077901959e-09,2.5185624696888453e-09],[-1.915738456759186e-09,2.141682609035911e-09],[-1.568602026047472e-09,1.897429324770883e-09],[-1.9954822239043324e-09,2.314504810030371e-09],[-1.9771835280124606e-09,2.203611293438712e-09]]
J1517.0+2639 229.2605 26.6508 0.385 PowerLaw 1556.9358 1.0466744e-13 2.2689843 1.0842593e-13 2.248092 0.023837293 LSP 19.27632 0.53033423 0.2353603 2.2463656e-10 3.333246e-11 [2.957509348533449e-09,8.57856008451563e-09,3.09459546876667e-09,8.024717779164803e-09,4.571225620253472e-09,3.789224489736398e-09,5.3353934603705966e-09,1.837656613793044e-15,3.034416273806073e-09,1.5823686111415824e-11] [[-1.4950993776352561e-09,1.8208029528565817e-09],[-2.0062655980979116e-09,2.5043118689893618e-09],[-1.6314100070857762e-09,2.0483428286866e-09],[-2.183212721718064e-09,2.3665074344592085e-09],[-1.7751873304661103e-09,2.0817509938098055e-09],[-1.7414540920412946e-09,1.9640540305232435e-09],[-1.7222145931583555e-09,1.9247452520687602e-09],[NaN,1.8586931993525013e-09],[-1.6859033058480577e-09,1.9746668744602403e-09],[NaN,2.2176931402384525e-09]]
J1517.7-2422 229.4254 -24.373 0.048 LogParabola 811.1857 1.1060969e-11 2.123595 1.1405158e-11 2.079265 0.02845462 LSP 127.66212 0.19693986 0.049774498 6.4535874e-09 1.3776744e-10 [5.8446513406806844e-08,5.392751845079147e-08,6.445372235930336e-08,6.313687350711916e-08,9.828583813487057e-08,8.637482551421272e-08,7.873595109231246e-08,8.653109517808844e-08,7.726536921381921e-08,9.485285090704565e-08] [[-3.600247655555222e-09,3.600247655555222e-09],[-3.6752603183032306e-09,3.6752603183032306e-09],[-4.118547725084909e-09,4.118547725084909e-09],[-3.964257366817492e-09,3.964257366817492e-09],[-4.6330130842875406e-09,4.6330130842875406e-09],[-3.673005455340217e-09,3.673005455340217e-09],[-3.6125997748825966e-09,3.6125997748825966e-09],[-4.288654764650346e-09,4.288654764650346e-09],[-4.134991016258027e-09,4.134991016258027e-09],[-4.488352356446512e-09,4.488352356446512e-09]]
J1518.0-2731 229.5124 -27.5313 0.1285 PowerLaw 2284.1846 2.8458383e-13 2.051624 2.9235278e-13 2.0338726 0.017532516 HSP 82.74358 0.4429688 0.117654696 1.4621109e-09 7.4905276e-11 [8.881698931872961e-09,1.0098674785297135e-08,2.0491979668690874e-08,2.8150774156188163e-08,1.547660843925769e-08,1.4315377327989154e-08,5.9894755821687795e-09,2.277067778777564e-08,1.3938419307635286e-08,2.9097851239612282e-08] [[-2.213915717419468e-09,2.4179214186403897e-09],[-2.18386220218747e-09,2.3733854881413663e-09],[-2.8040978428123253e-09,2.9326998607359656e-09],[-3.1430200664317454e-09,3.2859130971729655e-09],[-2.641011187520803e-09,2.820880196097164e-09],[-2.2596231552540758e-09,2.388141906450869e-09],[-1.690624973349486e-09,1.875677391183217e-09],[-2.8073705582443154e-09,2.9472215778980626e-09],[-2.5082333987569427e-09,2.688036904174851e-09],[-3.1258640120768177e-09,3.2533842286852632e-09]]
J1518.4+0750 229.6107 7.8446 0.41 PowerLaw 7711.857 1.6520778e-15 1.7269522 2.3747234e-15 1.5171846 0.27123228 HSP 6.965163 0.0 10.0 7.466219e-11 2.5951003e-11 [6.527515195031697e-10,5.1017987035516243e-14,6.6366478979063e-10,4.431680578065311e-10,8.959188391166606e-10,1.0980152898021345e-10,9.347716350971425e-11,9.177015813932599e-10,6.234147087447184e-10,6.382791517545172e-11] [[-3.789642211149413e-10,5.156099991410201e-10],[NaN,5.426928906260287e-10],[-4.386256080568529e-10,6.556395426571271e-10],[-3.6307198914009575e-10,5.718051032665983e-10],[-4.6478804138772034e-10,6.195110535678339e-10],[NaN,5.550891968297833e-10],[NaN,3.5724451175056515e-10],[-4.801046227242978e-10,6.494065285522765e-10],[-3.8471020813446444e-10,5.48877610029308e-10],[NaN,7.111453648178667e-10]]
J1518.6+0614 229.6503 6.2419 0.102341 PowerLaw 7013.531 2.743227e-15 1.7493265 2.8077634e-15 1.7323095 0.01871458 HSP 6.1344595 0.0 10.0 1.0701746e-10 3.1219517e-11 [6.75504763236745e-10,3.422133132424676e-10,5.181217122007808e-10,9.91237425473912e-10,1.439919627976849e-09,9.69057722954858e-10,3.0616414958828386e-10,4.844199485987133e-10,1.6556756508336046e-13,4.980263423881581e-10] [[-4.57274579312994e-10,5.935022473479989e-10],[-2.991429326471007e-10,5.27320076493254e-10],[-4.329268887826032e-10,6.254194939714353e-10],[-5.657109225509771e-10,7.192546003231826e-10],[-7.058879591959055e-10,8.668874507122837e-10],[-5.978786909999201e-10,7.256684142475933e-10],[-2.2459700765864454e-10,3.870971321262573e-10],[-3.841130469250942e-10,6.11010297912884e-10],[NaN,5.344169551335654e-10],[-3.353745892109572e-10,5.290566873483726e-10]]
J1518.6+4044 229.6606 40.7449 0.065228 PowerLaw 3237.0955 2.2726209e-14 1.8766851 2.6398243e-14 1.8021073 0.087019384 HSP 8.279121 0.0 10.0 2.3089423e-10 3.011517e-11 [9.156367331009108e-10,9.033310210959655e-10,1.059823118154668e-09,1.4016917626591407e-09,1.6970406191418874e-09,2.9492717157353354e-09,2.0571679915093455e-09,1.626499712692464e-09,1.4512997470461642e-09,2.738787197031911e-09] [[-4.659894137226672e-10,6.371683181072285e-10],[-4.953650822869804e-10,6.661471374513894e-10],[-6.062063628853309e-10,7.668040646890972e-10],[-6.900552351751799e-10,8.335882539789452e-10],[-6.33418761886162e-10,7.432414128594189e-10],[-7.847560934415299e-10,8.873279888632624e-10],[-7.158754700142822e-10,8.41043845678513e-10],[-7.475724483896329e-10,8.938152995519033e-10],[-6.240550853853222e-10,7.514108779638207e-10],[-8.18641376909568e-10,9.396666778016538e-10]]
J1520.5+4209 230.1347 42.16 0.484 PowerLaw 935.7287 3.3926863e-13 2.504795 3.9694433e-13 2.3833823 0.16390443 "" 65.08036 0.93938786 0.25533944 1.9078977e-10 2.8366642e-11 [1.3753368222069184e-08,1.941637250979511e-08,1.594397858184493e-08,2.7737889762846635e-09,2.7100732769014257e-09,1.0208013323520504e-09,3.313326002452044e-10,4.911004491958693e-09,3.945592297327494e-09,3.2207028155539774e-09] [[-2.8143269936720117e-09,2.9965538939080716e-09],[-3.002469828317089e-09,3.1113509546543128e-09],[-2.8958819786595313e-09,2.9663140832525414e-09],[-1.8455499350977789e-09,2.119237452191669e-09],[-2.1983619369336793e-09,2.4301063383802557e-09],[NaN,2.1051118626047582e-09],[NaN,2.0775803299954987e-09],[-2.4082491556498553e-09,2.6078055270772893e-09],[-1.8353307762453142e-09,2.1251043147429982e-09],[-2.4123945063792007e-09,2.6047162204889673e-09]]
J1521.1+0421 230.2949 4.3644 0.052316 PowerLaw 2792.0955 1.7263558e-14 2.0357666 2.6877287e-14 1.9290339 0.30797586 LSP 20.67134 0.62232095 0.44948226 1.33679e-10 3.5092904e-11 [4.910759798804065e-09,3.450224047435446e-14,1.3082047667367647e-09,7.479000196930485e-10,2.5825528382483753e-09,3.0513441773294403e-10,3.3133893406755988e-09,5.667732394520897e-10,1.137495542202771e-09,3.695257465362138e-15] [[-1.387587045265093e-09,1.5358240235130438e-09],[NaN,1.2077222555362255e-09],[NaN,1.5672939612798586e-09],[NaN,1.708190366933593e-09],[-1.4558501071348928e-09,1.6539234426460325e-09],[NaN,8.782856664169003e-10],[-1.1663641164005867e-09,1.3386255437453087e-09],[NaN,1.5052543655968975e-09],[-8.031720843959533e-10,1.209570221760714e-09],[NaN,9.719506310901238e-10]]
J1521.8+4338 230.4645 43.6344 2.1677 PowerLaw 419.25394 3.3443391e-12 2.935895 3.6110303e-12 2.9083362 0.075302005 LSP 29.742008 0.44583112 0.15699993 1.3467781e-10 2.5901371e-11 [1.821126538459339e-08,1.8873898000038025e-08,1.5043006840187445e-08,1.5510504880467124e-08,1.2862607867702991e-08,1.4764004241385464e-08,1.1875927796722863e-08,1.9500352443913016e-09,1.026162835260358e-11,8.706495080446075e-09] [[-3.971027950910866e-09,4.017607579953619e-09],[-4.029043321196468e-09,4.1533270156435265e-09],[-3.871598597271486e-09,3.9234797633014296e-09],[-3.5083087546183833e-09,3.5729095237968522e-09],[-3.725483477268199e-09,3.799804026982656e-09],[-4.024138799962884e-09,4.147212351313101e-09],[-3.6803486924696927e-09,3.85052834062094e-09],[NaN,3.4458482733867868e-09],[NaN,2.9539621859697718e-09],[-3.449901919694298e-09,3.5737828252280224e-09]]
J1522.1+3144 230.5454 31.7395 1.489 LogParabola 517.1455 7.8606587e-11 2.4126687 8.554716e-11 2.369964 0.071476266 LSP 3585.9705 0.50432056 0.11915759 1.1200376e-08 1.5457323e-10 [4.236786423916783e-07,3.8720901329725166e-07,4.797091719410673e-07,3.807196549132641e-07,1.6938717806169734e-07,2.3856941311350965e-07,2.901568620927719e-07,1.307925572291424e-07,1.1116526366095059e-07,1.2216280254051526e-07] [[-7.165902093930754e-09,7.165902093930754e-09],[-7.874475294045169e-09,7.874475294045169e-09],[-8.541617191326623e-09,8.541617191326623e-09],[-7.91806886724089e-09,7.91806886724089e-09],[-6.025052012859078e-09,6.025052012859078e-09],[-6.6119105746054174e-09,6.6119105746054174e-09],[-6.661149409836753e-09,6.661149409836753e-09],[-5.458094420873749e-09,5.458094420873749e-09],[-5.265285096811567e-09,5.265285096811567e-09],[-5.44879252828423e-09,5.44879252828423e-09]]
J1522.6-2730 230.6642 -27.5059 1.297 LogParabola 1176.0227 1.7391639e-12 2.2029452 2.0007873e-12 2.089553 0.12702326 LSP 148.48404 0.4798931 0.11986689 2.27126e-09 9.5688166e-11 [2.4885972393917655e-08,4.626878080671304e-08,2.6035282374436974e-08,2.456048164845015e-08,2.197761617139804e-08,1.7046685840682585e-08,1.9203767465114652e-08,7.194577378299982e-09,2.1435877073372467e-08,9.009719192931698e-09] [[-2.5776831780177645e-09,2.6831887822709177e-09],[-3.20871440528947e-09,3.20871440528947e-09],[-2.733196113879899e-09,2.8594566714446046e-09],[-2.74065592442696e-09,2.8577622490644217e-09],[-2.612596139428547e-09,2.7721189788110223e-09],[-2.046580682701915e-09,2.1305763819867707e-09],[-2.146373745404162e-09,2.2300974400479845e-09],[-2.046054214943638e-09,2.019187483881524e-09],[-2.6156457000325872e-09,2.720308422965445e-09],[-1.9474348800230246e-09,2.3227875178832846e-09]]
J1523.2+0533 230.8241 5.5569 0.175931 PowerLaw 3391.613 1.27733e-14 2.0280294 1.2870418e-14 2.0250926 0.004200345 LSP 11.462023 0.0 10.0 1.4663107e-10 3.3962316e-11 [3.853287131781952e-15,2.278287558610259e-09,6.632497692336467e-14,3.450462138232524e-09,2.151144817830186e-09,1.5395625885261666e-09,1.571433316804871e-09,2.7082502906949912e-09,1.9145349750004925e-09,5.770708355612442e-10] [[NaN,9.594178784766427e-10],[-1.1906224894886464e-09,1.4117330637830605e-09],[NaN,1.086239764802599e-09],[-1.4014898130909614e-09,1.679155148259781e-09],[-1.2488081679862262e-09,1.4615237908799372e-09],[-7.875621266251187e-10,9.889370433668887e-10],[-1.0064565847400786e-09,1.2038067209729775e-09],[-1.1788835463377723e-09,1.434351415419144e-09],[-1.4678954718405635e-09,1.6605432584526625e-09],[NaN,1.6057192242513452e-09]]
J1526.7-1529 231.6805 -15.4941 0.43 PowerLaw 3801.078 1.6323783e-14 1.9677774 1.9340683e-14 1.8988926 0.11269347 HSP 6.519942 0.0 10.0 2.3076983e-10 4.2294036e-11 [2.088688777490688e-09,8.443927779211435e-10,1.903898150246164e-09,3.1915490250611356e-09,2.450017744237698e-09,1.1161134239046078e-09,4.5357229083720085e-10,3.6226730504296256e-09,2.2755111128702765e-09,1.454142251056112e-09] [[-1.2446699226842384e-09,1.451167186417024e-09],[NaN,1.4963560390768293e-09],[-1.0980715225983317e-09,1.4349529342538858e-09],[-1.2958862871670362e-09,1.5261225616569618e-09],[-1.2152208128668462e-09,1.4951443416677535e-09],[-8.219884772842079e-10,1.0514089598956389e-09],[NaN,1.00684482973179e-09],[-1.2636451884873168e-09,1.494397938728298e-09],[-1.0672696060254339e-09,1.3488845596043575e-09],[-1.2910692515077926e-09,1.5934434882680648e-09]]
J1527.3+3117 231.8486 31.2989 1.392 PowerLaw 1325.0446 1.293916e-13 2.569496 1.1974395e-13 2.6539934 -0.062079087 "" 22.667332 0.61724234 0.2636929 1.6986114e-10 3.3527806e-11 [6.084300679378915e-14,1.8813124391670044e-09,2.801205045699362e-09,5.272609460149624e-09,1.998942789072089e-09,1.2127745918633082e-08,1.839057262031929e-08,9.02129126956197e-09,1.2367294743853563e-08,6.7407559534160555e-09] [[NaN,2.7985971318145175e-09],[NaN,4.171545775477625e-09],[NaN,4.05744193798796e-09],[-4.1370666892248664e-09,4.563873279295194e-09],[NaN,3.974820028673776e-09],[-4.167438394375722e-09,4.387174623587953e-09],[-4.342560089298786e-09,4.426607524976589e-09],[-3.890448851961992e-09,4.085775717754814e-09],[-3.784997648637045e-09,4.098099637417363e-09],[-3.2076150624504862e-09,3.730255659917248e-09]]
J1529.2+3812 232.3111 38.2032 1.06225 PowerLaw 2545.9695 2.3758686e-14 2.0483325 2.8289193e-14 1.9379402 0.13494825 HSP 8.3925295 0.0 10.0 1.5249003e-10 2.7321749e-11 [2.919240182919225e-09,2.577079882826183e-09,7.718727323968722e-10,7.236061194682009e-10,1.278827044259856e-09,7.224211784340184e-10,2.004526322707534e-09,3.3965348311681964e-09,1.5926944207933502e-09,5.552787119000868e-10] [[-1.090018963978423e-09,1.2565172236023159e-09],[-1.0214655787876836e-09,1.2138640093084518e-09],[-7.495771781051985e-10,9.682562529533811e-10],[NaN,1.1002783129043792e-09],[-7.597299456207907e-10,9.911361731340662e-10],[-6.249645245759439e-10,9.327966177252733e-10],[-8.784368787928543e-10,1.0455580845558643e-09],[-1.1765658447515648e-09,1.3215225580509582e-09],[-8.421531805247184e-10,1.0500403879731834e-09],[NaN,1.0855315535351906e-09]]
