4LAC_catalog_generator_v2/resulting_catalogs/agn_pop_4lac_dr2.ecsv
# %ECSV 1.0
# ---
# datatype:
# - {name: Source_Name, datatype: string}
# - {name: RAJ2000, datatype: float32}
# - {name: DEJ2000, datatype: float32}
# - {name: Redshift, datatype: float64}
# - {name: SpectrumType, datatype: string}
# - {name: Pivot_Energy, datatype: float32}
# - {name: PL_Flux_Density, datatype: float32}
# - {name: PL_Index, datatype: float32}
# - {name: LP_Flux_Density, datatype: float32}
# - {name: LP_Index, datatype: float32}
# - {name: LP_beta, datatype: float32}
# - {name: SED_class, datatype: string}
# - {name: Variability_Index, datatype: float32}
# - {name: Frac_Variability, datatype: float32}
# - {name: Unc_Frac_Variability, datatype: float32}
# - {name: Flux1000, datatype: float32}
# - {name: Unc_Flux1000, datatype: float32}
# - {name: Flux_History, datatype: string, subtype: 'float32[10]'}
# - {name: Unc_Flux_History, datatype: string, subtype: 'float32[10,2]'}
# schema: astropy-2.0
Source_Name RAJ2000 DEJ2000 Redshift SpectrumType Pivot_Energy PL_Flux_Density PL_Index LP_Flux_Density LP_Index LP_beta SED_class Variability_Index Frac_Variability Unc_Frac_Variability Flux1000 Unc_Flux1000 Flux_History Unc_Flux_History
[from data line 2284]
J1443.9-3908 220.9908 -39.1481 0.1385 LogParabola 1978.045 8.9249035e-13 1.8306292 9.61151e-13 1.7351527 0.05621288 HSP 31.613285 0.13805966 0.045664724 3.8604604e-09 1.11146155e-10 [1.9616607005445985e-08,1.7073134017664415e-08,1.8459068940046564e-08,1.5421434795825917e-08,2.1175800668515876e-08,2.297335122136701e-08,1.7082133041412817e-08,1.5402450870283246e-08,1.3191515435551082e-08,1.939972271713941e-08] [[-1.6765706600807562e-09,1.6765706600807562e-09],[-1.5660286400986934e-09,1.5660286400986934e-09],[-1.6040827555130477e-09,1.6040827555130477e-09],[-1.5263078578797717e-09,1.5263078578797717e-09],[-1.7401241558800962e-09,1.7401241558800962e-09],[-1.5825674104519294e-09,1.5825674104519294e-09],[-1.4736981635010693e-09,1.4736981635010693e-09],[-1.4684617966054248e-09,1.4684617966054248e-09],[-1.3871994664071963e-09,1.47946455086867e-09],[-1.6229343424711828e-09,1.6229343424711828e-09]]
J1443.9+2501 220.9933 25.0291 0.939 LogParabola 850.17804 7.508825e-12 2.0921166 8.435378e-12 1.9667393 0.1003206 LSP 2961.0623 1.426655 0.33684742 5.2894102e-09 1.3059989e-10 [8.901709591668805e-09,7.503953014520448e-09,7.1633676768101395e-09,9.119617949693293e-09,2.154459544101428e-08,2.4608681314930436e-08,1.9961339603469241e-07,1.1618942608038196e-07,3.169414952708394e-08,1.8189146189229177e-08] [[-1.3853350688819432e-09,1.4632763889466105e-09],[-1.7011457797977414e-09,1.8107553234614215e-09],[-1.3794815290069096e-09,1.4946281989836052e-09],[-1.8020541725505268e-09,1.8698198545052946e-09],[-2.5583386520366957e-09,2.608593785424773e-09],[-2.412186450584386e-09,2.412186450584386e-09],[-4.220999993975738e-09,4.220999993975738e-09],[-4.155188637611218e-09,4.155188637611218e-09],[-2.406893351292183e-09,2.406893351292183e-09],[-2.1619992462973414e-09,2.21669393951629e-09]]
J1445.0-0326 221.2696 -3.4481 -999.0 PowerLaw 4667.018 3.311513e-14 1.7471712 3.9400683e-14 1.6071622 0.108341984 HSP 10.120912 0.047144193 0.41158915 6.330457e-10 5.5141395e-11 [1.8788572919703483e-09,3.2690010698388505e-09,4.666361963501231e-09,4.428092115205118e-09,2.714287683502903e-09,2.8398789986283646e-09,4.860593705302563e-09,2.6314839196572848e-09,4.299874678537208e-09,3.851576835245396e-09] [[-6.949998909711042e-10,8.152550301510075e-10],[-9.316418747573607e-10,1.0713039344523168e-09],[-1.0813738793302718e-09,1.21637200312108e-09],[-1.1152793133462069e-09,1.2411019989500005e-09],[-8.950443164401634e-10,1.0490620594438838e-09],[-9.0254043128013e-10,1.0156699925545354e-09],[-8.974539444928098e-10,9.787330945698614e-10],[-9.29246346537127e-10,1.065092014584934e-09],[-9.514324883497238e-10,1.0670431205284103e-09],[-9.262838829293685e-10,1.0547858142473387e-09]]
J1445.2-1954 221.3049 -19.9013 -inf PowerLaw 2301.0618 3.092597e-14 2.171884 2.4092648e-14 2.282117 -0.08977321 ISP 17.408354 0.78172916 0.44624394 1.60561e-10 3.7813176e-11 [4.9763290683275604e-14,2.2611759131763165e-09,2.9250732946906055e-09,6.953403963727567e-10,1.0369580628194486e-14,4.074893311667438e-09,2.584327418730936e-09,7.830109893802728e-09,1.7923212081703312e-14,2.113081237764547e-10] [[NaN,1.5600251090930328e-09],[-1.8338790486183143e-09,2.1006063555262244e-09],[-2.0458741367690436e-09,2.30805130563283e-09],[NaN,2.081264049991205e-09],[NaN,1.9728150224551655e-09],[-1.6166953331619993e-09,1.8678116830983527e-09],[-1.7110503014450273e-09,1.9221564340199393e-09],[-2.2460906468069197e-09,2.5778990053737516e-09],[NaN,1.910920310876918e-09],[NaN,1.821083173147997e-09]]
J1445.9-1626 221.4978 -16.4498 -inf PowerLaw 790.19653 9.939131e-13 2.551868 9.505362e-13 2.5732248 -0.033394944 LSP 32.4314 0.5110549 0.17086352 3.5105374e-10 4.910738e-11 [9.213411367170465e-09,7.3611823303565416e-09,1.5471522729626486e-08,2.0169945713632842e-08,1.7704298471699076e-08,2.549961664044531e-08,9.651257570908456e-09,1.4166118944558548e-08,5.35481392560655e-09,4.642232778739874e-11] [[-3.5643523688122514e-09,3.7646015194070515e-09],[-3.7959879684024145e-09,4.0930538958150464e-09],[-4.485364524242641e-09,4.676661280456074e-09],[-4.234163242244904e-09,4.462525460269262e-09],[-4.301807354778475e-09,4.580126056197287e-09],[-3.9268566176531294e-09,4.1116421378717405e-09],[-3.5641352091886347e-09,3.7179110901064405e-09],[-4.368215122951824e-09,4.5562544848110065e-09],[-4.221877958343612e-09,4.3237107227867e-09],[NaN,3.909977230875938e-09]]
J1446.0-3039 221.5226 -30.6618 -inf PowerLaw 1393.6641 9.7519954e-14 2.3349264 1.351843e-13 2.2386298 0.28732508 LSP 42.845818 1.2563864 0.37282556 1.5828672e-10 3.602532e-11 [1.762879264788353e-08,2.1946711115106154e-09,2.6119688634196336e-09,8.223689285102864e-09,3.3901250695578256e-09,1.9184892591170977e-17,2.5068101010250997e-14,3.1252838095241486e-09,1.310715425084652e-09,9.403711076022775e-16] [[-3.1672531264348436e-09,3.324276409699678e-09],[-1.9069792411841036e-09,2.2576842617638704e-09],[NaN,2.777679863896765e-09],[-2.806959775725204e-09,3.0317290899972704e-09],[-2.2763353424437582e-09,2.769575457861606e-09],[NaN,1.5574815881436166e-09],[NaN,2.0243187126567364e-09],[-1.907871860495902e-09,2.383565789187969e-09],[NaN,2.2584685233084656e-09],[NaN,2.202000359829981e-09]]
J1446.3+3111 221.5907 31.1955 -inf PowerLaw 743.4836 5.5524216e-13 2.556477 5.676869e-13 2.540755 0.018529303 LSP 89.595345 1.3293673 0.3447626 1.6714852e-10 2.7522469e-11 [5.125885049750423e-09,1.1686664969090543e-09,2.269049836911563e-09,8.913692894907399e-09,2.626717687803648e-08,2.4553987731934512e-09,2.248192731019996e-15,2.122383380154247e-09,8.906198803622367e-13,8.294762210425688e-09] [[-2.322064096560439e-09,2.4187953862053746e-09],[NaN,2.1393320448481745e-09],[-1.890871015319817e-09,2.228777384871705e-09],[-2.591495906756336e-09,2.7882074427054704e-09],[-3.0385551852418757e-09,3.159793537932387e-09],[-2.228768725132113e-09,2.29457497447072e-09],[NaN,1.7671183405454371e-09],[-2.117187758443606e-09,2.2405817201587297e-09],[NaN,2.1800854455023e-09],[-2.704791501884074e-09,2.871829440920237e-09]]
J1446.7+1719 221.6884 17.3237 1.024 PowerLaw 920.56195 3.1874349e-13 2.4971426 3.6513953e-13 2.486738 0.099519014 LSP 43.013645 1.1464401 0.34893093 1.7304083e-10 3.2741664e-11 [4.520720686684854e-09,1.8222925390887212e-09,1.8514114685785898e-09,1.6011657555381476e-09,5.652214252194199e-09,3.1005227274505387e-09,2.076548888396701e-08,1.5610469583648978e-09,3.8196095591969126e-11,4.78776929213609e-09] [[-2.4495745432062677e-09,2.684265698604804e-09],[NaN,3.003951754010359e-09],[NaN,2.897784678879134e-09],[NaN,2.6934381391896522e-09],[-2.576991509073423e-09,2.794698472641244e-09],[-2.31047958543229e-09,2.608395943681785e-09],[-2.988863379016493e-09,3.1135052314112954e-09],[NaN,2.686911138027881e-09],[NaN,2.8318918321446063e-09],[-3.004626769609331e-09,3.234707390831204e-09]]
J1446.8-1830 221.7247 -18.514 -inf PowerLaw 3472.342 1.2995592e-14 2.0183291 1.3994797e-14 1.9032079 0.06319976 HSP 10.21651 0.0 10.0 1.5600317e-10 3.735431e-11 [1.4941967663162359e-09,3.1262261668274505e-09,3.2834521768165814e-09,2.1395960558834304e-09,3.374837573028727e-13,9.266507561278559e-10,1.6953471959624267e-09,6.736007862606641e-10,2.989326342017762e-09,4.3878954831579053e-13] [[-9.997188632482334e-10,1.2016554418181613e-09],[-1.6636038102646467e-09,1.873985633338293e-09],[-1.7451873279838992e-09,1.978520458578714e-09],[-9.899515651667912e-10,1.2573058150167071e-09],[NaN,1.2156875506263987e-09],[-6.19088613706964e-10,9.189671801301813e-10],[-9.42651845470266e-10,1.1886742701250341e-09],[NaN,1.4481240651065264e-09],[-1.416426420597361e-09,1.6262313717874122e-09],[NaN,1.2113878788966304e-09]]
J1447.0-2657 221.7652 -26.9621 -999.0 PowerLaw 4208.814 9.475769e-15 1.9746472 1.0309444e-14 1.9187382 0.051676985 "" 6.8127356 0.0 10.0 1.642208e-10 3.5540598e-11 [1.3663949971487455e-09,2.8187314704553046e-09,2.227225515127884e-09,1.3092780193346698e-09,2.772839957643214e-09,8.656620975600049e-10,1.1997010329611868e-10,2.7553841430716375e-09,1.2635491541956867e-09,1.0061256272564378e-09] [[-8.278667196215395e-10,1.1166009228347207e-09],[-1.0950960138700339e-09,1.2925084336146142e-09],[-1.0668652627998654e-09,1.324251042156277e-09],[-7.350459130250897e-10,1.0513888648588932e-09],[-1.1559574408792628e-09,1.3996782621816806e-09],[-5.770836586371786e-10,8.529146278135613e-10],[NaN,1.1099900998345902e-09],[-1.1666315691272189e-09,1.3788888919563647e-09],[NaN,1.4816911031445557e-09],[NaN,1.5286715226991987e-09]]
J1448.0+3608 222.0171 36.1344 -999.0 LogParabola 2000.5652 3.3076043e-13 1.7925287 3.7762724e-13 1.599795 0.11323423 HSP 24.90772 0.1776926 0.06608289 1.5426939e-09 6.77745e-11 [5.559419147260769e-09,3.918736890540231e-09,3.2318783205198542e-09,6.753677173065853e-09,6.13054540465896e-09,4.93343366159138e-09,5.466545882626406e-09,4.5766643808065055e-09,3.888526389772551e-09,5.88044990479375e-09] [[-6.755926929002953e-10,7.218068920344933e-10],[-5.883668552364441e-10,6.334213709102698e-10],[-5.62818180949165e-10,6.13696593543267e-10],[-7.338662455502742e-10,7.709569649350101e-10],[-7.141689462031309e-10,7.755250885921328e-10],[-6.560142984390893e-10,7.037144200694456e-10],[-6.314708200783059e-10,6.714128697460353e-10],[-6.299901156303633e-10,6.727892687408144e-10],[-5.84214399079741e-10,6.386202122676821e-10],[-7.654891720498824e-10,8.208783652818852e-10]]
J1449.5+2746 222.3956 27.7686 0.030588 PowerLaw 10074.007 8.5582684e-16 1.5448941 1.5777453e-15 1.2864954 0.39635313 ISP 8.48695 0.0 10.0 5.118012e-11 1.7473845e-11 [5.226585830797603e-10,6.598129681512077e-11,2.9743360772509784e-15,2.707491730813416e-10,3.187808697568961e-11,3.687464222856818e-10,2.4484114735656703e-10,9.56289951739575e-13,2.421010982835148e-13,2.0898217878428937e-10] [[-2.4586982450003347e-10,3.44080069991648e-10],[NaN,3.158502070998992e-10],[NaN,2.710755231394302e-10],[-1.8371995591515144e-10,2.879208260697652e-10],[NaN,3.6734568165108783e-10],[-1.936557580961562e-10,2.740915550081269e-10],[-1.3539953880314926e-10,2.1829335561385221e-10],[NaN,3.4515057478756717e-10],[NaN,2.3253503289577537e-10],[-1.6890375209577257e-10,2.6021379495588803e-10]]
J1449.6-2137 222.422 -21.6271 0.938 PowerLaw 1425.9614 1.1368735e-13 2.3624418 1.03895916e-13 2.4247518 -0.053172693 LSP 36.70877 1.0205524 0.31205526 1.9265982e-10 3.8624867e-11 [1.3314944702358389e-09,2.4823185729161423e-09,3.1988980353503393e-09,4.265040320916569e-09,1.603349097933915e-08,1.8296453241362087e-09,9.637846076770984e-10,1.778219682613269e-09,2.4056325820254187e-09,1.5765342809004323e-08] [[NaN,2.1146981943331866e-09],[-2.0287425073206578e-09,2.6192472635244712e-09],[-2.6447708467713937e-09,3.1801454802860007e-09],[-2.8380096050995007e-09,3.246080737540069e-09],[-3.2585367737425486e-09,3.5555469679593443e-09],[NaN,2.125975839817329e-09],[NaN,2.549076283386853e-09],[NaN,2.675994092982137e-09],[-2.096383733274365e-09,2.5854081098231063e-09],[-3.1793909727184655e-09,3.6316356588628196e-09]]
J1449.7-0910 222.441 -9.1781 -inf PowerLaw 3365.975 1.2600656e-14 2.0682018 1.4093013e-14 1.9080387 0.1076382 "" 2.4671888 0.0 10.0 1.4415076e-10 3.6473893e-11 [5.478830722438488e-10,3.3703428936604496e-09,1.0198345501422068e-09,2.375643237684244e-09,1.8939385615368565e-09,1.733173271567523e-09,1.435869201316109e-09,1.7263689366942003e-09,1.1747985917409665e-09,1.708765018371139e-09] [[NaN,1.4214430743564321e-09],[-1.5289662869122367e-09,1.7683163822113102e-09],[NaN,1.640880986641946e-09],[-1.3635033102588068e-09,1.7332313362317109e-09],[-1.1504390773353634e-09,1.513430269994842e-09],[-1.1781692288437284e-09,1.419010242642571e-09],[-1.2808391014473841e-09,1.5101538908268708e-09],[-1.198646959466032e-09,1.5027157296287896e-09],[NaN,1.7937581420213178e-09],[-1.1840202152058055e-09,1.5683152554402113e-09]]
J1450.4+0910 222.6235 9.1818 2.611 PowerLaw 1018.7762 4.1814815e-13 2.3936188 4.949995e-13 2.237402 0.17123751 LSP 76.04494 0.9201301 0.24518669 3.133043e-10 3.971013e-11 [4.4096955253980497e-11,1.2569142171514613e-08,1.2129850013309351e-08,2.2093891161034662e-08,2.024020950841532e-08,8.862253153552047e-09,4.716207424593222e-09,2.1524413362783434e-09,3.3194003101755243e-10,7.169774773885251e-10] [[NaN,1.9674040174777474e-09],[-2.9907869514289587e-09,3.2007569927827717e-09],[-3.162187400818084e-09,3.3710518820839752e-09],[-3.365691281231875e-09,3.531636982856412e-09],[-3.320102859305507e-09,3.4848437469037208e-09],[-2.519934705347282e-09,2.696012302294548e-09],[-2.020046352413374e-09,2.2059649662509173e-09],[NaN,2.654473529872803e-09],[NaN,2.6404973763050066e-09],[NaN,2.7044473327464402e-09]]
J1450.8+5201 222.7239 52.028 2.471 PowerLaw 1908.8458 1.788384e-13 2.1666477 2.01447e-13 2.078598 0.11152432 LSP 11.647315 0.093670495 0.1399766 6.193533e-10 4.492766e-11 [1.0852485132772927e-08,1.3471159299172086e-08,8.907414361658539e-09,7.558924153272528e-09,6.801513574572482e-09,9.68521884914253e-09,1.0030739794331112e-08,1.100661073394349e-08,6.1177205523677e-09,8.651161564898757e-09] [[-2.084429517879016e-09,2.229151085941794e-09],[-1.9866257527922926e-09,2.11211181877502e-09],[-1.7643306815529058e-09,1.907723978789022e-09],[-1.7441744715185337e-09,1.8801549206415302e-09],[-1.6771283251060254e-09,1.8309805893679254e-09],[-2.1758272961136527e-09,2.3394477466354147e-09],[-2.061236070716177e-09,2.2065249627445382e-09],[-2.030649426387754e-09,2.2056325654773445e-09],[-1.7317303147024177e-09,1.8947385882484014e-09],[-2.0859360905234325e-09,2.254201714180226e-09]]
J1451.4+6355 222.8554 63.9172 0.65 PowerLaw 3981.756 1.7328248e-14 1.8224822 1.70621e-14 1.8316207 -0.008183197 LSP 29.523726 0.5011687 0.1704134 2.5548028e-10 2.8741277e-11 [1.7757125769790605e-09,2.1908794778369156e-09,1.1435681290805633e-09,6.790805695544577e-10,9.507029608002426e-10,2.472047899715335e-09,1.424824702667138e-09,8.759258873780595e-10,4.156645250219526e-09,3.310495433339611e-09] [[-6.285980624909371e-10,7.484050046357993e-10],[-6.559182641474592e-10,7.413204494710612e-10],[-4.625443084105285e-10,5.676952796740409e-10],[-3.627745881473743e-10,4.777655493448663e-10],[-3.953917471211099e-10,4.88533435927252e-10],[-6.649744643816291e-10,7.508712540627016e-10],[-6.365324933810257e-10,7.476230190484046e-10],[-4.0608477691606026e-10,5.132096969617805e-10],[-7.898646181558888e-10,8.774074244932706e-10],[-7.085212416768627e-10,7.854158989850646e-10]]
J1451.5+1415 222.8878 14.2612 0.529 PowerLaw 1128.7584 2.360933e-13 2.4144757 3.1357146e-13 2.3581977 0.29290107 "" 19.887846 0.58897257 0.23187743 2.233594e-10 3.3621782e-11 [1.979421737630105e-09,2.122169329155099e-09,7.682054992130816e-09,1.2135052074313535e-08,6.4796497056818225e-09,1.0031317110303917e-08,1.0703951058843586e-09,2.0762362940018875e-09,2.397421816624501e-09,4.6858406044236744e-09] [[NaN,1.9996171385372463e-09],[NaN,2.3376651725470765e-09],[-2.8686060193905405e-09,3.093123535080622e-09],[-2.9676590074245723e-09,3.154847716402287e-09],[-2.470821991451544e-09,2.718028024872865e-09],[-2.600579751543819e-09,2.7760640453067253e-09],[NaN,2.0464854255664022e-09],[NaN,2.500508466951601e-09],[-1.5643573103574226e-09,1.9947028473410455e-09],[-2.179437297300524e-09,2.4266955112040023e-09]]
