4LAC_catalog_generator_v2/resulting_catalogs/flux1000.ecsv
# %ECSV 1.0
# ---
# datatype:
# - {name: Source_Name, datatype: string}
# - {name: Flux1000, datatype: float32}
# - {name: Unc_Flux1000, datatype: float32}
# schema: astropy-2.0
Source_Name Flux1000 Unc_Flux1000
J0001.2+4741 1.2159239e-10 3.2066936e-11
J0001.2-0747 8.2320506e-10 5.6777423e-11
J0001.5+2113 1.3590526e-09 6.8598856e-11
J0001.6-4156 3.0486913e-10 3.4296448e-11
J0002.1-6728 2.4168523e-10 3.0690155e-11
J0002.3-0815 1.1693464e-10 3.32925e-11
J0002.4-5156 7.621813e-11 2.2970199e-11
J0003.1-5248 3.1529795e-10 3.654255e-11
J0003.2+2207 1.3514474e-10 3.3926677e-11
J0003.3-1928 4.0164658e-10 4.4221696e-11
J0003.3-5905 1.3030604e-10 2.5059215e-11
J0003.9-1149 3.505177e-10 4.4482935e-11
J0004.0+0840 1.9185711e-10 3.5494694e-11
J0004.3+4614 2.4093677e-10 3.923831e-11
J0004.4-4737 4.359618e-10 3.7467446e-11
J0005.9+3824 4.251474e-10 4.8877246e-11
J0006.3-0620 1.3976847e-10 3.1349683e-11
J0006.4+0135 1.5191187e-10 3.2195253e-11
J0007.7+4008 4.032977e-10 4.161232e-11
J0008.0+4711 2.0532935e-09 8.062639e-11
J0008.0-3937 1.4916648e-10 2.8882216e-11
J0008.4-2339 1.6445478e-10 3.0417942e-11
J0008.4+1455 3.4327866e-10 4.184089e-11
J0009.1+0628 4.770015e-10 4.728492e-11
J0009.3+5030 2.6324594e-09 8.7119825e-11
J0009.7-3217 1.5854622e-10 2.878957e-11
J0009.8-4317 2.0692376e-10 2.9457662e-11
J0009.8+1340 1.1838812e-10 3.1555175e-11
J0010.6+2043 1.7261258e-10 3.4438032e-11
J0010.6-3025 3.4923767e-10 3.6613886e-11
J0010.8-2154 1.1858327e-10 2.6714622e-11
J0011.4-4110 8.813913e-11 2.4898106e-11
J0011.4+0057 4.2882067e-10 4.463101e-11
J0011.8-3142 1.2288351e-10 2.7308142e-11
J0012.0+7043 3.7565356e-10 5.4013558e-11
J0013.1-3955 4.1848375e-10 3.7944693e-11
J0013.4+0950 1.6828142e-10 3.9719998e-11
J0013.6+4051 1.6368609e-10 3.1144805e-11
J0013.6-0424 1.6473552e-10 3.691031e-11
J0013.9-1854 2.9763778e-10 3.610505e-11
J0014.1+1910 2.2511593e-10 3.5455187e-11
J0014.1-5022 2.5777988e-10 3.3368842e-11
J0014.2+0854 1.6505607e-10 3.970365e-11
J0014.3-0500 4.008007e-10 4.7809284e-11
J0014.7+5801 2.2216122e-10 4.4768515e-11
J0014.8+6118 7.906864e-10 7.355586e-11
J0014.9+3212 3.5089673e-10 3.853911e-11
J0015.2+3537 1.0261945e-10 3.010108e-11
J0015.6+5551 3.639665e-10 5.0971664e-11
J0015.9+2440 2.4848282e-10 3.484268e-11
J0016.2-0016 4.1683504e-10 4.4171028e-11
J0016.5+1702 1.5104273e-10 3.691767e-11
J0017.0-0649 3.8783798e-10 4.186845e-11
J0017.5-0514 7.581995e-10 5.55433e-11
J0017.8+1455 2.3595012e-10 3.678077e-11
J0018.4+2946 2.633416e-10 3.660987e-11
J0019.2-5640 2.902145e-10 3.1760795e-11
J0019.3-8152 6.1294475e-10 4.6994634e-11
J0019.6+7327 1.1090502e-09 6.990604e-11
J0019.6+2022 3.1732184e-10 3.857942e-11
J0020.3+6919 2.5407754e-10 5.5641384e-11
J0021.0+0322 1.5053572e-10 3.3004557e-11
J0021.5-2552 6.543886e-10 4.620578e-11
J0021.6-0855 1.6307894e-10 3.2833194e-11
J0021.9-5140 5.9852034e-10 4.126734e-11
J0022.0+0006 1.04127415e-10 3.2829576e-11
J0022.1-1854 8.571296e-10 5.931551e-11
J0022.5+0608 2.082378e-09 8.626646e-11
J0023.7-6820 2.3470223e-10 2.9061363e-11
J0023.7+4457 5.4700333e-10 4.4847744e-11
J0023.9+1603 2.5732702e-10 3.7854393e-11
J0024.4+4647 1.2209325e-10 3.0323154e-11
J0024.7+0349 1.6295676e-10 3.26478e-11
J0025.2-2231 1.08918714e-10 2.5271561e-11
J0025.7-4801 3.0035974e-10 3.4848232e-11
J0026.6-4600 2.0080453e-10 2.948317e-11
J0028.1+7505 3.6534034e-10 5.1812773e-11
J0028.4+2001 6.0482447e-10 4.9275608e-11
J0028.8-0112 1.1189993e-10 3.118338e-11
J0028.9+3553 2.4371827e-10 3.7758113e-11
J0029.0-7044 4.6776033e-10 3.837439e-11
J0029.4+2051 8.9076864e-11 2.633865e-11
J0030.2-1647 2.877504e-10 3.608414e-11
J0030.3-4224 1.029897e-09 5.230638e-11
J0030.6-0212 1.5311797e-09 7.2744116e-11
J0031.3+0726 1.7946121e-10 3.4267818e-11
J0032.3-5522 4.4724524e-10 4.2680984e-11
J0032.4-2849 1.64243e-10 2.8767247e-11
J0033.3-2040 6.935674e-11 2.4110516e-11
J0033.5-1921 2.7879692e-09 9.421686e-11
J0033.9+3858 2.4238753e-10 3.5560156e-11
J0034.0-4116 1.930421e-10 2.8982833e-11
J0035.0-5728 1.14032075e-10 2.5123802e-11
J0035.2+1514 1.1625527e-09 6.8902974e-11
J0035.8-0837 1.1781769e-10 3.0520038e-11
J0035.8+6131 3.6460077e-10 6.2602715e-11
J0035.9+5950 3.3259826e-09 1.0793692e-10
J0036.9+1832 2.7618743e-10 3.9475298e-11
J0037.6+3653 1.8145271e-10 3.3880877e-11
J0037.8+1239 7.296093e-10 5.4979046e-11
J0037.9+2612 1.5267976e-10 3.1643854e-11
J0038.1+0012 4.2125659e-10 4.220297e-11
J0038.2-2459 1.4487882e-09 6.7030714e-11
J0038.7-0204 1.7130869e-10 3.1827305e-11
J0039.0-0946 2.3314642e-10 3.5128928e-11
J0039.1-2219 2.367582e-10 3.356363e-11
J0039.1+4330 2.1889912e-10 3.344957e-11
J0040.3+4050 2.1754129e-10 4.1955727e-11
J0040.4-2340 1.8321836e-10 3.0230738e-11
J0040.9+3203 1.385347e-10 3.200949e-11
J0041.3+6052 5.852095e-10 8.1543175e-11
J0041.4+3800 1.498826e-10 3.349429e-11
J0041.7-1607 7.067968e-11 2.3899738e-11
J0041.9-4702 6.6338005e-11 2.0229584e-11
J0042.0+3640 1.655587e-10 3.303671e-11
J0042.2+2319 4.0278916e-10 4.1486255e-11
J0043.5-0442 1.8100954e-10 3.689431e-11
J0043.6+2223 1.5733374e-10 3.3254833e-11
J0043.7-1116 2.0266369e-10 3.4362683e-11
J0043.8+3425 2.6462872e-09 9.225067e-11
J0044.2-8424 2.0397907e-10 3.6037395e-11
J0044.8+6802 4.6397516e-10 6.125544e-11
J0045.1-3706 4.1161635e-10 3.7625562e-11
J0045.3+2128 1.5123338e-09 7.295282e-11
J0045.7+1217 8.992199e-10 5.8244395e-11
J0047.0+5657 9.641132e-10 6.661697e-11
J0047.1-6203 4.942502e-11 1.959039e-11
J0047.9+3947 7.8084383e-10 4.9791258e-11
J0047.9+5448 8.890009e-11 3.184126e-11
J0047.9+2233 3.8848086e-10 4.7897505e-11
J0048.6-2427 1.9813559e-10 3.245011e-11
J0049.0+2252 1.8548975e-10 4.0535426e-11
J0049.1+4223 1.3919822e-10 3.1664255e-11
J0049.4-5402 2.8294056e-10 3.2198983e-11
J0049.5-4150 1.0836755e-10 2.690128e-11
J0049.6-4500 1.2502659e-10 2.4335877e-11
J0049.7+0237 1.298064e-09 6.4932885e-11
J0050.0-5736 3.8489475e-10 3.4391587e-11
J0050.4-0452 9.438867e-10 5.9326606e-11
J0050.7-0929 3.9268455e-09 1.1222934e-10
J0051.1-0648 9.0882335e-10 6.362136e-11
J0051.2-6242 1.8131997e-09 7.0066404e-11
J0051.5-4220 1.5447112e-10 3.028241e-11
J0052.9-6644 1.2932198e-10 2.4012755e-11
J0054.4+8627 2.2641805e-10 3.1839767e-11
J0054.7-2455 7.298831e-10 4.9623257e-11
J0054.8-1954 1.0361015e-10 2.639841e-11
J0055.1-1219 4.1662873e-10 4.163214e-11
J0056.3-0935 7.2247486e-10 5.3614075e-11
J0056.4-2118 9.4887e-10 6.0303235e-11
J0056.5-3936 1.3418668e-10 3.1694376e-11
J0056.6-4452 1.1959729e-10 2.4626766e-11
J0056.6-5317 1.7696093e-10 2.6898516e-11
J0056.8+1626 1.6787448e-10 3.4132537e-11
J0057.0+4101 1.2243404e-10 2.88623e-11
J0057.3+2216 1.4953945e-10 3.1473515e-11
J0057.7+3023 2.7457217e-10 3.8900223e-11
J0058.0-0539 4.1236647e-10 4.5477476e-11
J0058.0-3233 1.39537e-09 6.862059e-11
J0058.3+1723 5.5000504e-11 2.2181246e-11
J0058.4+3315 2.1845215e-10 3.3964748e-11
J0058.6-1140 1.2100736e-10 2.9933896e-11
J0059.2+0006 1.7247746e-10 3.3415905e-11
J0059.3-0152 2.2207318e-10 3.7529316e-11
J0059.5-3512 1.3826731e-10 2.576474e-11
J0059.5-3338 8.7518666e-11 2.4292016e-11
J0100.3+0745 1.6453374e-09 8.014835e-11
J0101.0-0059 1.5720822e-10 3.2262158e-11
J0101.7-5455 6.218991e-11 2.0404064e-11
J0101.8-7543 8.670339e-11 2.8585526e-11
J0102.0+1639 1.581094e-10 3.1907987e-11
J0102.4+4214 3.7113146e-10 3.8376927e-11
J0102.4+0942 1.876879e-10 4.3154733e-11
J0102.6-5639 1.5400141e-10 3.203161e-11
J0102.7-2001 5.7602076e-11 2.0688014e-11
J0102.8+5824 4.2479202e-09 1.1747854e-10
J0103.1+4954 1.6198524e-10 3.5391263e-11
J0103.5+1526 1.7437181e-10 3.541172e-11
J0103.5+5337 6.0725797e-10 5.634488e-11
J0103.8+1321 2.4510408e-10 3.6601975e-11
J0104.8-2416 3.309413e-10 3.7000375e-11
J0105.1+3929 4.649062e-10 4.211412e-11
J0106.9-4832 9.7726285e-11 2.1892635e-11
J0107.3-1210 2.0483476e-10 3.4187844e-11
J0107.4+0334 1.821771e-10 3.270598e-11
J0108.1-0039 1.9586938e-10 3.450754e-11
J0108.6+0134 1.1030991e-08 1.69688e-10
J0109.1+1815 7.0183054e-10 5.128061e-11
J0109.3+2401 1.6123634e-10 3.413116e-11
J0109.7+6133 2.2594664e-09 9.963362e-11
J0110.0-4019 1.6026658e-10 2.7692543e-11
J0110.1+6805 2.1626338e-09 8.9049254e-11
J0110.2+4151 6.894091e-11 2.655024e-11
J0110.7-1254 2.1811285e-10 3.6239487e-11
J0110.9+4344 1.8145437e-10 3.253061e-11
J0111.4+0534 1.04750014e-10 3.0058216e-11
J0111.5-2546 1.1752098e-10 2.6614369e-11
J0112.0-6634 1.8301301e-10 2.7074547e-11
J0112.1+2245 7.98297e-09 1.4613598e-10
J0112.1-0321 2.4809152e-10 3.8927247e-11
J0112.6-3158 8.3154934e-11 2.3525711e-11
J0112.8-7506 3.2171016e-10 3.5071678e-11
J0112.8+3208 2.7594906e-09 8.692768e-11
J0113.1-3553 4.436465e-10 3.879927e-11
J0113.4+4948 1.6802768e-09 7.610399e-11
J0113.7+0225 2.3533345e-10 3.7879488e-11
J0114.0+6418 3.9427148e-10 7.256834e-11
J0114.8+1326 1.1094115e-09 6.067821e-11
J0114.9-3400 1.300257e-10 2.9589196e-11
J0115.1+2622 1.5965515e-10 3.5314834e-11
J0115.1-0129 2.4399968e-10 3.6494526e-11
J0115.6+0356 1.2695649e-09 6.511342e-11
J0115.8+2519 1.7212746e-09 7.400861e-11
J0116.0-1136 8.4458124e-10 5.4050237e-11
J0116.0-2745 1.628272e-10 3.4525476e-11
J0116.2-6153 2.6606226e-10 3.0889746e-11
J0116.5-2812 1.1336786e-10 2.8825968e-11
J0116.5-3046 9.882634e-11 2.5798592e-11
J0117.5-2442 7.304074e-11 2.4698294e-11
J0117.8-2109 7.0491163e-10 5.7789173e-11
J0118.7-0848 1.210991e-10 2.9373354e-11
J0118.9-2141 3.0498617e-09 9.7465744e-11
J0119.0-1458 3.1149655e-10 3.763584e-11
J0119.4-5354 1.6272256e-10 2.8361874e-11
J0119.6+4158 1.1883024e-10 2.8987604e-11
J0119.9+4053 9.182274e-11 2.6597289e-11
J0120.4-2701 3.452381e-09 1.0095252e-10
J0121.7+5153 1.210489e-10 3.6274643e-11
J0121.8-3916 2.3130564e-10 3.122689e-11
J0122.1-3004 4.7990185e-11 2.2878258e-11
J0123.1+3421 2.2404874e-10 3.5994735e-11
J0123.7-2311 5.3349075e-10 4.5804305e-11
J0124.8-0625 2.4918956e-10 3.607953e-11
J0125.3-2548 5.0944543e-10 4.192613e-11
J0125.4+3200 9.038561e-11 2.8355832e-11
J0125.7-0015 1.3344818e-10 2.8559072e-11
J0126.0-2221 3.1707253e-10 3.652402e-11
J0126.5-1553 1.0401309e-10 2.7433578e-11
J0127.1+3310 1.2367761e-10 3.166365e-11
J0127.2-0819 7.2594397e-10 5.1716135e-11
J0127.2+0324 4.914907e-10 4.547522e-11
J0127.4-4813 1.8842522e-10 2.7873178e-11
J0127.9+4857 2.484833e-10 4.083924e-11
J0128.2+4400 1.3737149e-10 3.3408606e-11
J0128.3+5710 2.3199893e-10 4.5322385e-11
J0128.5+4440 1.5765733e-10 3.276259e-11
J0129.0+6312 7.0791095e-10 1.0017153e-10
J0129.7+3436 2.0320431e-10 3.239781e-11
J0129.8+1440 2.6688968e-10 3.7598275e-11
J0130.4-2129 1.324554e-10 2.8088249e-11
J0130.6+1844 2.008248e-10 3.3977175e-11
J0131.1+6120 1.4861697e-09 8.7054954e-11
J0131.2+5547 5.4502025e-10 5.4453494e-11
J0132.7-1654 2.121998e-09 7.754878e-11
J0132.7-0804 2.0812367e-10 3.5326502e-11
J0132.8-4413 3.0638375e-10 3.269998e-11
J0132.8+4324 2.2178237e-10 3.474876e-11
J0133.1-5201 1.719801e-09 6.628808e-11
J0133.2-4533 7.099826e-11 2.2661014e-11
J0134.3-3842 1.3879899e-10 2.5610505e-11
J0134.5+2637 8.871027e-10 5.78043e-11
J0135.0+5338 2.9114466e-10 5.4150302e-11
J0135.1+0255 8.070305e-11 2.753419e-11
J0136.5+3906 4.533686e-09 1.1223388e-10
J0137.0+4751 3.637138e-09 9.8870294e-11
J0137.6-2430 9.398605e-10 5.3608295e-11
J0137.9+5814 1.4893045e-09 7.529869e-11
J0138.0+2247 3.9574868e-10 4.46939e-11
J0138.5-4613 3.009283e-10 3.3110823e-11
J0139.0+2601 1.8523653e-10 3.525314e-11
J0140.6-0758 1.4592028e-10 3.2588546e-11
J0140.6+8736 2.0206974e-10 3.5773832e-11
J0141.4-0928 2.3849251e-09 8.6343446e-11
J0142.7-0543 1.5244421e-10 2.8543888e-11
J0143.1-3622 3.1891004e-10 3.4737054e-11
J0143.5-3156 1.1695683e-10 2.7023024e-11
J0143.7-5846 1.1105542e-09 5.1439884e-11
J0144.6+2705 5.974149e-09 1.286252e-10
J0145.0-2732 6.0184796e-10 4.5526128e-11
J0145.9+2319 1.7554341e-10 3.6567378e-11
J0146.0-6746 3.9870954e-10 3.4811706e-11
J0146.3+4606 2.0553587e-10 3.4301173e-11
J0146.9-5202 3.136619e-10 3.3876336e-11
J0147.7-1321 1.062511e-10 2.5780909e-11
J0148.2+5201 5.6151933e-10 4.868685e-11
J0148.6+0127 2.6950187e-10 3.7341095e-11
J0149.6-0734 1.01399014e-10 2.6006357e-11
J0150.6-5448 1.2455444e-10 2.4814905e-11
J0151.0+0539 1.972099e-10 3.3544476e-11
J0151.3+8601 3.9758638e-10 3.7525927e-11
J0151.4-3607 1.8522575e-10 2.84242e-11
J0151.7+5455 2.3214915e-10 4.2333862e-11
J0152.2+3714 2.1998456e-10 3.395833e-11
J0152.2+2206 3.6987524e-10 4.2335094e-11
J0152.6+0147 8.078456e-10 5.4724236e-11
J0153.0+7517 4.6591825e-10 4.6843984e-11
J0153.4+7114 2.8963054e-10 4.976308e-11
J0153.5-5107 4.562505e-11 1.9375708e-11
J0153.9+0823 1.6167371e-09 7.957668e-11
J0154.3-0236 1.9349604e-10 3.3754954e-11
J0155.0+4433 5.594037e-10 5.2148112e-11
J0155.4-0625 1.2687798e-10 2.9449047e-11
J0156.1+1502 8.2191594e-11 2.7662853e-11
J0156.5+3914 4.405468e-10 4.1216953e-11
J0156.6-1758 1.1972394e-10 2.640699e-11
J0156.8-4744 2.92063e-10 3.24246e-11
J0156.9-5301 5.2287275e-10 4.3706767e-11
J0156.9+4648 1.7168635e-10 3.3084074e-11
J0157.7-4614 5.204507e-10 4.5875945e-11
J0158.5-3932 7.295328e-10 4.7235896e-11
J0158.8+0101 2.5054145e-10 3.6478688e-11
J0159.3-4523 9.221223e-11 2.5881365e-11
J0159.5+1046 9.930446e-10 6.139483e-11
J0159.7-2740 4.0199774e-10 3.742445e-11
J0200.3-4109 2.471866e-10 3.2393546e-11
J0200.6-6637 2.9645228e-10 3.190193e-11
J0201.1+0036 9.8113795e-11 2.9957672e-11
J0201.1-4347 7.658778e-11 2.2316633e-11
J0202.4+0849 1.8736931e-10 3.749239e-11
J0202.6-0258 2.5148583e-10 3.832407e-11
J0202.7+4204 2.1306212e-10 3.4869583e-11
J0202.9-0225 1.9394379e-10 3.8975993e-11
J0203.6+7233 4.981882e-10 5.7687483e-11
J0203.7+3042 2.2531934e-09 8.4000897e-11
J0204.0-3334 1.364831e-10 2.6740936e-11
J0204.1-2919 8.534564e-11 2.2987452e-11
J0204.3-3140 1.09325105e-10 2.5487648e-11
J0204.3+2417 1.2907116e-10 3.231288e-11
J0204.8+1513 8.2445095e-10 5.4636237e-11
J0205.0-1700 8.4035695e-10 5.281768e-11
J0205.2+3212 7.075974e-10 4.9876117e-11
J0206.0-0958 9.16681e-11 2.8764486e-11
J0206.4-1151 1.0681266e-09 5.830964e-11
J0206.8-5744 2.0635434e-10 2.8534033e-11
J0207.4-3855 2.0828055e-10 3.123866e-11
J0207.5-1049 1.1160925e-10 2.9470724e-11
J0207.5-2402 3.40013e-10 3.6521654e-11
J0207.9+2203 1.7010772e-10 3.6111347e-11
J0207.9+0953 1.4614765e-10 3.6105723e-11
J0208.3-6838 2.7658348e-10 3.1067135e-11
J0208.5-0046 2.2619671e-10 3.400069e-11
J0208.6+3523 2.3133685e-10 3.7078927e-11
J0209.3+4449 2.8483926e-10 3.7475002e-11
J0209.3-5228 1.7498138e-09 6.5916675e-11
J0209.9+7229 7.780272e-10 7.252596e-11
J0210.1+2518 1.8604128e-10 3.5330388e-11
J0210.5-1445 1.1942364e-10 2.7102785e-11
J0210.7-5101 5.289078e-09 1.0881616e-10
J0211.1-0646 2.3232562e-10 3.3782636e-11
J0211.2+1051 5.2646185e-09 1.2759352e-10
J0212.2-2559 1.6743318e-10 2.9338157e-11
J0212.2-0219 1.8417183e-10 3.233352e-11
J0212.4-3502 3.2588635e-10 3.502589e-11
J0212.8-2721 1.8805399e-10 3.052407e-11
J0212.9+2244 5.541314e-10 4.90184e-11
J0213.8-6949 1.16314985e-10 2.6732932e-11
J0214.1-4733 1.00299005e-10 2.4973117e-11
J0214.2-7025 2.0652424e-10 2.9850643e-11
J0214.3+5145 4.5709708e-10 4.7648337e-11
J0214.4-5822 1.00929015e-10 2.320154e-11
J0214.6-4333 4.7809978e-11 2.0660484e-11
J0214.8-6150 1.1599663e-10 2.537223e-11
J0214.9-3722 9.646777e-11 2.5492422e-11
J0215.3+7555 1.277845e-10 3.677615e-11
J0215.9+0300 2.7903396e-10 3.9044948e-11
J0216.5+2313 2.579373e-10 3.978522e-11
J0216.6-1015 6.194456e-10 4.7261497e-11
J0216.8-6635 7.3495293e-10 4.890025e-11
J0216.8+0510 2.2481499e-10 3.711467e-11
J0217.0-0821 3.5918404e-10 3.9908705e-11
J0217.2+0837 1.6150239e-09 7.412198e-11
J0217.4+7352 4.7242543e-10 5.2039286e-11
J0217.8+0144 2.8417704e-09 9.2935167e-11
J0218.9-2305 1.8117152e-10 3.0560682e-11
J0218.9+3643 6.8816586e-10 5.830527e-11
J0219.0+2443 3.1910607e-10 4.217069e-11
J0219.1-1724 2.6526642e-10 3.7255997e-11
J0219.5+0724 1.6583271e-10 3.5654615e-11
J0220.2+3246 1.4428145e-10 3.2962143e-11
J0220.8-0841 1.0418109e-10 2.8301982e-11
J0221.1+3556 7.803925e-09 1.3901678e-10
J0221.2-1312 1.0797673e-10 2.6134891e-11
J0221.5+2513 2.438781e-10 4.441571e-11
J0221.8+3730 1.647049e-10 3.1774222e-11
J0222.0-1616 3.293742e-10 3.9114118e-11
J0222.6+4302 1.4972379e-08 2.0069156e-10
J0223.0-3447 1.232756e-10 2.7257953e-11
J0223.0+6821 4.968807e-10 5.8528515e-11
J0223.1-1117 2.4907204e-10 3.5635092e-11
J0223.2-1653 1.4188449e-10 3.7693088e-11
J0223.5+5415 1.0882247e-10 3.1849117e-11
J0223.5+3912 2.671249e-10 3.7182323e-11
J0223.5-0928 1.7998117e-10 3.2130472e-11
J0224.0-7941 2.861717e-10 3.5030295e-11
J0224.0-1850 1.9090993e-10 3.4395136e-11
J0224.2+0700 2.1699637e-10 3.832737e-11
