4LAC_catalog_generator_v2/resulting_catalogs/flux1000.ecsv
# %ECSV 1.0
# ---
# datatype:
# - {name: Source_Name, datatype: string}
# - {name: Flux1000, datatype: float32}
# - {name: Unc_Flux1000, datatype: float32}
# schema: astropy-2.0
Source_Name Flux1000 Unc_Flux1000
[from data line 2382]
J1520.0-0905 2.0555838e-10 4.616946e-11
J1520.4+5546 2.5612318e-10 2.8746517e-11
J1520.5+4209 1.9078977e-10 2.8366642e-11
J1520.8-0348 9.82595e-10 7.197392e-11
J1521.1+0421 1.33679e-10 3.5092904e-11
J1521.8+4338 1.3467781e-10 2.5901371e-11
J1522.1+3144 1.1200376e-08 1.5457323e-10
J1522.6-2730 2.27126e-09 9.5688166e-11
J1523.2-3941 2.0236089e-10 4.385318e-11
J1523.2+0533 1.4663107e-10 3.3962316e-11
J1524.8-5904 9.449718e-10 1.075789e-10
J1526.1-0831 3.076809e-10 4.4294967e-11
J1526.7-1529 2.3076983e-10 4.2294036e-11
J1527.3+3117 1.6986114e-10 3.3527806e-11
J1528.2-2905 1.6892072e-10 4.4272704e-11
J1528.5-2240 3.1213584e-10 5.5034758e-11
J1529.2+3812 1.5249003e-10 2.7321749e-11
J1529.7+6733 1.5971294e-10 2.4491603e-11
J1530.5-3026 2.7343758e-10 4.592644e-11
J1530.9+5736 2.23436e-10 2.7978873e-11
J1531.7+4710 1.3458265e-10 2.5205872e-11
J1532.0+3016 4.3943957e-10 4.0205853e-11
J1532.7-1319 4.5894937e-09 1.2212836e-10
J1533.2+1855 2.960581e-10 4.1415735e-11
J1533.2+3416 3.5764408e-10 3.534393e-11
J1534.8+3716 2.7177682e-10 3.8496494e-11
J1534.8+0131 9.139127e-10 5.9781013e-11
J1535.0+5320 1.8075709e-10 2.7050027e-11
J1535.3-3135 1.2385058e-10 3.6291605e-11
J1535.4+3919 1.9964494e-10 2.9516875e-11
J1535.8-4730 2.808971e-10 5.8562086e-11
J1536.8-3155 2.4655772e-10 4.2841734e-11
J1537.7-7957 7.429339e-10 5.3348145e-11
J1537.9-1344 1.3105973e-10 3.612158e-11
J1539.6+2743 6.5890204e-10 4.6706385e-11
J1539.7-1127 3.7555178e-10 5.2378414e-11
J1539.9+4220 1.6069239e-10 2.9133213e-11
J1540.1+8155 6.0374744e-10 4.1470802e-11
J1540.4+6606 9.510834e-11 2.3781978e-11
J1540.7+1449 3.462136e-10 4.2609003e-11
J1541.7+1413 2.0170154e-10 3.846342e-11
J1541.9-2915 4.4151333e-10 4.919794e-11
J1542.3+1801 1.760468e-10 3.5561037e-11
J1543.0+6130 6.3502337e-09 1.1208813e-10
J1543.6+0452 4.619927e-10 4.9238863e-11
J1544.3-0649 1.0176331e-09 6.683834e-11
J1544.5-1126 1.0410752e-09 7.533472e-11
J1545.8-2336 1.6815671e-10 4.5761867e-11
J1546.0+0819 5.835293e-10 4.8151788e-11
J1546.1-1003 4.08265e-10 5.1208742e-11
J1546.5+1816 1.5761668e-10 3.3552935e-11
J1547.3-1531 1.854867e-10 4.2309777e-11
J1547.3-2802 3.3099096e-10 4.727076e-11
J1547.9-6403 2.500746e-10 4.508218e-11
J1548.3+6615 8.9433405e-11 2.347554e-11
J1548.3+1456 1.6956088e-09 7.7729594e-11
J1548.8-2250 1.018905e-09 7.1019274e-11
J1549.0+7846 6.8014455e-11 2.0381433e-11
J1549.3+6310 1.00206364e-10 2.6003841e-11
J1549.3+4234 1.1876694e-10 2.467839e-11
J1549.4+7409 1.4160388e-10 2.322623e-11
J1549.5+0236 1.0154991e-09 6.412909e-11
J1549.6+1710 1.638105e-10 3.3921546e-11
J1549.8-3044 2.2155731e-10 4.0491558e-11
J1549.8-0659 9.647145e-10 6.548796e-11
J1550.7+7006 8.012098e-11 2.1178202e-11
J1550.7+0528 8.3338336e-10 6.4777336e-11
J1550.8-0822 1.9509433e-10 4.3444717e-11
J1550.8-1750 2.4519486e-10 4.398236e-11
J1552.0+0850 3.50765e-10 4.2305087e-11
J1553.3+0600 1.3432706e-10 3.3678112e-11
J1553.5-3118 1.3563787e-09 7.6047786e-11
J1553.6+1257 1.422829e-09 7.173432e-11
J1553.6-2422 1.5550792e-09 7.6718354e-11
J1554.4-1215 2.166643e-10 4.4333096e-11
J1554.9+2143 2.0159639e-10 3.4693217e-11
J1555.2-4149 7.8859597e-10 8.105485e-11
J1555.7+1111 1.4377575e-08 2.0099583e-10
J1557.5-7040 6.5048883e-10 5.0829764e-11
J1557.9-0001 1.8633324e-10 4.3211396e-11
J1557.9-1404 3.9898018e-10 5.993464e-11
J1558.8+5625 9.931707e-10 4.7964337e-11
J1558.9-6432 1.5694887e-09 7.2258546e-11
J1559.1+6736 1.7486892e-10 2.5554772e-11
J1559.8-2525 2.8991431e-10 4.5931745e-11
J1559.9+2319 4.9142146e-10 4.7655036e-11
J1600.0+8510 4.5279663e-10 3.651173e-11
J1600.3-5811 8.9312946e-10 8.3698354e-11
J1602.0-0641 2.0432459e-10 4.2849516e-11
J1602.1+3324 2.4834873e-10 3.219563e-11
J1602.2+3051 1.4967537e-10 2.7475017e-11
J1602.9-1928 3.7011416e-10 5.164866e-11
J1603.5-7112 1.839655e-10 3.9343154e-11
J1603.8+1104 2.29618e-10 3.9744274e-11
J1603.8+5009 2.3457317e-10 2.996265e-11
J1603.8-4903 5.1695515e-09 1.9873557e-10
J1604.5-4441 1.9226476e-09 1.1118956e-10
J1604.6+5714 1.6517573e-09 6.006568e-11
J1604.7+1734 1.4432457e-10 3.25211e-11
J1604.9-3414 1.2361721e-10 4.0544772e-11
J1605.1-1140 3.298073e-10 5.2290373e-11
J1605.5+5423 1.2550408e-10 2.3105864e-11
J1605.8+7208 6.505837e-11 1.9475702e-11
J1606.2+1346 1.0176621e-10 3.36254e-11
J1606.3+5629 1.3372976e-10 2.748809e-11
J1606.5+2717 1.5327037e-10 3.4076873e-11
J1606.6+1324 1.4978276e-10 3.5885295e-11
J1606.9+5919 1.1939288e-10 2.2155654e-11
J1607.0+1550 2.2452413e-09 8.324821e-11
J1608.0+4949 1.0686491e-10 2.312384e-11
J1608.0-2038 5.136094e-10 5.7833585e-11
J1608.3+4012 8.8267615e-11 2.2633844e-11
J1608.7+1029 8.3155954e-10 5.867797e-11
J1610.3-3958 8.635544e-10 7.8151804e-11
J1610.6+2414 1.886233e-10 3.5278e-11
J1610.7-6648 2.9021852e-09 9.410307e-11
J1612.2+2828 1.1158885e-10 2.8259275e-11
J1612.4-3100 1.2029048e-09 7.920258e-11
J1612.4-0554 1.9754659e-10 4.9213217e-11
J1613.3-1907 2.3025312e-10 5.542041e-11
J1613.5-4225 2.722588e-10 6.8563585e-11
J1613.6+3411 8.5776586e-10 4.9215004e-11
J1614.8-0850 1.16503e-10 5.2512057e-11
J1615.6+2130 2.491588e-10 3.790305e-11
J1615.6+4712 4.1086423e-10 3.628689e-11
J1616.6+4630 1.3082653e-10 2.664123e-11
J1616.7+3327 1.4815084e-10 2.8398955e-11
J1616.7+4107 1.5009585e-10 2.4989363e-11
J1617.2-2535 4.7579324e-10 8.240664e-11
J1617.3-1513 2.857628e-10 6.201405e-11
J1617.3-5849 1.0646136e-09 8.031533e-11
J1617.9-7718 1.5351743e-09 6.709542e-11
J1618.0+5139 1.5731581e-10 2.7300242e-11
J1618.8+0620 1.3697382e-10 3.382511e-11
J1619.0+7536 2.5367247e-10 2.8555075e-11
J1619.0-8346 1.5948495e-10 3.195173e-11
J1619.6+5536 2.1511416e-10 2.8274232e-11
J1621.7-1103 4.4598222e-10 5.4429634e-11
J1623.4+0858 1.5578085e-10 3.6330897e-11
J1623.6+5743 1.5044653e-10 2.5043601e-11
J1624.6+5651 1.9934406e-10 2.7403975e-11
J1624.9-4210 5.7250815e-10 1.1886421e-10
J1625.2-3600 3.4502248e-10 6.504274e-11
J1625.7-2527 4.9566005e-09 1.5431484e-10
J1625.7+4134 4.0794165e-10 3.5540938e-11
J1626.0-2950 2.8354064e-09 1.0659277e-10
J1626.3+3514 1.4714807e-10 2.7124176e-11
J1626.4+1820 1.7271977e-10 3.51078e-11
J1626.6-7639 4.3331488e-10 4.5530732e-11
J1626.8+4337 8.250513e-11 2.323768e-11
J1627.3+3148 1.5806302e-10 3.323105e-11
J1627.3+4758 1.3796142e-10 2.6495275e-11
J1627.4-3301 3.916792e-10 6.5154986e-11
J1627.7+0251 2.5246566e-10 3.890142e-11
J1628.3-3343 4.47499e-10 6.669174e-11
J1628.6+7706 9.685754e-10 4.8941837e-11
J1628.8-6149 7.140103e-10 6.214097e-11
J1630.6+8234 1.220026e-09 5.4187876e-11
J1630.7+5221 1.206193e-09 5.6788005e-11
J1631.0-5302 4.3840426e-10 7.99374e-11
J1631.2+4926 1.1450911e-10 2.5304257e-11
J1631.2+1046 4.4210127e-10 4.7859224e-11
J1632.2+0854 3.4325406e-10 4.350997e-11
J1632.4+5800 7.1691764e-11 2.0766663e-11
J1632.8-1048 3.5467082e-10 5.839471e-11
J1633.8+0701 3.5669573e-10 4.508008e-11
J1634.9+1222 1.7312418e-10 4.024865e-11
J1635.2+3808 1.3365252e-08 1.7536272e-10
J1635.6+3500 1.5371494e-10 3.277476e-11
J1635.6+3628 2.44506e-10 3.2943027e-11
J1636.3+7128 9.7727486e-11 2.369748e-11
J1636.5-0454 1.3703613e-10 4.8413107e-11
J1636.7+2627 3.2762054e-10 3.747635e-11
J1636.9-4103 5.621201e-10 8.418459e-11
J1637.1+1316 1.6286426e-10 3.5169246e-11
J1637.2+4327 6.525153e-11 2.1982308e-11
J1637.6+4548 8.4576485e-11 2.4731335e-11
J1637.7+4717 1.1640957e-09 5.309273e-11
J1637.7+7326 7.7085775e-11 2.0034774e-11
J1637.8-3449 1.3161289e-09 8.3296856e-11
J1638.0+0042 1.1459409e-10 3.5416437e-11
J1638.1+5721 3.3120598e-10 3.043598e-11
J1639.2+4129 4.1510145e-10 4.0963753e-11
J1640.2+0629 2.0581883e-10 4.1991244e-11
J1640.3+6850 2.1268956e-10 2.8136361e-11
J1640.4+3945 2.0096607e-09 8.2148496e-11
J1640.9+1143 3.3171055e-10 4.1930594e-11
J1641.9-0621 9.463825e-10 7.552113e-11
J1642.3-8108 1.6601436e-10 3.49329e-11
J1642.4+2211 1.077663e-10 3.3986806e-11
J1642.9+3948 2.2785154e-09 8.393398e-11
J1643.0+3223 1.7302507e-10 2.8509466e-11
J1643.0-7714 1.6687308e-10 3.332832e-11
J1643.5-0646 3.788893e-10 6.411822e-11
J1643.7+3317 6.802328e-11 2.1320494e-11
J1644.2+4546 1.07571035e-10 2.4209062e-11
J1644.5-4602 2.8616223e-09 3.5099637e-10
J1644.8-2154 4.404437e-10 7.7985916e-11
J1644.9+2620 2.2833543e-10 3.5125323e-11
J1645.6+6329 4.5772133e-10 3.79295e-11
J1646.0-0942 2.344508e-10 6.178862e-11
J1646.6+7422 1.13023285e-10 2.3330475e-11
J1646.7-1330 1.9609525e-10 6.0398485e-11
J1647.0+6040 9.65964e-11 2.3117995e-11
J1647.1+6149 1.3047131e-10 2.4708013e-11
J1647.4-6438 6.9923034e-10 5.2222403e-11
J1647.5+2911 1.9574266e-10 3.0328174e-11
J1647.5+4950 1.0901247e-09 5.1292956e-11
J1648.0+2221 2.5109942e-10 3.637177e-11
J1648.2+4232 4.984617e-10 3.9620116e-11
J1649.4+5235 1.0571115e-09 4.989256e-11
J1649.6+0411 2.7014382e-10 4.700009e-11
J1650.3-5045 3.3552472e-09 1.1820567e-10
J1650.7+0831 4.278076e-10 5.0696582e-11
J1650.9+0429 1.5848976e-10 4.2966644e-11
J1651.6+7219 2.754013e-10 3.060985e-11
J1652.7+4024 2.4521846e-10 4.1457032e-11
J1653.8+3945 1.0698634e-08 1.6121314e-10
J1654.0-3509 6.000132e-10 7.835752e-11
J1656.0+2047 3.1202943e-10 3.943735e-11
J1656.3-3301 7.788231e-10 8.887409e-11
J1656.9-2010 7.945254e-10 6.8213e-11
J1657.0+6010 2.2461238e-10 2.8812792e-11
J1657.7-6120 2.2328289e-10 4.3788195e-11
J1657.7+4808 1.8588137e-09 6.6386445e-11
J1658.4+6150 1.5732399e-10 2.5690962e-11
J1659.0+2627 1.4793317e-10 3.3801725e-11
J1659.7-3131 1.066935e-09 7.993646e-11
J1700.0+6830 2.7582232e-09 7.307983e-11
J1701.0+6613 2.590855e-10 2.962085e-11
J1701.3+3956 2.556461e-10 3.3374276e-11
J1701.7-5621 2.4919863e-10 5.5599015e-11
J1702.2+2642 2.5638142e-10 3.6680648e-11
J1702.6+3114 3.156442e-10 3.5902e-11
J1703.6-6213 2.84719e-09 9.4885794e-11
J1704.1+7647 6.913036e-10 3.9773664e-11
J1704.2+1234 3.1655845e-10 4.3554518e-11
J1704.5-0527 9.1645325e-10 7.644826e-11
J1705.0+7134 1.502777e-10 2.4674061e-11
J1705.4+5436 1.969023e-10 2.7716291e-11
J1705.5-7423 5.5240243e-11 2.6092704e-11
J1706.1+1000 2.062528e-10 4.2549977e-11
J1706.8+3004 1.338967e-10 3.0833967e-11
J1706.9+4543 1.1004832e-10 2.6819555e-11
J1707.1-1931 5.2439114e-10 7.718347e-11
J1707.5+1649 4.0422934e-10 4.538159e-11
J1707.9+0016 1.6552726e-10 4.7013508e-11
J1709.0-3525 4.6564566e-10 9.547766e-11
J1709.7+4318 2.4565479e-09 7.715459e-11
J1710.1-2030 4.491833e-10 7.562726e-11
J1710.3-3943 3.87818e-09 3.1009506e-10
J1711.1-4600 4.6194773e-10 1.12202324e-10
J1711.6-5027 6.1564165e-10 6.961668e-11
J1712.5-3142 3.840874e-10 7.73514e-11
J1712.7+2932 3.2103914e-10 3.839109e-11
J1713.7+8844 9.017965e-11 2.4840097e-11
J1714.0-2029 2.536824e-10 5.5628266e-11
J1715.0+2616 1.167094e-10 2.8293881e-11
J1715.4-4025 1.1271056e-09 1.5269176e-10
J1715.8+2151 1.3912803e-10 3.1786532e-11
J1716.1+6836 5.38613e-10 3.762223e-11
J1716.3-3421 9.444608e-10 1.2613648e-10
J1716.3+3434 2.0753518e-10 3.62714e-11
J1716.6-6707 1.2162231e-10 3.0128216e-11
J1717.3-6045 3.617624e-10 5.282229e-11
J1717.5-8114 2.547285e-10 4.0162464e-11
J1717.5-3342 2.9626184e-09 1.743639e-10
J1717.6-5154 9.37889e-10 8.366892e-11
J1718.0-3055 9.1510244e-10 1.0084481e-10
J1719.2+1745 2.2320874e-09 8.495563e-11
J1719.3+1205 3.2412742e-10 5.3923914e-11
J1720.0-5101 1.8239242e-10 1.365128e-10
J1720.2+3824 1.7149274e-10 3.0396474e-11
J1722.6+6104 1.7184254e-10 2.5811388e-11
J1722.7+1014 1.2387341e-09 6.999135e-11
J1723.6-7714 2.916288e-09 9.20649e-11
J1724.1+3304 1.5157263e-10 2.9517822e-11
J1724.2+4005 8.0997675e-10 5.2100046e-11
J1724.2-6501 1.6868261e-10 3.5124254e-11
J1724.9+7654 1.3447092e-10 2.5501752e-11
J1725.0+1152 3.9851322e-09 1.1935412e-10
J1725.4+5254 8.473726e-11 2.6359744e-11
J1725.5+5851 4.687228e-10 3.5752012e-11
J1727.2+0644 1.4228117e-10 4.2629796e-11
J1727.4+4530 1.8180729e-09 6.5917743e-11
J1727.9-0654 3.3074113e-10 7.192042e-11
J1728.0+1216 8.3439233e-10 6.489451e-11
J1728.3+5013 1.6854207e-09 6.1880195e-11
J1728.4+0427 6.803589e-10 6.5839244e-11
J1728.5-7303 1.8394782e-10 3.451965e-11
J1728.6-7448 2.397026e-10 4.2298387e-11
J1730.6+0024 1.3715155e-09 8.6210004e-11
J1730.6+3805 1.03040784e-10 2.9307654e-11
J1730.8+3715 3.385098e-10 3.6452633e-11
J1731.6-3002 2.0596362e-09 1.660876e-10
J1731.9-2719 9.19773e-10 1.3175198e-10
J1733.0-1305 6.1524266e-09 1.5674301e-10
J1733.4-3943 8.176886e-10 9.543248e-11
J1733.4+5428 1.111446e-10 2.4974729e-11
J1733.6-6054 3.8183579e-10 4.3783248e-11
J1734.0+0805 2.5131758e-10 5.7824377e-11
J1734.3+3858 2.831139e-09 8.494122e-11
J1735.4-1118 4.1183024e-10 7.1951445e-11
J1735.8-5932 2.3710245e-10 3.9028666e-11
J1736.0+2033 5.315775e-10 5.2613892e-11
J1736.6+0628 4.2288656e-10 5.356222e-11
J1736.9-3357 8.286107e-10 1.7327746e-10
J1738.0+8717 2.1804872e-10 2.964841e-11
J1738.0+0236 2.0207366e-10 4.711941e-11
J1738.2+4000 1.219119e-10 2.6977118e-11
J1738.3+3228 1.0775958e-10 2.6635678e-11
J1738.8+3822 6.302145e-11 2.6462057e-11
J1738.8-3418 8.43835e-10 1.5371893e-10
J1739.5+4955 1.0583671e-09 5.4372607e-11
J1740.0+4737 3.6322062e-10 3.5904394e-11
J1740.5+5211 1.4962023e-09 5.835157e-11
J1740.6+5346 3.2177283e-10 3.3077423e-11
J1741.1+7226 1.3766767e-10 2.454784e-11
J1741.2+5739 1.3432969e-10 2.5935396e-11
J1741.5-3119 2.1217652e-09 2.984478e-10
J1741.8-2537 1.3854552e-09 1.4031284e-10
J1741.9+2555 1.3890983e-10 2.9724893e-11
J1742.4-1518 3.7434308e-10 7.478542e-11
J1742.5+5944 3.8237472e-10 3.4490508e-11
J1743.9-1824 8.858969e-10 1.11102495e-10
J1743.9+3747 1.05083865e-10 2.614564e-11
J1744.0+1935 7.842521e-10 5.6365815e-11
J1744.2-0353 3.899651e-10 6.716269e-11
J1744.4+1851 1.0945499e-10 3.541905e-11
J1744.6-5713 4.329884e-10 4.6717782e-11
J1744.9-1727 1.5642366e-09 1.0328433e-10
J1745.1+4731 1.1597581e-10 2.795706e-11
J1745.4-0753 1.4556973e-09 9.6193636e-11
J1745.6-2859 5.19101e-08 1.1550736e-09
J1745.6+3950 1.7329758e-10 3.0620614e-11
J1746.8-5235 6.6261613e-10 6.5934445e-11
J1747.1-5453 2.865946e-10 4.315985e-11
J1747.2+4937 1.0089824e-10 2.7393782e-11
J1747.6-5308 2.4066663e-10 4.8223096e-11
J1747.9+4704 2.0420517e-10 3.879449e-11
J1748.0+3403 4.563118e-10 4.016156e-11
J1748.1+2702 1.9538438e-10 3.4151237e-11
J1748.5-0854 2.7211863e-10 7.5698316e-11
J1748.6+7005 4.593383e-09 9.6364736e-11
J1749.0-2327 6.9664713e-10 2.4143312e-10
J1749.0+4321 9.931876e-10 5.251745e-11
J1751.5+0938 5.053084e-09 1.2933277e-10
J1751.6+2921 3.0670239e-10 3.971691e-11
J1751.6-1750 6.3301975e-10 9.147659e-11
J1752.1+4531 9.5405586e-11 2.4942753e-11
J1752.2-3002 6.3527844e-10 1.37206e-10
J1752.6-1010 4.6180754e-10 8.204892e-11
J1753.3-3325 1.3654411e-09 1.3119299e-10
J1753.6-5014 7.5456824e-10 6.5834276e-11
J1753.7+2847 1.559541e-10 3.344427e-11
J1754.2+3212 2.6630957e-09 8.8646354e-11
J1754.5-6425 3.804203e-10 4.1609105e-11
J1754.7+3444 1.9659949e-10 3.6026602e-11
J1756.3+5522 4.2135878e-10 3.7256535e-11
J1756.6+1553 1.4840396e-10 3.8554486e-11
J1756.9+1531 1.7839184e-10 4.0909918e-11
J1757.0+7032 1.4319744e-10 3.393227e-11
J1758.2+6532 1.05205684e-10 2.6422949e-11
J1758.3+1429 2.3581948e-10 4.192707e-11
J1758.3-3028 1.0837774e-09 1.1107515e-10
J1758.7-1621 1.0216277e-09 1.2400556e-10
J1759.1-4822 6.828723e-10 5.886531e-11
J1759.1-3849 1.0793809e-09 9.1601046e-11
J1800.1+2812 1.739948e-10 3.5954493e-11
J1800.1+7037 2.0748514e-10 3.479897e-11
J1800.6+7828 5.165034e-09 9.665993e-11
J1801.5+4404 1.6347915e-09 6.554889e-11
J1801.5+2123 1.4760375e-10 3.611992e-11
J1802.6-3940 4.839195e-09 1.3022892e-10
J1803.4-6510 3.2244776e-10 4.0459042e-11
J1806.2+6143 1.0335755e-10 2.3582322e-11
J1806.3+5345 1.975647e-10 2.963847e-11
J1806.8+6949 3.333113e-09 8.150021e-11
J1806.9-8038 1.15903336e-10 3.1453822e-11
J1807.2+6429 1.725734e-10 2.686159e-11
J1807.9-6412 2.4881078e-10 3.7928487e-11
J1807.9+4650 1.37059e-10 2.8780483e-11
J1808.1-5013 2.883742e-10 4.3576524e-11
J1808.2+3500 3.716098e-10 4.3742055e-11
J1808.8+2419 2.031557e-10 4.216791e-11
J1808.8+3522 1.9113545e-10 3.8268333e-11
J1809.3+2042 3.597479e-10 4.418515e-11
J1809.7+2910 9.0162877e-10 6.149819e-11
J1810.7+5335 3.2113034e-10 3.5343423e-11
J1811.0+1608 3.2884578e-10 4.998706e-11
J1811.2-2759 4.831634e-10 8.116251e-11
J1811.3+0340 1.1892846e-09 8.1927215e-11
J1812.9+4249 1.7218164e-10 3.1835454e-11
J1813.5+3144 1.0032789e-09 7.347234e-11
J1813.6+0614 1.099439e-09 8.0461304e-11
J1814.0+3828 1.5396585e-10 3.00627e-11
