4LAC_catalog_generator_v2/resulting_catalogs/flux1000.ecsv
# %ECSV 1.0
# ---
# datatype:
# - {name: Source_Name, datatype: string}
# - {name: Flux1000, datatype: float32}
# - {name: Unc_Flux1000, datatype: float32}
# schema: astropy-2.0
Source_Name Flux1000 Unc_Flux1000
[from data line 1588]
J1037.4-2933 4.9998317e-10 4.7128367e-11
J1037.7-2822 1.5458093e-09 7.472348e-11
J1037.7+5711 3.646848e-09 8.9203554e-11
J1038.2-2425 2.2554789e-10 3.7473358e-11
J1038.5+3926 9.107818e-11 2.46185e-11
J1038.8-5312 9.252319e-10 7.4104334e-11
J1039.2-2848 1.9085694e-10 4.4709996e-11
J1039.6+0535 1.3803532e-10 4.068796e-11
J1039.7-1540 7.394051e-11 2.8824209e-11
J1039.9+7326 1.8700504e-10 3.0424396e-11
J1040.5+0617 1.4867162e-09 7.162413e-11
J1041.0+1342 1.7311903e-10 3.338066e-11
J1041.1-1201 1.914328e-10 3.4892724e-11
J1041.3-6437 2.9524716e-10 5.7431757e-11
J1041.7+3902 1.3590994e-10 2.6984156e-11
J1041.9-0557 2.788769e-10 4.0018946e-11
J1042.1-4128 2.6299446e-10 3.8291068e-11
J1042.9+0054 1.9616808e-10 3.715991e-11
J1043.2+2408 7.5659634e-10 5.0451244e-11
J1043.6+0654 1.2978561e-10 3.344307e-11
J1044.6+8053 4.4664603e-10 3.6667815e-11
J1045.3+2751 1.266874e-10 2.9289928e-11
J1045.8-2928 3.374726e-10 4.1563027e-11
J1045.9-2331 1.5992974e-10 3.3836788e-11
J1046.0+5448 1.0906315e-10 2.2696397e-11
J1046.8-2534 2.0955793e-10 3.640422e-11
J1047.2-5517 4.2774334e-10 6.4010984e-11
J1047.7+7238 4.630131e-10 4.1028698e-11
J1047.8-6216 1.2980481e-09 9.25527e-11
J1047.9+0055 1.6580083e-10 3.6492698e-11
J1047.9-3738 1.7476708e-10 3.3928298e-11
J1048.0-1912 1.2096699e-10 3.0169225e-11
J1048.4+7143 8.846328e-09 1.295758e-10
J1049.5+1548 4.726121e-10 4.312127e-11
J1049.7+5011 1.7133404e-10 2.6818235e-11
J1049.8+1429 6.216507e-10 4.7930507e-11
J1050.1+0432 5.899516e-10 4.9122564e-11
J1051.2-6517 7.068894e-10 6.498753e-11
J1051.4-3139 1.3882628e-10 3.388934e-11
J1051.4+3942 1.7063594e-10 2.9374062e-11
J1051.6+2109 1.366345e-10 3.0263254e-11
J1051.9+0103 2.3112037e-10 3.841516e-11
J1052.3+0818 1.2517173e-10 3.1108522e-11
J1052.9-3743 2.6409774e-10 3.812816e-11
J1053.7+4930 4.369987e-10 3.67516e-11
J1053.9+8628 1.3415134e-10 3.2793802e-11
J1054.2+3926 1.383121e-10 2.7989942e-11
J1054.5+2211 1.1848377e-09 5.9331755e-11
J1055.5-0125 3.376223e-10 4.412432e-11
J1056.0+0253 5.895457e-11 2.4638158e-11
J1056.8+7012 7.454566e-10 5.1043857e-11
J1057.2+5510 1.2456623e-10 2.4503908e-11
J1057.3-2341 3.856267e-10 4.3252308e-11
J1057.8-2754 4.5544685e-10 4.4625335e-11
J1058.0+4305 1.08813576e-10 2.4013213e-11
J1058.4+0133 5.990666e-09 1.3316037e-10
J1058.5+8115 4.3368348e-10 3.612076e-11
J1058.6+2817 4.405186e-10 4.0576223e-11
J1058.6-8003 1.9524462e-09 8.046016e-11
J1058.6+5627 3.2105525e-09 8.302375e-11
J1059.2-1134 3.204324e-09 9.948738e-11
J1059.5+2057 2.2706496e-10 3.5077143e-11
J1100.3+4020 3.4612987e-10 3.7409627e-11
J1101.3+7017 1.9897829e-10 3.692183e-11
J1101.4+4108 2.5343394e-10 3.2816888e-11
J1101.5+3904 1.6268921e-10 3.9816154e-11
J1102.0-6054 3.9627617e-09 2.4159963e-10
J1102.1+2249 9.942746e-11 2.5436165e-11
J1102.6+5251 1.2160986e-10 2.3292217e-11
J1102.8-0148 5.1381305e-11 2.1356384e-11
J1102.9-5628 2.9380476e-10 5.4340907e-11
J1102.9+3014 9.157423e-11 2.2717323e-11
J1103.0+1157 1.2188088e-09 6.4003185e-11
J1103.6-2329 4.2929096e-10 4.7265154e-11
J1103.9-5357 3.6602819e-09 1.1536729e-10
J1104.0+2611 1.4119124e-10 2.8126133e-11
J1104.0+0020 1.4473499e-10 3.4725084e-11
J1104.4+0730 4.937009e-10 4.5823175e-11
J1104.4+3812 3.5663206e-08 3.0721156e-10
J1104.9+5748 1.0350297e-10 2.1674492e-11
J1105.8+3944 1.4543647e-10 2.8929366e-11
J1105.8-0731 2.4049607e-10 3.633253e-11
J1106.0+2813 7.7418855e-10 4.913294e-11
J1106.2-1048 1.7284775e-10 3.454557e-11
J1106.5-3646 5.6681454e-10 4.813847e-11
J1107.0-4449 6.426321e-10 5.829969e-11
J1107.6+0222 5.3372734e-10 4.8711004e-11
J1107.7-3042 1.5264132e-10 3.2396048e-11
J1107.8+1501 5.784795e-10 4.5557558e-11
J1108.7-1844 2.0118555e-10 3.951131e-11
J1109.3+2411 3.4424083e-10 3.7948866e-11
J1109.6+3735 2.1071492e-10 3.6710922e-11
J1109.7-4814 1.789742e-10 3.8991078e-11
J1110.2+7135 2.9008046e-10 2.9575738e-11
J1110.5-1836 4.77571e-10 5.0389755e-11
J1111.0+3542 1.2208853e-10 2.654013e-11
J1111.4-4624 1.5286179e-10 3.894617e-11
J1111.5+3455 8.868335e-11 3.4205923e-11
J1111.8+4858 6.671108e-11 2.0960416e-11
J1112.4+1751 1.5316229e-10 2.8574925e-11
J1112.5+3448 7.7833373e-10 5.555812e-11
J1113.6-1920 1.5164334e-10 3.3776294e-11
J1113.8+1528 1.5946518e-10 2.9771893e-11
J1113.9+5523 2.444062e-10 2.8195666e-11
J1114.5-0819 2.5698008e-10 3.6891133e-11
J1114.7-0248 1.4412707e-10 3.2302407e-11
J1115.2-0703 3.8242548e-10 4.3555305e-11
J1116.6+2915 2.5542363e-11 1.3833659e-11
J1117.0+2013 1.2526951e-09 5.997139e-11
J1117.2+0008 1.6620526e-10 3.5252728e-11
J1117.2-5337 7.6540063e-10 6.511477e-11
J1117.6+2550 2.7839467e-10 3.4325324e-11
J1117.6+0217 1.6652933e-10 3.3428798e-11
J1117.7-3650 1.5272024e-10 3.446263e-11
J1118.0+5356 8.563033e-10 4.8349585e-11
J1118.2-4634 3.563759e-10 5.6064108e-11
J1118.2-0415 3.860027e-10 4.3175505e-11
J1118.6-1235 2.7284594e-10 3.9817875e-11
J1119.0+1235 4.089642e-10 4.414968e-11
J1119.6-3047 9.6736716e-11 3.1947365e-11
J1120.6+0713 1.0162375e-09 7.010569e-11
J1120.8+4212 1.2038313e-09 5.628417e-11
J1121.3-0011 1.5750483e-10 3.394086e-11
J1121.4-0553 1.7571391e-09 7.762896e-11
J1123.1-3233 1.5457037e-10 3.265733e-11
J1123.4-2529 2.1607738e-10 3.5333e-11
J1123.5-6418 4.1367962e-10 8.3941784e-11
J1123.6+8028 1.911382e-10 2.632471e-11
J1123.8+7230 7.1744825e-11 1.8181935e-11
J1124.0+2336 4.1389794e-10 4.218898e-11
J1124.0+2045 1.6665287e-10 3.3487685e-11
J1124.4+2308 1.7782481e-10 3.384195e-11
J1124.6-0809 1.597327e-10 3.843293e-11
J1124.9+2143 1.6072572e-10 3.09094e-11
J1124.9+4934 4.8541654e-10 4.133573e-11
J1125.0-5804 2.6419353e-10 4.9719426e-11
J1125.1-2101 4.8478344e-10 4.7486272e-11
J1125.5-3557 5.235641e-10 4.908534e-11
J1125.9-0742 2.763063e-10 4.2111373e-11
J1125.9+2005 4.0776071e-10 4.114758e-11
J1126.8-3829 6.2577454e-10 4.9257903e-11
J1127.0-1857 6.800575e-09 1.3749832e-10
J1127.4+5648 1.9111136e-10 2.536096e-11
J1127.6-4920 2.9140548e-10 4.3015876e-11
J1127.8+3618 1.0794476e-09 5.6571282e-11
J1128.0+5924 3.9639653e-10 3.3127726e-11
J1128.8+3757 4.965821e-10 4.8500197e-11
J1129.1+3703 3.5620482e-10 4.0452728e-11
J1129.2-1014 1.3500277e-10 3.1613087e-11
J1129.2-0529 4.1908227e-10 4.5973607e-11
J1129.5+3034 1.7312038e-10 2.9669368e-11
J1129.8-1447 4.66016e-10 4.7415225e-11
J1129.8-4217 4.3302276e-10 5.244182e-11
J1130.5-7801 3.5553496e-10 4.5188176e-11
J1130.5-3137 5.4965404e-11 2.3138555e-11
J1130.8+1016 1.705023e-10 3.2217177e-11
J1131.0+3815 9.3047803e-10 5.820797e-11
J1131.1-0944 2.0212575e-10 3.660785e-11
J1131.4+5809 2.817832e-10 3.099511e-11
J1131.4-0504 3.8796882e-10 5.3826422e-11
J1132.2-4736 3.9223913e-10 4.6059462e-11
J1132.7+0034 2.220987e-09 8.0865314e-11
J1133.8-2048 1.2571376e-10 3.1741873e-11
J1134.8-1729 9.452224e-11 2.8804776e-11
J1135.1+3014 2.2861331e-10 3.247801e-11
J1135.7-0427 2.2735219e-10 4.1172753e-11
J1136.0-6824 4.2362214e-10 5.456702e-11
J1136.2+3407 3.5730746e-10 3.6224204e-11
J1136.3-0501 1.9767656e-10 4.1501254e-11
J1136.4+6736 4.858566e-10 3.429685e-11
J1136.4+7009 1.0779513e-09 4.587433e-11
J1136.8+2550 2.2631864e-10 3.384359e-11
J1136.8-7413 9.915525e-10 7.074546e-11
J1137.9-1708 2.346701e-10 3.9310027e-11
J1138.2+4115 1.5743121e-10 3.1370455e-11
J1138.4+4857 1.1014648e-10 2.4145437e-11
J1139.0+4033 1.9660304e-10 3.28117e-11
J1139.0+5530 4.547377e-11 1.6585379e-11
J1140.5+1528 1.4762529e-10 3.811815e-11
J1141.4+6805 2.0591823e-10 2.802002e-11
J1141.5-1408 2.4355787e-10 3.846968e-11
J1142.0+1548 6.484462e-10 5.1436643e-11
J1143.1+6122 5.2285315e-10 4.1541236e-11
J1144.9+1937 3.110639e-10 3.7124637e-11
J1145.5-0340 8.265622e-11 2.633044e-11
J1145.5+4423 1.1544858e-10 2.615199e-11
J1145.6+5552 7.51168e-11 1.9380391e-11
J1145.7+0453 6.257285e-11 2.7122938e-11
J1145.7-6949 3.4281517e-10 6.139294e-11
J1146.4-3327 1.607086e-10 3.3807863e-11
J1146.6-2902 1.6953781e-10 3.4186404e-11
J1146.9+3958 4.0638617e-09 9.615756e-11
J1147.0-3812 2.3421671e-09 8.606525e-11
J1147.2-2627 3.039758e-10 3.972076e-11
J1147.4-6758 4.46374e-10 6.98545e-11
J1147.8-0724 8.012747e-10 5.961849e-11
J1148.5+2629 1.0153995e-10 2.637888e-11
J1148.6+1841 2.2457308e-10 3.44829e-11
J1149.0+5924 2.1536235e-10 3.1478993e-11
J1149.1+2819 1.3559683e-10 2.9098503e-11
J1149.2+6246 1.0918676e-10 2.134065e-11
J1149.4+2441 1.7843087e-10 3.919626e-11
J1149.5-4029 3.8299455e-10 4.5629785e-11
J1150.4+2418 1.370105e-09 6.686985e-11
J1150.6+4154 1.9001092e-09 7.448238e-11
J1150.6-4823 3.6082579e-10 5.479764e-11
J1151.3+0957 4.168162e-10 4.351974e-11
J1151.5-1347 4.3384896e-10 4.4547886e-11
J1151.5+5859 7.5793155e-10 4.8345647e-11
J1151.6-2115 1.651433e-10 3.383891e-11
J1152.1+2837 1.09998385e-10 3.0392005e-11
J1152.3-0839 8.5421936e-10 5.785107e-11
J1152.8+3308 8.461362e-11 2.647897e-11
J1153.0+8056 1.6951171e-10 2.9157246e-11
J1153.3-1104 4.3554568e-10 4.7333297e-11
J1153.4+4931 1.1821627e-09 5.270927e-11
J1153.6-2553 2.6143734e-10 3.8210154e-11
J1153.7+3822 1.0870807e-10 2.5553625e-11
J1154.0-0010 3.6877784e-10 4.3098265e-11
J1154.0+4037 3.4119724e-10 3.589571e-11
J1154.0+6018 2.6511232e-10 3.2525673e-11
J1154.1-3243 1.2318075e-09 6.9519356e-11
J1155.5-3418 3.3144396e-10 4.1535424e-11
J1155.6-6547 4.2016204e-10 8.206149e-11
J1155.8+6137 8.6987376e-11 2.1322197e-11
J1156.6+0640 1.0287321e-10 2.687912e-11
J1156.6-2248 2.9986139e-10 4.3078603e-11
J1158.5+4824 3.0314398e-10 3.418593e-11
J1158.9+0818 1.6365961e-10 3.15785e-11
J1159.0+0939 5.942604e-10 4.8547288e-11
J1159.2-2227 8.3137264e-10 5.9393726e-11
J1159.3-2142 1.4338917e-09 7.373504e-11
J1159.5+2914 1.19657235e-08 1.6832617e-10
J1159.5-0723 3.9050732e-10 4.4654527e-11
J1200.2+0201 3.9174677e-10 4.104139e-11
J1200.6+1229 2.708887e-10 3.6125034e-11
J1200.7+2008 3.1836456e-10 3.776193e-11
J1200.8-1429 1.8466306e-10 3.9711942e-11
J1201.1-0332 1.6071892e-10 3.3522875e-11
J1201.7+1429 2.0920979e-10 3.507131e-11
J1202.4+4442 1.0175511e-10 2.4201616e-11
J1202.5-0528 1.7996446e-10 3.403296e-11
J1202.5+3852 2.4527977e-10 3.2693626e-11
J1202.9+5141 9.362516e-11 2.1790628e-11
J1203.1+6031 7.689426e-10 4.1637954e-11
J1203.3+1119 1.6527069e-10 3.492638e-11
J1203.4-3925 3.2399683e-10 4.454463e-11
J1204.0+1146 2.7493022e-10 4.137432e-11
J1204.2-0709 7.7651674e-10 5.601697e-11
J1204.8+0407 1.106515e-10 3.0721023e-11
J1205.7-2635 5.93593e-10 4.9716047e-11
J1205.8+3321 1.1882446e-10 2.7071855e-11
J1207.2-0524 1.56145e-10 3.349857e-11
J1207.7-0106 3.5711115e-10 4.2191913e-11
J1207.7-2229 3.2152184e-10 4.1930376e-11
J1208.1+3017 9.5885966e-11 2.6881577e-11
J1208.2-7810 2.347733e-10 4.112187e-11
J1208.4+6121 1.5751582e-10 2.5488238e-11
J1208.8-1751 1.8125819e-10 3.7532876e-11
J1208.8-2754 2.4843627e-10 4.124793e-11
J1208.9+5441 1.1239338e-09 4.957063e-11
J1209.0-4630 1.3220683e-10 3.4166336e-11
J1209.4+4118 5.6788413e-10 4.1103995e-11
J1209.4+7608 2.1621502e-10 2.6868395e-11
J1209.7+2548 1.0315544e-10 2.62697e-11
J1209.8+1810 5.804207e-10 4.7025543e-11
J1211.0-3800 2.9237257e-10 4.0687283e-11
J1211.6-2735 2.4714353e-10 4.186e-11
J1211.6+3901 1.1909522e-10 2.6141096e-11
J1212.0-2326 3.0356356e-10 4.545331e-11
J1212.0+2242 1.5404436e-10 2.8875336e-11
J1212.2+2442 1.8526057e-10 3.0703166e-11
J1212.7-1402 1.10160714e-10 3.3837926e-11
J1213.0+5129 3.0258507e-10 3.152387e-11
J1213.3-2618 2.7733826e-10 4.1414993e-11
J1213.6+1306 6.0791655e-10 5.255468e-11
J1213.7+6423 1.6953418e-10 2.6297284e-11
J1213.8-4345 3.2881653e-10 4.7051522e-11
J1214.6-1926 2.020063e-10 4.6025607e-11
J1215.0+1656 6.4978406e-10 4.9390065e-11
J1215.1+5002 3.8758288e-10 3.5590197e-11
J1215.1+0731 2.0921685e-10 3.4938823e-11
J1215.1+3513 1.3953459e-10 2.7906078e-11
J1215.8-3732 1.8547934e-10 3.728387e-11
J1215.8-1733 2.4195757e-10 4.0026968e-11
J1216.1-0242 1.4527371e-10 3.4740228e-11
J1216.1+0930 3.1357636e-10 3.824004e-11
J1216.2-6121 6.5520434e-10 1.1732273e-10
J1217.9+3007 1.0005387e-08 1.6856991e-10
J1218.0-0028 4.2208917e-10 4.6232556e-11
J1218.5-0119 1.8402915e-09 8.441358e-11
J1219.0+4827 9.4725124e-11 2.2717397e-11
J1219.0+3653 1.4411372e-10 2.6915808e-11
J1219.0-4827 6.0257477e-10 5.906811e-11
J1219.6+0550 1.8370631e-10 3.4468168e-11
J1219.7-0313 4.6798376e-10 4.8134607e-11
J1219.7+0444 2.4566574e-10 4.0127703e-11
J1219.9+6056 1.666309e-10 2.4169063e-11
J1220.1+7105 2.029343e-09 6.390507e-11
J1220.1+3432 5.1561155e-10 4.0920305e-11
J1220.2-3713 3.5631587e-10 4.2612833e-11
J1221.3+3010 3.2503786e-09 1.05775555e-10
J1221.5+2814 3.2815048e-09 9.0306776e-11
J1222.0-4121 1.1906828e-10 3.113606e-11
J1222.5+0414 8.872307e-10 5.883114e-11
J1223.0+1100 1.8332079e-10 3.460398e-11
J1223.3+1213 1.4254183e-10 3.615835e-11
J1223.5+0818 2.0632254e-10 3.4379725e-11
J1223.6-3032 1.7531361e-10 3.723469e-11
J1223.8+4649 9.484373e-11 2.2871753e-11
J1223.8+8039 1.071703e-09 5.4202042e-11
J1223.9+7954 1.1162392e-10 2.7470875e-11
J1223.9+5000 5.546566e-10 4.306313e-11
J1224.1+2239 1.0871529e-10 3.6620863e-11
J1224.4+2436 1.2361968e-09 6.059836e-11
J1224.7-8313 5.133785e-10 4.813288e-11
J1224.9+2122 1.6709574e-08 1.979523e-10
J1224.9+4334 4.0553536e-10 3.647683e-11
J1225.0+0330 4.3489184e-10 5.3132256e-11
J1225.3-3446 1.3402246e-10 3.370214e-11
J1225.4-1550 6.336699e-11 2.4665001e-11
J1225.5-2851 2.0204349e-10 3.765799e-11
J1225.6-7313 3.7385256e-10 5.0402994e-11
J1226.0+5622 1.0741747e-10 2.248301e-11
J1226.7+0637 1.7983393e-10 3.239048e-11
J1226.8-1329 7.2162204e-10 5.8892294e-11
J1227.1-4437 1.484439e-10 3.459212e-11
J1228.3+7521 1.1585149e-10 2.2063809e-11
J1228.7+4858 3.4089706e-10 3.4925375e-11
J1228.7-0318 3.0775119e-10 4.3158494e-11
J1229.0+0202 5.627543e-09 1.2375408e-10
J1229.7-5304 4.186929e-10 4.9859963e-11
J1230.2+2517 3.8547587e-09 1.04393306e-10
J1230.8+1223 1.5832107e-09 6.970902e-11
J1230.9+3711 8.3340425e-11 2.254856e-11
J1231.5+1421 3.0823363e-10 4.2173987e-11
J1231.6+6415 2.6384417e-10 2.8826837e-11
J1231.7+2847 1.8683537e-09 6.953849e-11
J1232.5+4821 3.4710199e-10 3.4131822e-11
J1232.5-3720 4.0605735e-10 4.4176943e-11
J1233.1+1703 1.6759748e-10 3.20297e-11
J1233.6+5027 1.7460333e-10 2.7964613e-11
J1233.7-0144 9.715605e-10 6.052605e-11
J1234.0-5735 1.4271663e-09 9.126431e-11
J1234.7-0434 1.7755272e-10 3.8327466e-11
J1236.3+3858 2.0921606e-10 3.0261016e-11
J1236.9-7232 2.5104216e-10 4.413487e-11
J1237.0+3019 4.489004e-11 1.8789834e-11
J1237.8+6256 8.5769954e-11 2.1999671e-11
J1238.1-4541 4.3672063e-10 4.5358127e-11
J1238.3-1959 6.3830063e-10 5.0375846e-11
J1238.5-1201 4.7038173e-10 4.809902e-11
J1239.4+0728 3.4882372e-10 4.0790808e-11
J1239.5+0443 5.5650773e-09 1.2512262e-10
J1240.1-6846 4.5441786e-10 5.3552114e-11
J1240.4-2606 2.3233175e-10 3.9994216e-11
J1240.4-7148 7.451469e-10 6.182395e-11
J1241.3+4236 1.11431045e-10 2.5884704e-11
J1241.5+3439 1.4007699e-10 2.9694833e-11
J1241.8-1456 3.7619904e-10 4.318432e-11
J1241.9+0636 1.09035954e-10 3.0251815e-11
J1242.4-2948 9.1500314e-11 2.9389963e-11
J1242.6+7635 4.5442212e-11 1.7757688e-11
J1242.9+7315 1.3361753e-10 2.2860233e-11
J1243.0+3950 1.2409916e-10 2.5395503e-11
J1243.2+3627 2.308427e-09 8.077311e-11
J1243.9-0218 3.4504402e-10 4.1165613e-11
J1244.2-4956 4.1956366e-10 4.8217038e-11
J1244.5+1616 2.4267677e-10 3.4235965e-11
J1245.1+5709 3.5759629e-10 3.1862575e-11
J1245.8+0232 4.2199938e-10 5.3691367e-11
J1246.3+0112 1.3948002e-10 3.1961385e-11
J1246.7-2548 7.0464172e-09 1.4038004e-10
J1247.0+4421 2.7793806e-10 3.252164e-11
J1248.3+5820 5.050567e-09 1.0215955e-10
J1248.7+5127 1.8593616e-10 2.696486e-11
J1248.9+4840 1.7501421e-10 2.686812e-11
J1249.2-2809 4.827769e-10 4.651024e-11
J1249.3-0545 4.9654575e-10 5.286325e-11
J1249.8+3707 3.294359e-10 3.6074966e-11
J1250.6+0217 3.7062262e-10 4.3550965e-11
J1250.8+3117 2.1590253e-10 3.1235688e-11
J1251.2+1039 2.0870522e-10 3.4761225e-11
J1251.3-0201 7.358582e-10 5.9055934e-11
J1251.3-1719 1.0025081e-10 3.359174e-11
J1253.2+5301 3.88036e-09 9.4572114e-11
J1253.5-3934 9.7801565e-11 2.899023e-11
J1253.8+0327 7.809326e-10 5.491543e-11
J1253.8+6242 4.1122797e-10 3.1957745e-11
J1253.8+2929 8.4465324e-11 2.4458486e-11
J1254.2-2205 3.3610703e-10 4.4663793e-11
J1254.5+2210 5.6724647e-10 4.502221e-11
J1254.9-7141 3.7830578e-10 4.8767976e-11
J1254.9-4426 2.9410396e-10 4.1193125e-11
J1254.9+1138 2.3115702e-10 3.594199e-11
J1256.1-5919 5.7283156e-10 7.2771844e-11
