4LAC_catalog_generator_v2/resulting_catalogs/flux1000.ecsv
# %ECSV 1.0
# ---
# datatype:
# - {name: Source_Name, datatype: string}
# - {name: Flux1000, datatype: float32}
# - {name: Unc_Flux1000, datatype: float32}
# schema: astropy-2.0
Source_Name Flux1000 Unc_Flux1000
[from data line 2779]
J1814.4+2953 1.7644355e-10 3.555743e-11
J1815.2-2715 7.08227e-10 9.2819336e-11
J1816.9-4942 8.1360807e-10 6.233235e-11
J1818.6+0903 1.0303299e-09 8.137492e-11
J1819.1+2133 3.3568992e-10 4.5983894e-11
J1820.3+3624 2.354524e-10 3.4831072e-11
J1821.6+6819 5.5185734e-10 4.10429e-11
J1822.0+1600 3.0188327e-10 5.0028894e-11
J1823.3-3720 2.305362e-10 6.2891616e-11
J1823.5+6858 6.7744804e-10 4.950152e-11
J1823.6-3453 1.7342421e-09 8.672231e-11
J1824.1+5651 2.0684454e-09 6.983245e-11
J1824.5+0107 8.479792e-10 9.7996763e-11
J1824.5+4311 1.8555535e-10 3.374461e-11
J1824.7-3243 4.2661072e-10 7.2564586e-11
J1825.1-5231 1.0418051e-09 6.429263e-11
J1826.0-5037 1.869533e-10 3.559373e-11
J1827.5+2015 1.8892485e-10 4.4762458e-11
J1827.6-4029 3.1895053e-10 5.8102516e-11
J1828.0+2634 1.5114057e-10 3.6479934e-11
J1828.7+3230 5.588546e-10 5.7697687e-11
J1829.0-2417 8.865314e-10 8.170004e-11
J1829.1+2729 4.2598494e-10 4.8899978e-11
J1829.2-5813 2.4170477e-09 8.0697476e-11
J1829.3+5402 4.4048662e-10 3.7245294e-11
J1829.5+4845 1.4608201e-09 6.2302684e-11
J1829.9+3934 1.9892468e-10 3.2977867e-11
J1830.0-5225 2.0799774e-10 3.9695417e-11
J1830.0+1324 5.0155496e-10 5.954469e-11
J1830.1+0617 8.5062934e-10 7.72379e-11
J1830.2-4443 7.931827e-10 6.0835115e-11
J1830.7-2713 7.137546e-10 7.044077e-11
J1831.9+3820 1.2274248e-10 2.9884557e-11
J1832.6-5658 8.386762e-10 5.4337243e-11
J1833.6-2103 1.4291423e-08 2.1870987e-10
J1834.2+3136 2.5074137e-10 4.9399103e-11
J1834.7-5858 2.1212375e-10 3.668522e-11
J1835.5+1349 3.1146563e-10 5.4767732e-11
J1836.4+3137 5.034642e-10 5.4094503e-11
J1836.5+1948 3.985094e-10 5.1777218e-11
J1837.0+5347 2.743363e-10 3.2852044e-11
J1837.3+1052 4.128426e-10 6.2184535e-11
J1837.4-1646 3.408907e-10 8.018133e-11
J1838.0-5959 2.2343692e-10 3.801165e-11
J1838.4-6023 1.4197955e-10 3.603637e-11
J1838.8+4802 2.5055973e-09 8.192313e-11
J1838.9-3457 5.898288e-10 6.7530946e-11
J1839.6-7107 2.0025494e-10 3.8404994e-11
J1840.6-5545 1.570739e-10 3.44418e-11
J1841.0+6115 3.0978556e-10 3.5737267e-11
J1841.3+2909 3.559999e-10 5.0842528e-11
J1841.8+3218 4.817805e-10 6.3662964e-11
J1842.3+6810 2.5851174e-10 3.252319e-11
J1842.4-5840 2.2239997e-10 3.6032035e-11
J1842.4+7613 8.277965e-11 2.7699011e-11
J1843.4-4835 1.4714188e-10 3.5055927e-11
J1843.8-2011 5.3862204e-10 8.295731e-11
J1844.4+1547 2.3166555e-09 1.1247818e-10
J1844.8-3248 1.8741594e-10 4.5316403e-11
J1844.9+5709 4.887436e-10 3.948501e-11
J1845.0+1613 4.7484516e-10 7.347439e-11
J1846.7+7238 9.819633e-11 2.4465593e-11
J1847.6+5219 1.7276501e-10 2.8694613e-11
J1848.1-4230 3.0060238e-10 4.523871e-11
J1848.4+3217 2.4251792e-09 1.0896992e-10
J1848.5+6537 1.2012813e-10 2.4970024e-11
J1848.5+3243 2.0830346e-09 9.802117e-11
J1848.6-2711 2.6904484e-10 5.4612245e-11
J1848.9+4247 2.5705632e-10 3.7308906e-11
J1849.2-1647 5.719423e-10 7.475815e-11
J1849.2+6705 4.4095207e-09 9.6282315e-11
J1849.3-6447 1.3719646e-10 3.0091027e-11
J1849.4+2745 4.3460216e-10 4.8427935e-11
J1849.4-4313 1.2546302e-09 7.2426266e-11
J1850.1-0758 6.239692e-10 8.8230465e-11
J1850.5+2631 1.7809788e-10 4.3061645e-11
J1851.5+3406 1.9225303e-10 3.5244897e-11
J1852.4+4856 1.2881289e-09 5.69865e-11
J1853.8+6714 1.262328e-10 3.7179555e-11
J1854.6-6007 1.8794503e-10 3.2673423e-11
J1855.8-2028 2.0310416e-10 4.703363e-11
J1857.9+0313 2.3545792e-09 3.6332337e-10
J1858.1-1821 1.6597904e-10 4.83926e-11
J1858.1+7318 2.52937e-10 3.1225987e-11
J1858.3-2511 1.3970284e-09 8.707335e-11
J1858.3+4321 2.1911715e-10 3.4070514e-11
J1858.5+0640 9.281423e-10 1.6095024e-10
J1858.7+5708 1.971184e-10 3.0127595e-11
J1859.0+2329 2.9645075e-10 5.1843654e-11
J1901.7-5140 2.9699795e-10 5.3791905e-11
J1902.4-0629 2.0149105e-10 6.182324e-11
J1902.9-6748 1.3013518e-09 6.122502e-11
J1903.2+5540 4.4350172e-09 1.0171115e-10
J1904.1+3627 4.6272655e-10 4.7712133e-11
J1906.7+5419 3.1500544e-10 4.26538e-11
J1907.2+0126 5.198045e-10 9.6630454e-11
J1907.7-1232 2.3212297e-10 5.674646e-11
J1909.5+3511 9.88779e-11 3.450833e-11
J1909.7-2140 3.2887787e-10 4.954845e-11
J1910.0-2453 2.449643e-10 4.7509732e-11
J1911.2-2006 4.200895e-09 1.1998083e-10
J1911.4-1908 5.95343e-10 6.172674e-11
J1911.5+0311 3.106039e-10 7.1098995e-11
J1912.0+1612 3.701147e-10 8.680009e-11
J1912.1-0803 1.5042577e-09 8.94955e-11
J1912.4-1222 1.22737e-09 9.650587e-11
J1912.4+3738 2.0557772e-10 3.790985e-11
J1912.7-1250 3.8417952e-10 6.52103e-11
J1913.0-8009 1.4259638e-09 7.3092456e-11
J1913.2+0512 6.262126e-10 1.120524e-10
J1913.4-3629 8.4018875e-10 8.484047e-11
J1913.9+4439 3.4272263e-10 3.8987896e-11
J1915.3+1149 2.5578397e-09 2.594916e-10
J1916.7-1516 3.5364286e-10 4.9980006e-11
J1917.7-6442 1.5630962e-10 3.047655e-11
J1917.7-1921 3.4568965e-09 1.0133725e-10
J1917.7-6930 3.0756786e-10 3.803951e-11
J1918.1+3752 2.1310938e-10 3.9704243e-11
J1918.2-4111 3.0494385e-09 1.00509184e-10
J1919.2+0618 5.890097e-10 1.970019e-10
J1921.3-1231 1.1029901e-09 7.245555e-11
J1921.7+5817 6.5669206e-11 2.177913e-11
J1921.8-1607 9.833943e-10 7.4136856e-11
J1922.2+2314 5.4668325e-10 7.943753e-11
J1922.5-7453 3.9875328e-10 4.0443968e-11
J1923.4-2503 8.1644566e-11 3.2455212e-11
J1923.5-2104 2.2707378e-09 9.168118e-11
J1924.2-1549 1.761897e-10 4.7757773e-11
J1924.3-5458 1.2365421e-10 2.92981e-11
J1924.8-2914 1.7415892e-09 7.7106856e-11
J1925.0+2815 6.719101e-10 6.336638e-11
J1925.1-3358 1.8441172e-10 4.2688835e-11
J1925.1-1019 6.957283e-10 8.600815e-11
J1925.7+1227 1.559986e-09 1.5509996e-10
J1925.8-2220 1.1449354e-10 3.835132e-11
J1926.1+2059 5.0469745e-10 9.4238756e-11
J1926.8+6154 1.3076564e-09 6.8073006e-11
J1927.5+6117 1.0325298e-09 5.853997e-11
J1929.4+6146 2.5436855e-10 4.5505315e-11
J1930.3+0911 5.8149907e-10 1.3455803e-10
J1931.1+0937 2.805684e-09 1.329762e-10
J1931.3-1556 1.882288e-10 5.2855317e-11
J1933.2-4539 3.4795122e-10 4.29609e-11
J1933.3+0726 1.0157967e-09 7.6959855e-11
J1933.9-1025 2.2245185e-10 5.012071e-11
J1934.2+6002 2.7053096e-10 3.652355e-11
J1934.3-2419 2.0294966e-10 3.7550345e-11
J1934.3+6541 2.5146288e-10 3.2446726e-11
J1934.5+6139 1.09908256e-10 2.746079e-11
J1936.9-4720 6.326116e-10 5.062425e-11
J1937.0+8354 1.724555e-10 2.7810958e-11
J1937.2-3958 6.072697e-10 5.3132485e-11
J1937.2-4217 4.74735e-10 5.625737e-11
J1939.5-1525 2.4899266e-10 4.522873e-11
J1939.8-4928 2.7668257e-10 3.7094144e-11
J1941.3-6210 2.9435474e-09 8.350365e-11
J1941.7+7218 1.7679563e-10 3.329807e-11
J1942.1+4011 4.0326092e-10 5.3305534e-11
J1942.5-5827 2.0356125e-10 3.343889e-11
J1942.7+1033 2.7482263e-09 1.0705754e-10
J1942.8-3512 2.4538782e-10 4.561377e-11
J1944.0+2117 2.8111335e-10 5.431335e-11
J1944.2+3921 6.0265437e-10 6.5286415e-11
J1944.4-4523 2.2217445e-10 3.5989774e-11
J1944.9-2143 9.0445695e-10 6.056967e-11
J1945.1-4007 3.2922584e-10 5.1302945e-11
J1945.5-0153 2.945461e-10 6.0870586e-11
J1946.0-3112 7.582537e-10 5.999359e-11
J1946.0+0937 3.2785138e-10 5.89865e-11
J1948.3+1207 4.6270252e-10 8.0690364e-11
J1949.0+1314 6.753785e-10 6.9445276e-11
J1949.4+1247 2.366446e-10 5.876055e-11
J1949.5+7311 2.4686098e-10 3.5507618e-11
J1949.5+0906 6.08515e-10 6.4161176e-11
J1950.6+3456 2.2454102e-10 5.499343e-11
J1950.8+1211 7.0884365e-10 8.118221e-11
J1951.8-0511 2.950556e-10 5.007651e-11
J1953.0+7651 1.1758611e-10 2.80694e-11
J1953.0-7025 3.3262285e-10 4.052206e-11
J1954.6-1122 1.1085753e-09 6.9823786e-11
J1954.9-5640 3.8903883e-10 4.1335213e-11
J1955.1-1604 6.45261e-10 6.231389e-11
J1955.2+1358 9.2948543e-10 7.7097516e-11
J1955.4+5132 5.2129373e-10 4.7511304e-11
J1955.7+0214 3.2587555e-10 5.384147e-11
J1956.1+0234 2.1175296e-10 5.0067048e-11
J1957.1-3231 3.1887956e-10 4.9055728e-11
J1958.0-3845 2.9324225e-09 9.656758e-11
J1958.1+2438 5.8427974e-10 9.869074e-11
J1958.1-0711 2.1959445e-10 4.4108887e-11
J1958.3-3010 9.431654e-10 6.7211486e-11
J1959.0+3844 6.7295824e-10 8.2540426e-11
J1959.1-4247 8.0090107e-10 5.887004e-11
J1959.7-4725 1.2260724e-09 6.641321e-11
J2000.0+4214 2.9773728e-10 5.7585433e-11
J2000.0+6508 9.599855e-09 1.4527654e-10
J2000.3-2930 6.1313915e-10 5.5402564e-11
J2000.6-1328 4.3806261e-10 5.2439848e-11
J2000.9-1748 1.6056662e-09 7.6326626e-11
J2001.2+4353 4.075023e-09 1.2685678e-10
J2001.5-0818 2.0085932e-10 4.496438e-11
J2001.7+7040 4.420067e-10 4.4310163e-11
J2001.9-5737 2.7712452e-10 3.589272e-11
J2002.4-7119 1.7256546e-10 3.1451827e-11
J2002.6+6302 8.057557e-11 2.3378986e-11
J2005.1+7003 5.601764e-10 5.514014e-11
J2005.2-1822 2.4994803e-10 4.280102e-11
J2005.5+7752 2.5611684e-09 7.6869955e-11
J2005.8+6424 4.4737436e-10 5.017163e-11
J2005.9-2309 9.528177e-10 6.594415e-11
J2007.2-1433 3.3278555e-10 6.608776e-11
J2007.2+6607 3.7453546e-10 4.3798604e-11
J2007.3-7728 4.4269166e-10 5.186033e-11
J2007.9-4432 5.8847166e-10 4.9509626e-11
J2009.4-4849 2.8884908e-09 9.143256e-11
J2009.9+3544 6.168174e-10 1.103385e-10
J2010.0+0726 1.7048922e-10 4.316467e-11
J2010.0+7229 1.7333377e-09 7.023076e-11
J2011.6-1546 2.058619e-10 4.480312e-11
J2012.0+4629 4.541101e-09 1.3595619e-10
J2012.2-1646 4.8364374e-10 5.9613425e-11
J2013.0-3717 2.2625884e-10 4.1258146e-11
J2014.3-0047 4.8120413e-10 5.602928e-11
J2014.5+0648 4.0550927e-10 5.55044e-11
J2015.0+1621 3.8794648e-10 5.2491633e-11
J2015.2-0137 1.290331e-09 7.8378484e-11
J2015.3-1432 1.1422197e-10 3.8929228e-11
J2015.4+6556 2.2283511e-10 4.8849622e-11
J2015.5+3710 8.054764e-09 4.5304513e-10
J2016.3-2331 4.3992607e-10 5.5364584e-11
J2016.3-0903 1.2510758e-09 7.3122806e-11
J2017.5-4113 2.5827934e-10 3.846787e-11
J2017.5-3753 1.5093561e-10 3.532121e-11
J2018.5+3852 1.1396339e-09 1.4186867e-10
J2021.9+0629 5.4443167e-10 5.856157e-11
J2022.0-7224 1.4864357e-10 2.9113496e-11
J2022.3-4513 8.982389e-10 6.023531e-11
J2022.5+7612 1.2752045e-09 5.7137635e-11
J2023.2+3153 6.662912e-10 1.0930912e-10
J2023.4+4127 1.196131e-09 1.6219893e-10
J2023.6-1139 1.2256824e-09 7.093138e-11
J2023.6-0123 5.969741e-10 6.2619396e-11
J2023.8-4828 1.2518986e-10 3.077791e-11
J2024.4-0847 5.6281857e-10 5.4377055e-11
J2024.6-3252 8.1692475e-10 6.0792524e-11
J2024.7-2328 2.1799247e-10 3.7565374e-11
J2024.8-6459 2.2456871e-10 3.186873e-11
J2025.2+0317 9.743617e-10 6.1798684e-11
J2025.3-2231 2.57772e-10 3.9947864e-11
J2025.3+3341 2.1538809e-09 1.5282325e-10
J2025.6-0735 8.743447e-09 1.5341649e-10
J2026.0-2845 1.7322924e-10 3.7513288e-11
J2026.1+7645 1.2754114e-10 2.9889185e-11
J2026.6+3449 6.3632777e-10 1.0645031e-10
J2029.1-1839 2.1404357e-10 3.7331933e-11
J2029.5+4925 1.6466284e-09 1.1085579e-10
J2030.2-0620 2.9098007e-10 4.292726e-11
J2030.4-0502 1.4160187e-10 3.780676e-11
J2030.5-1439 2.1227037e-10 3.83989e-11
J2030.8-6959 1.5260243e-10 2.9453658e-11
J2030.9-1621 2.3180331e-10 3.7350054e-11
J2030.9+1935 8.2438256e-10 6.42687e-11
J2031.1-2615 2.6778663e-10 3.766018e-11
J2031.2-4121 3.0043262e-10 4.874024e-11
J2031.8+1619 1.7614084e-10 3.9359245e-11
J2032.0+1219 4.8230586e-10 5.2374674e-11
J2033.7+6308 1.9294559e-10 4.224336e-11
J2034.6+1154 6.332082e-10 6.0443234e-11
J2034.8-4200 3.406255e-10 4.108751e-11
J2034.9-0450 2.7005026e-10 4.2291736e-11
J2035.4+1056 4.7450777e-09 1.2300728e-10
J2035.9+4901 7.244553e-10 8.4341284e-11
J2036.4+6553 6.71027e-10 5.5821906e-11
J2036.9-3329 2.675574e-10 4.2511123e-11
J2037.9-0504 1.693837e-10 3.645364e-11
J2038.7+5117 1.0756382e-09 1.03264106e-10
J2039.0-1046 2.12247e-09 8.667823e-11
J2039.3+2150 1.9967428e-10 3.921411e-11
J2039.5+5218 4.6555024e-10 6.37367e-11
J2040.0-5737 3.2550357e-10 3.9166365e-11
J2040.1-4621 1.9569564e-10 3.4257135e-11
J2040.2-7115 4.1909085e-10 3.9433828e-11
J2040.2-2506 2.074708e-10 3.6440146e-11
J2040.5-1705 4.11319e-10 4.5089325e-11
J2041.8-7319 2.1895663e-10 3.475766e-11
J2041.9-3735 2.9036368e-10 4.0573284e-11
J2042.1+2427 4.9183174e-10 5.2953256e-11
J2042.6+1629 2.097531e-10 4.5314617e-11
J2042.7-5415 3.3648254e-10 4.6922292e-11
J2042.7-0155 2.038706e-10 3.9884086e-11
J2043.7+0000 2.7757027e-10 4.0398494e-11
J2044.0+1036 2.0202201e-10 4.135313e-11
J2045.1-2346 2.6790492e-10 3.810709e-11
J2046.6-1012 2.1214523e-10 3.8906087e-11
J2046.8-4258 1.9754816e-10 3.495795e-11
J2047.1-7400 1.1364579e-10 3.0024056e-11
J2047.9-3122 2.6258754e-10 4.0803354e-11
J2048.6-6804 3.4364778e-10 3.8284265e-11
J2049.0+1647 2.306991e-10 4.252022e-11
J2049.7-0036 5.2816057e-11 2.751257e-11
J2049.9+1002 8.648557e-10 6.337194e-11
J2049.9-2453 1.5236497e-10 3.4468706e-11
J2050.0+0408 7.390897e-10 5.5577508e-11
J2050.4-2627 5.7197863e-10 5.482314e-11
J2052.2-5533 1.089803e-09 5.6638874e-11
J2052.5+0810 4.7231025e-11 2.2369388e-11
J2053.8+2922 8.1230905e-10 7.408216e-11
J2054.0+7024 1.5158996e-10 3.8472985e-11
J2054.5+4731 2.7465402e-10 7.8314064e-11
J2054.8+0015 2.3570085e-10 4.5012116e-11
J2055.4-0020 3.2404518e-10 4.7285946e-11
J2055.4-0504 1.638113e-10 3.5264746e-11
J2055.8+1545 2.247886e-10 4.223086e-11
J2056.2-4714 4.660291e-09 1.06264005e-10
J2056.4-4904 1.1520487e-10 3.0407447e-11
J2056.5-0202 3.74485e-10 4.5523883e-11
J2056.7-3209 1.622086e-10 3.7239177e-11
J2056.7+4939 1.8150472e-09 1.1834247e-10
J2057.4-0723 2.025329e-10 3.624202e-11
J2058.8-1442 1.4635675e-10 3.5780916e-11
J2100.0+2103 2.1852169e-10 4.4267808e-11
J2101.3+0912 1.8898418e-10 3.9224415e-11
J2101.4-2935 2.0190041e-10 3.7417815e-11
J2102.3+4702 1.55812e-09 1.09847985e-10
J2103.0+0342 2.3632193e-10 4.19584e-11
J2103.2-2114 1.6690253e-10 3.3661934e-11
J2103.4-7816 2.2154402e-10 4.4171874e-11
J2103.7-1112 1.0960185e-09 7.36404e-11
J2103.8-6233 1.7477411e-09 6.967322e-11
J2104.0-3546 4.87043e-10 4.696291e-11
J2104.3-0212 1.8525623e-10 3.655505e-11
J2104.7+0108 1.5305016e-10 3.748225e-11
J2105.2-5143 1.3780967e-10 3.0038694e-11
J2106.9+2455 1.1853193e-10 3.8205175e-11
J2107.6-4148 2.1232753e-10 3.6083744e-11
J2107.9+6006 3.0272954e-10 5.6040148e-11
J2108.0+3655 4.2341042e-10 5.3317285e-11
J2108.2-2454 3.3499706e-10 4.147809e-11
J2108.3-4824 1.047337e-10 3.2449307e-11
J2108.5+1434 3.0729147e-10 4.3076015e-11
J2108.7-0250 3.4513617e-10 4.2018517e-11
J2108.9-6638 7.226615e-10 4.5216726e-11
J2109.6+0440 2.9138206e-10 4.596873e-11
J2109.8-8618 2.349341e-10 3.867296e-11
J2110.2-1021 1.7272367e-10 4.001578e-11
J2110.3+0808 4.7408427e-10 5.1973155e-11
J2110.3+0404 2.4960756e-10 4.4381096e-11
J2112.7+0819 4.7807897e-10 5.3089158e-11
J2114.7+3130 4.3309625e-10 5.0823568e-11
J2114.8+2831 2.4350927e-10 4.569882e-11
J2114.8+2026 1.5986289e-10 3.7499406e-11
J2115.2+1218 3.530775e-10 4.5277677e-11
J2115.4+2932 3.0294312e-09 1.0102284e-10
J2115.6-4938 2.336858e-10 3.3759627e-11
J2115.8+6753 1.2186291e-10 3.6045115e-11
J2115.9-0113 3.3842784e-10 4.234402e-11
J2116.2+3339 3.432509e-09 1.0718359e-10
J2116.3+1015 1.384639e-10 3.5442035e-11
J2117.4+6159 3.238761e-10 7.5013384e-11
J2117.8-1521 1.3424482e-10 3.415887e-11
J2117.8-3243 2.8470656e-10 4.6767513e-11
J2118.0+0019 1.6610775e-10 3.8692643e-11
J2118.2+5752 4.3469237e-10 6.055301e-11
J2118.8-0723 1.12277715e-10 3.6455197e-11
J2119.0-3317 3.2023656e-10 5.5434848e-11
J2119.4+4652 1.7544276e-10 5.3370763e-11
J2119.6-1105 3.8803988e-10 4.2971522e-11
J2120.6-1254 2.7183195e-10 3.831346e-11
J2120.6-6114 1.3690303e-10 2.7773261e-11
J2120.7+4428 2.507617e-10 5.6525853e-11
J2121.0+1901 2.2042599e-09 8.657957e-11
J2123.6+0535 4.262615e-10 4.6997208e-11
J2123.8-3148 1.4975564e-10 3.7746677e-11
J2126.1-3922 2.1641727e-10 3.5200454e-11
J2126.3-4605 8.0755247e-10 5.2139508e-11
J2126.5+1842 2.0418779e-10 3.8855086e-11
J2127.6-5959 1.15097494e-10 2.5809754e-11
J2127.7+3612 1.2452488e-09 7.6458714e-11
J2130.2-7320 1.245972e-10 2.8141642e-11
J2130.4-4241 2.0714201e-10 3.648323e-11
J2130.8-6623 7.9557233e-10 5.4586065e-11
J2131.0-2746 8.2160173e-10 5.7840843e-11
J2131.5-0916 6.50692e-10 5.1795807e-11
J2131.7-2515 3.002053e-10 3.9258288e-11
J2132.0-5418 3.6648343e-10 3.9675523e-11
J2133.0+2610 2.9116237e-10 5.1010467e-11
J2133.1+2529 2.3145927e-10 4.2464032e-11
J2133.6+1439 1.03094026e-10 3.3512852e-11
J2133.9+6646 8.856933e-10 6.484868e-11
J2134.2-0154 1.08353e-09 6.12198e-11
J2134.3-6511 1.9188237e-10 3.2692134e-11
J2134.5-2130 7.7685636e-10 5.3310977e-11
J2135.3-5006 8.536361e-10 5.1337264e-11
J2136.2+0032 1.973818e-10 3.4870083e-11
J2136.2-0642 1.3656688e-10 3.160258e-11
J2136.5+4259 3.3107955e-10 5.5190283e-11
J2137.4-3209 1.3497237e-10 3.0364555e-11
