4LAC_catalog_generator_v3/resulting_catalogs/agn_pop_4lac_dr3_without_z.ecsv
# %ECSV 1.0
# ---
# datatype:
# - {name: Source_Name, datatype: string}
# - {name: RAJ2000, datatype: float32}
# - {name: DEJ2000, datatype: float32}
# - {name: Redshift, datatype: float64}
# - {name: SpectrumType, datatype: string}
# - {name: Pivot_Energy, datatype: float32}
# - {name: PL_Flux_Density, datatype: float32}
# - {name: PL_Index, datatype: float32}
# - {name: LP_Flux_Density, datatype: float32}
# - {name: LP_Index, datatype: float32}
# - {name: LP_beta, datatype: float32}
# - {name: CLASS, datatype: string}
# - {name: SED_class, datatype: string}
# - {name: Variability_Index, datatype: float32}
# - {name: Frac_Variability, datatype: float32}
# - {name: Unc_Frac_Variability, datatype: float32}
# - {name: Flux1000, datatype: float32}
# - {name: Unc_Flux1000, datatype: float32}
# schema: astropy-2.0
Source_Name RAJ2000 DEJ2000 Redshift SpectrumType Pivot_Energy PL_Flux_Density PL_Index LP_Flux_Density LP_Index LP_beta CLASS SED_class Variability_Index Frac_Variability Unc_Frac_Variability Flux1000 Unc_Flux1000
[from data line 275]
J0307.4+4915 46.8647 49.257 -999.0 LogParabola 1836.5208 4.3327e-13 2.0814123 4.758551e-13 1.9759719 0.081437945 bll "" 25.832914 0.17618251 0.06996588 1.5022242e-09 7.627443e-11
J0308.1-2852 47.0352 -28.8728 -inf PowerLaw 1771.8433 5.306109e-14 2.1838813 6.076556e-14 2.1190023 0.09572497 bcu HSP 16.846153 0.38432947 0.29315528 1.5568363e-10 2.6134457e-11
J0309.7-0745 47.4326 -7.7655 -inf PowerLaw 2528.3945 5.6421525e-14 2.0168285 6.219919e-14 1.9468606 0.064777724 bll HSP 19.42658 0.37090462 0.16517913 3.5703374e-10 3.944664e-11
J0310.6-5017 47.6544 -50.2901 -999.0 PowerLaw 4257.7827 1.9570298e-14 1.7773553 2.1127712e-14 1.7270555 0.041234195 bll HSP 36.387405 0.566789 0.16537449 3.2138664e-10 3.1878118e-11
J0310.8-1041 47.7105 -10.6866 -inf PowerLaw 3659.311 1.067066e-14 2.0248108 1.1035428e-14 2.0085647 0.013191978 bcu ISP 20.552435 0.5336643 0.39526808 1.4273006e-10 3.318189e-11
J0310.9-3458 47.728 -34.9797 -inf PowerLaw 2506.45 1.8492623e-14 2.0391886 2.2591483e-14 1.769305 0.22206657 bcu "" 9.098174 0.0 10.0 1.14948766e-10 2.285105e-11
J0311.2+6856 47.8043 68.9385 -inf PowerLaw 3670.821 1.9308018e-14 2.1910899 2.3252039e-14 2.042802 0.15945259 bcu "" 21.836815 0.51218766 0.23034182 2.7896266e-10 4.8952002e-11
J0311.5-4402 47.8809 -44.046 -inf PowerLaw 1768.453 4.0006006e-14 2.2257698 3.7887106e-14 2.2285943 -0.029544357 bcu HSP 18.776407 0.41664064 0.35537258 1.1571293e-10 2.2888328e-11
J0311.6+4134 47.9028 41.581 -inf PowerLaw 6052.12 2.906737e-15 2.0258718 4.066247e-15 1.8115904 0.28183398 bcu ISP 15.334886 0.12685639 2.1154375 1.07787175e-10 3.64993e-11
J0312.5-2221 48.1385 -22.3553 -inf LogParabola 2412.9504 6.030904e-14 1.8749244 7.100618e-14 1.6167675 0.16206923 bll HSP 17.470324 0.27345693 0.15320212 3.7937034e-10 3.830324e-11
J0313.0+0229 48.273 2.4911 -inf LogParabola 943.19635 6.039979e-13 2.4759922 6.98055e-13 2.355084 0.15405948 bcu LSP 179.68874 1.4981234 0.33542988 3.9144363e-10 4.899613e-11
J0314.3-5103 48.5929 -51.055 -inf PowerLaw 1694.2805 2.3665683e-13 2.0676782 2.5047068e-13 2.0279455 0.038907073 bll LSP 31.247826 0.2708717 0.08957195 6.547027e-10 3.9258884e-11
J0315.4-2643 48.8626 -26.7327 -inf LogParabola 3455.4482 1.2750312e-14 1.7974224 1.576458e-14 1.5200934 0.17709911 bcu ISP 12.520644 0.0 10.0 1.4920999e-10 2.8864461e-11
J0315.5+4231 48.8982 42.5332 -inf LogParabola 6693.8745 2.7671355e-15 2.0491478 5.0028112e-15 1.5901964 0.6765102 bcu "" 16.724842 0.0 10.0 7.843874e-11 2.9076614e-11
J0316.0-5626 49.0159 -56.4443 -inf PowerLaw 3007.6333 1.024406e-14 2.0525706 1.3537157e-14 1.6677743 0.36231384 bcu "" 15.129308 0.23630282 0.58247495 9.257108e-11 2.0534737e-11
J0316.2+0905 49.0583 9.0946 -999.0 LogParabola 2081.1152 3.643757e-13 1.9203628 3.9369124e-13 1.8052129 0.06806946 bll LSP 62.31949 0.35851622 0.09385698 1.673728e-09 8.181918e-11
J0316.9-0625 49.2318 -6.4268 -inf PowerLaw 3601.5454 1.2637835e-14 1.9443249 1.4780511e-14 1.8067814 0.119791895 bcu LSP 11.004109 0.0 10.0 1.5957596e-10 3.0294642e-11
J0318.7+2135 49.6946 21.5968 -999.0 PowerLaw 2265.27 1.6064161e-13 2.0754952 1.735421e-13 2.032931 0.050727922 bll "" 26.556818 0.29694146 0.10734822 8.096765e-10 5.6657987e-11
J0319.4-7045 49.8587 -70.753 -inf PowerLaw 4781.5557 6.2686283e-15 1.8630852 7.487616e-15 1.6881132 0.13359568 bcu ISP 12.559377 0.11734972 0.95826524 1.3153348e-10 2.406121e-11
J0319.9-3821 49.9975 -38.3577 -inf PowerLaw 1094.2665 1.7349613e-13 2.3884773 1.9712842e-13 2.3463023 0.0971005 bcu "" 26.18567 0.67473537 0.23110688 1.5474624e-10 2.6132402e-11
J0320.6+1125 50.1609 11.4328 -inf PowerLaw 5716.725 5.913289e-15 2.0251 5.7187874e-15 2.0269723 -0.014481253 bcu HSP 9.647693 0.0 10.0 1.9523509e-10 5.3717204e-11
J0321.3+0425 50.326 4.4275 -inf PowerLaw 1186.5405 1.6297833e-13 2.5073009 1.435284e-13 2.5438638 -0.064828396 bcu LSP 19.754543 0.5782364 0.28144705 1.6593442e-10 3.5231994e-11
J0321.7-7500 50.4345 -75.0041 -inf PowerLaw 1313.8236 1.1279438e-13 2.4166832 1.1936964e-13 2.3912184 0.039617773 bll HSP 13.300089 0.30029032 0.35342976 1.5381561e-10 2.7102e-11
J0322.0+2335 50.5021 23.5993 -999.0 PowerLaw 2611.387 2.0830027e-13 1.9716777 2.1563234e-13 1.9486643 0.020442292 bll HSP 15.568618 0.10192051 0.08336268 1.4066979e-09 6.684407e-11
J0322.4+6606 50.6146 66.1102 -inf PowerLaw 1180.9917 2.5727448e-13 2.6246157 3.2199333e-13 2.60571 0.15291664 bcu "" 36.680298 1.1059368 0.32065356 2.4503502e-10 4.7267707e-11
J0322.9+0940 50.7492 9.6782 -inf PowerLaw 3156.1338 1.6371072e-14 2.1988828 1.6834893e-14 2.190379 0.0110238185 bcu LSP 7.8028064 0.0 10.0 1.7031614e-10 4.2235927e-11
J0323.7-0111 50.9387 -1.1903 -999.0 LogParabola 2113.065 1.6398723e-13 1.8876609 1.8404169e-13 1.7330236 0.10050852 bll HSP 12.263033 0.08439101 0.16532847 7.985604e-10 5.5241735e-11
J0324.3-1313 51.0976 -13.221 -inf PowerLaw 885.9842 2.6719596e-13 2.536804 2.8440713e-13 2.5034485 0.043113362 bcu "" 18.262398 0.32916924 0.30784935 1.278379e-10 2.8851031e-11
J0324.8-2043 51.2191 -20.7285 -inf PowerLaw 3204.6658 1.09944944e-14 2.004296 1.2868651e-14 0.6537993 0.90197384 bcu "" 23.917194 0.75442976 0.3497917 1.11905624e-10 2.5302526e-11
J0325.2+4705 51.3103 47.0882 -inf LogParabola 890.3318 5.284743e-13 2.7438734 6.7600846e-13 2.9175045 0.24628282 bcu LSP 13.832498 0.31363985 0.30777678 2.2009142e-10 5.2134526e-11
J0325.9-1843 51.4839 -18.725 -inf PowerLaw 2090.6714 3.5246915e-14 2.2764616 3.668784e-14 2.2685912 0.026480248 bcu "" 14.650186 0.17603955 0.6324831 1.4761882e-10 2.8754204e-11
J0326.7-3404 51.6895 -34.0769 -inf LogParabola 1701.1685 6.463678e-14 2.0783825 7.7728e-14 1.9009277 0.16132139 bcu HSP 22.955715 0.5332237 0.2240537 2.042124e-10 2.9936272e-11
J0327.5-1805 51.8907 -18.0885 -inf PowerLaw 456.05908 2.8623894e-12 2.853897 3.3758133e-12 2.885175 0.10714126 bcu "" 71.73003 0.8788371 0.21607588 1.643268e-10 2.8763136e-11
J0328.8-5715 52.2211 -57.2591 -inf PowerLaw 5798.3022 3.1899479e-15 1.8171139 4.468411e-15 1.3970647 0.33998752 bll HSP 6.9168153 0.0 10.0 9.297298e-11 2.276789e-11
J0328.9+3514 52.2433 35.2489 -inf PowerLaw 868.4601 3.5800898e-13 2.6804159 4.0930936e-13 2.6074588 0.11747592 bcu LSP 15.736269 0.27855247 0.42345363 1.4599334e-10 3.6078408e-11
J0330.6+4659 52.653 46.9834 -inf LogParabola 1036.3158 3.9908303e-13 2.641772 5.610206e-13 2.6741583 0.29549038 bcu "" 22.498735 0.4651526 0.21592632 3.2029382e-10 5.4102806e-11
J0330.6+0438 52.6727 4.6349 -inf LogParabola 1305.7548 4.0125634e-13 2.2323022 4.7988935e-13 2.1305249 0.1441643 bcu LSP 80.93477 0.7247419 0.17861135 6.674872e-10 5.906487e-11
J0330.7-2408 52.6938 -24.147 -inf PowerLaw 4115.1553 7.866184e-15 1.9171346 8.9853086e-15 1.8050343 0.08318776 bcu "" 9.043899 0.0 10.0 1.2730636e-10 2.5429362e-11
J0331.3-6156 52.8438 -61.9365 -999.0 LogParabola 1529.8168 2.8694533e-13 1.9921678 3.128048e-13 1.8605181 0.08042884 bll HSP 42.909195 0.38277367 0.10654678 7.192067e-10 4.506663e-11
J0331.9+6307 52.9909 63.1309 -999.0 LogParabola 2445.6292 1.6485774e-13 2.0949237 1.78622e-13 2.0105538 0.06708702 bll ISP 28.21162 0.29266116 0.10383928 1.0085615e-09 7.346038e-11
J0332.2-1737 53.052 -17.6272 -inf LogParabola 799.4292 4.102514e-13 2.5866234 6.2299287e-13 2.4029162 0.4721282 bcu "" 35.127518 0.6893468 0.2305686 1.7615631e-10 3.590932e-11
J0332.8+1557 53.2156 15.9593 -inf LogParabola 4328.905 5.5831474e-15 2.0315843 1.0476933e-14 1.803839 0.6971072 bcu LSP 17.915403 0.5267185 0.6925736 1.035368e-10 4.5316344e-11
J0333.1+8227 53.2971 82.4501 -inf LogParabola 2876.5564 3.0127458e-14 1.976367 3.5243567e-14 1.8129163 0.12965328 bcu "" 19.207832 0.45234528 0.22098212 2.5809208e-10 3.354651e-11
J0333.3+0233 53.3435 2.561 -inf LogParabola 2616.3064 2.188184e-14 2.0095437 2.9892796e-14 1.6716254 0.28564498 bcu "" 18.76858 0.538996 0.47093105 1.6769611e-10 3.959287e-11
J0333.7+2916 53.4468 29.2711 -999.0 LogParabola 2039.2612 3.3555548e-13 1.9574165 3.8226136e-13 1.7802485 0.118904635 bll HSP 21.371338 0.16683903 0.07390967 1.5127504e-09 7.535198e-11
J0333.8+4007 53.4658 40.1196 -inf LogParabola 2523.3042 3.390301e-14 2.150683 4.2940013e-14 1.9910321 0.1997335 bcu "" 19.96379 0.39543155 0.28908157 2.3913216e-10 4.2706783e-11
J0333.9+6537 53.4767 65.6188 -999.0 LogParabola 2806.41 1.7628554e-13 1.9677219 1.922613e-13 1.872421 0.07069267 bll LSP 75.78767 0.442095 0.1080111 1.4090183e-09 7.43983e-11
J0334.2-3725 53.5556 -37.4327 -999.0 LogParabola 986.47327 2.9081544e-12 2.0282238 3.084917e-12 1.9146194 0.06710734 bll LSP 108.49668 0.2562658 0.06030105 2.8987688e-09 8.219591e-11
J0335.1-4459 53.7846 -44.9916 -inf PowerLaw 2193.722 8.841998e-14 1.9864229 8.890729e-14 1.9829911 0.0033814528 bll HSP 42.280716 0.49807924 0.13828342 4.2232468e-10 3.312568e-11
J0335.8+2733 53.9585 27.5614 -inf PowerLaw 4385.193 5.8117535e-15 2.1002223 5.8672973e-15 2.0925958 0.008312576 bcu "" 15.884611 0.34416875 0.48029113 1.1708316e-10 3.4542345e-11
J0338.5+1302 54.6355 13.0419 -999.0 LogParabola 3362.1108 1.3786522e-13 1.7647203 1.6991692e-13 1.5308349 0.16199224 bll HSP 62.675648 0.39182723 0.10063561 1.5628516e-09 8.4265865e-11
J0338.7-5319 54.6783 -53.3324 -inf PowerLaw 5605.654 2.4644519e-15 1.7977936 3.5854405e-15 1.6990128 0.29495105 bcu HSP 8.318356 0.0 10.0 6.677172e-11 1.9577798e-11
J0338.7-5706 54.6985 -57.1061 -inf PowerLaw 8217.198 1.012192e-15 1.7166378 9.365019e-16 1.7123426 -0.014226698 bll HSP 15.361375 0.0 10.0 5.057498e-11 1.8914714e-11
J0340.5-0256 55.1484 -2.935 -inf LogParabola 1770.2322 8.515966e-14 2.226152 1.0465361e-13 1.9359134 0.25724983 bcu LSP 9.082426 0.0 10.0 2.8112335e-10 4.3124945e-11
J0342.8-3007 55.709 -30.1286 -inf LogParabola 2134.763 2.4315168e-14 2.1625273 3.835787e-14 1.7648406 0.56029606 bcu LSP 11.888435 0.0 10.0 1.3391284e-10 2.9313947e-11
J0343.2-6444 55.8163 -64.7349 -999.0 PowerLaw 1530.5807 3.3637906e-13 2.1517184 3.578104e-13 2.1195207 0.041612502 bll ISP 94.406105 0.5364828 0.12862375 7.264073e-10 4.1591307e-11
J0344.2+3203 56.0715 32.0555 -inf LogParabola 1388.0677 3.7543165e-13 2.5759833 5.6657803e-13 2.937914 0.40102533 bcu "" 6.4165983 0.0 10.0 7.034194e-10 9.706332e-11
J0344.4+3432 56.1212 34.5471 -inf PowerLaw 8352.398 2.674298e-15 1.8156935 2.585837e-15 1.8180306 -0.0128988335 bcu "" 10.774509 0.0 10.0 1.51075e-10 3.8637815e-11
J0345.5-3301 56.3788 -33.0225 -inf PowerLaw 1867.4316 3.7532304e-14 2.1756046 3.8305954e-14 2.1550705 0.018463317 bcu ISP 10.835975 0.0 10.0 1.2371848e-10 2.4382609e-11
J0347.6-0133 56.9013 -1.5514 -inf LogParabola 6486.1904 2.2633495e-15 1.7252235 5.118281e-15 1.1529541 0.89064914 bcu "" 9.223539 0.0 10.0 6.2212124e-11 2.4979121e-11
J0347.7-3616 56.947 -36.2808 -inf PowerLaw 1315.4835 1.8047411e-13 2.289941 1.8356787e-13 2.2758923 0.012646271 bcu LSP 118.45202 1.2599399 0.29324377 2.61535e-10 2.8550664e-11
J0348.2+6035 57.0541 60.5904 -inf PowerLaw 7764.5464 5.295703e-15 1.8989016 6.2815735e-15 1.6116177 0.17814538 bcu "" 6.722136 0.0 10.0 2.8414754e-10 5.2748993e-11
J0348.6-1609 57.1532 -16.1654 -inf LogParabola 747.96185 1.6228695e-12 2.3498597 1.7516465e-12 2.2787192 0.071544155 bll LSP 31.885666 0.31086174 0.097468734 6.345929e-10 4.706965e-11
J0348.8-0828 57.2123 -8.477 -inf PowerLaw 1123.3923 1.4874998e-13 2.413288 1.4823133e-13 2.4158568 -0.0021877582 bcu LSP 10.483423 0.0 10.0 1.3921357e-10 3.0525492e-11
J0348.9-4859 57.2338 -48.998 -inf PowerLaw 1355.4968 9.2512817e-14 2.3474395 8.6829605e-14 2.3559058 -0.036335316 bcu LSP 17.173494 0.4029512 0.26172432 1.3997493e-10 2.2623377e-11
J0349.6+2410 57.423 24.1775 -inf LogParabola 752.17175 4.6689887e-13 2.6669598 8.916022e-13 2.749923 0.7240543 bcu "" 28.737597 0.70292294 0.24471366 1.4562634e-10 4.5704183e-11
J0350.4-5144 57.6127 -51.7434 -inf PowerLaw 3350.2014 1.5647673e-14 1.9241786 1.6638305e-14 1.8905377 0.03401653 bcu "" 12.360559 0.25078684 0.3785062 1.7095787e-10 2.4661781e-11
J0350.6-3226 57.6594 -32.4473 -inf PowerLaw 1247.5035 1.183516e-13 2.3493142 1.2614049e-13 2.3132412 0.057467803 bcu LSP 93.69047 1.6243215 0.3805254 1.4721965e-10 2.5372275e-11
J0350.8-2814 57.71 -28.2494 -inf PowerLaw 9811.057 1.9139537e-15 1.7538012 2.3600763e-15 1.6794543 0.11141104 bll HSP 12.495971 0.0 10.0 1.3498393e-10 3.827831e-11
J0352.0-2516 58.0034 -25.2733 -inf PowerLaw 1373.6305 5.9786736e-14 2.4641244 5.8421434e-14 2.4810324 -0.017958121 bcu LSP 15.922659 0.2618572 0.5136521 8.920942e-11 2.1688717e-11
J0352.9-3623 58.2326 -36.391 -inf LogParabola 5359.9883 6.037354e-15 1.6388947 8.529419e-15 1.3375489 0.23641062 bll ISP 13.524362 0.32355824 0.3022789 1.3918325e-10 2.595731e-11
J0353.0+5654 58.272 56.9026 -inf PowerLaw 3635.7285 3.390744e-14 2.121052 3.9014975e-14 2.0757437 0.098612785 bll HSP 38.449852 0.644977 0.19830717 4.6485457e-10 5.6079794e-11
J0353.7+8257 58.4405 82.9604 -999.0 PowerLaw 7103.341 3.2782852e-15 1.7711627 3.374737e-15 1.7602636 0.012407292 bll HSP 13.819837 0.25112316 0.3714987 1.3304106e-10 2.5300716e-11
J0354.4+4643 58.609 46.7231 -inf LogParabola 1173.737 6.483743e-13 2.5716274 7.5855045e-13 2.5876422 0.12013642 bcu "" 97.18765 0.8443022 0.20122223 6.805899e-10 6.406007e-11
J0354.7+8009 58.6919 80.1647 -inf LogParabola 1492.2637 1.4153487e-13 2.2282708 1.6558464e-13 2.045899 0.16700907 bll LSP 276.8986 2.255744 0.49072808 3.1546152e-10 3.3845666e-11
J0355.1-1841 58.7773 -18.6928 -inf PowerLaw 2962.5063 1.521624e-14 2.0257456 1.7770768e-14 1.9017644 0.112781495 bll ISP 6.431017 0.0 10.0 1.3272024e-10 2.6113665e-11
J0355.3+3909 58.834 39.1665 -inf PowerLaw 12977.793 8.681799e-16 1.7843727 9.841641e-16 1.7628783 0.070923015 bcu LSP 2.742814 0.0 10.0 1.0437981e-10 4.0394927e-11
J0356.1-1329 59.0313 -13.486 -inf PowerLaw 4005.4695 8.19201e-15 1.9726677 1.0119136e-14 1.7125497 0.21011333 bcu "" 16.990395 0.18401748 0.790422 1.2864158e-10 2.802975e-11
J0357.2-0319 59.3234 -3.3225 -999.0 LogParabola 7962.8574 3.6786615e-15 1.727398 5.023262e-15 1.7003502 0.16842549 bcu "" 11.285561 0.0 10.0 1.7719524e-10 4.1393573e-11
J0358.0-6946 59.5162 -69.7806 -inf LogParabola 2097.0464 2.6262182e-14 2.3099184 4.8123025e-14 1.921621 0.79226923 bcu LSP 7.3044205 0.0 10.0 1.521814e-10 3.4860802e-11
J0358.6+0634 59.6656 6.5759 -inf LogParabola 785.296 6.5085253e-13 2.5731459 8.634931e-13 2.4825318 0.23085803 bcu LSP 69.09166 1.1947601 0.30275694 2.5658795e-10 4.797933e-11
J0358.7+7649 59.676 76.8323 -inf PowerLaw 2065.7656 5.266551e-14 2.2440472 5.5360298e-14 2.1900232 0.03491352 bcu "" 5.3565884 0.0 10.0 2.1500744e-10 2.8852074e-11
J0359.4-0236 59.853 -2.6019 -inf PowerLaw 6589.6333 3.6126277e-15 1.8023885 4.9830665e-15 1.6900328 0.23489016 bcu "" 11.566106 0.0 10.0 1.313618e-10 3.6019732e-11
J0359.4-2616 59.8713 -26.2734 -inf PowerLaw 2071.4634 4.9059887e-14 2.2279503 5.5534133e-14 2.1336298 0.10790602 bll LSP 17.908875 0.39633834 0.2539223 2.0173954e-10 3.1171676e-11
J0400.7+3920 60.1856 39.3483 -inf PowerLaw 3656.2705 2.4312773e-14 2.116071 3.2932563e-14 2.2081552 0.29284006 bcu LSP 13.573889 0.2091385 0.37436202 3.366023e-10 5.6752044e-11
J0401.0-5353 60.2646 -53.8992 -999.0 PowerLaw 9038.931 1.5627111e-15 1.6674038 1.8770136e-15 1.5441186 0.10558637 bcu "" 9.463843 0.0 10.0 8.773822e-11 2.1839136e-11
J0401.9-2034 60.4867 -20.5804 -inf LogParabola 761.69885 2.07507e-12 2.2485218 2.308176e-12 2.1259341 0.10757695 bcu LSP 330.3299 0.91815525 0.2015545 9.638026e-10 5.3680223e-11
J0402.0+2737 60.5119 27.6204 -inf PowerLaw 1551.541 1.09775714e-13 2.4116814 1.1372216e-13 2.4153645 0.022287447 bcu LSP 45.73289 1.0248151 0.27394813 2.2404384e-10 3.6812834e-11
J0402.9+6433 60.7373 64.5517 -inf PowerLaw 6418.425 4.0156185e-15 2.0621078 4.132126e-15 2.0556371 0.011396013 bcu "" 10.59699 0.0 10.0 1.7354083e-10 4.5540335e-11
J0404.1-1715 61.0485 -17.2585 -inf PowerLaw 3279.681 1.1291558e-14 2.0073164 1.2534896e-14 1.9547677 0.057325255 bcu LSP 8.537874 0.0 10.0 1.2047172e-10 2.5933745e-11
J0404.3-1559 61.0786 -15.9993 -inf PowerLaw 1583.1383 4.5976596e-14 2.3178923 5.912839e-14 2.154226 0.22007985 bcu LSP 20.395721 0.6884614 0.37711906 1.0098347e-10 2.3579798e-11
