4LAC_catalog_generator_v3/resulting_catalogs/agn_pop_4lac_dr3_without_z.ecsv
# %ECSV 1.0
# ---
# datatype:
# - {name: Source_Name, datatype: string}
# - {name: RAJ2000, datatype: float32}
# - {name: DEJ2000, datatype: float32}
# - {name: Redshift, datatype: float64}
# - {name: SpectrumType, datatype: string}
# - {name: Pivot_Energy, datatype: float32}
# - {name: PL_Flux_Density, datatype: float32}
# - {name: PL_Index, datatype: float32}
# - {name: LP_Flux_Density, datatype: float32}
# - {name: LP_Index, datatype: float32}
# - {name: LP_beta, datatype: float32}
# - {name: CLASS, datatype: string}
# - {name: SED_class, datatype: string}
# - {name: Variability_Index, datatype: float32}
# - {name: Frac_Variability, datatype: float32}
# - {name: Unc_Frac_Variability, datatype: float32}
# - {name: Flux1000, datatype: float32}
# - {name: Unc_Flux1000, datatype: float32}
# schema: astropy-2.0
Source_Name RAJ2000 DEJ2000 Redshift SpectrumType Pivot_Energy PL_Flux_Density PL_Index LP_Flux_Density LP_Index LP_beta CLASS SED_class Variability_Index Frac_Variability Unc_Frac_Variability Flux1000 Unc_Flux1000
[from data line 551]
J0611.1+4325 92.7984 43.4261 -999.0 LogParabola 2893.9143 5.2985936e-14 1.9211518 5.90576e-14 1.7545592 0.10102961 bcu "" 9.309434 0.0 10.0 4.4589824e-10 4.785448e-11
J0611.6-2712 92.9115 -27.2152 -inf LogParabola 700.323 1.8598335e-12 2.3601713 2.0264179e-12 2.2410877 0.09811915 bcu "" 437.51813 1.3786103 0.3002089 6.2665206e-10 4.6334343e-11
J0611.6+2803 92.9237 28.0561 -inf PowerLaw 2257.8186 9.414473e-14 2.2786305 1.1145494e-13 2.209357 0.12022404 bll "" 31.7434 0.5010152 0.19286993 4.697862e-10 6.2118546e-11
J0612.5-3934 93.1416 -39.5824 -inf PowerLaw 1207.8761 1.3622503e-13 2.4840672 1.5845836e-13 2.3490512 0.15929435 bcu "" 19.99519 0.54009485 0.2465549 1.4664164e-10 2.8478856e-11
J0612.8+4122 93.2218 41.3717 -999.0 LogParabola 1253.2418 2.7320752e-12 1.9961724 3.0560717e-12 1.846384 0.1027355 bll ISP 92.30578 0.20574366 0.049380105 4.6895634e-09 1.108848e-10
J0614.8+6136 93.7213 61.6079 -inf LogParabola 1153.4733 1.8126727e-13 2.5149791 2.3821136e-13 2.7546163 0.279839 bcu "" 34.47391 0.70558476 0.21892047 1.8152123e-10 3.635562e-11
J0614.9+2426 93.7394 24.4475 -inf LogParabola 2413.7927 5.2119553e-14 2.2125762 7.8776734e-14 2.0306756 0.41318974 bcu "" 9.205259 0.0 10.0 3.6860986e-10 7.7487884e-11
J0615.3-3117 93.8394 -31.2853 -inf PowerLaw 2339.1309 5.797846e-14 2.154296 5.9709385e-14 2.1409812 0.023455566 bll ISP 30.69809 0.5846123 0.18588184 3.1186545e-10 3.6304376e-11
J0616.1-1732 94.0356 -17.5474 -inf LogParabola 12784.088 8.7432525e-16 1.7755752 1.996419e-15 1.446383 0.9886277 bll HSP 8.2721615 0.0 10.0 4.7789783e-11 1.4479679e-11
J0616.7-1049 94.1761 -10.823 -inf LogParabola 709.8726 1.1424359e-12 2.7695487 1.6474891e-12 2.8664234 0.33299294 bcu "" 19.679768 0.44614163 0.20030385 2.5233535e-10 6.1756496e-11
J0616.9+4340 94.2405 43.6815 -inf PowerLaw 6769.716 2.5729572e-15 1.864045 2.6593766e-15 1.843014 0.011475308 bcu "" 7.4234114 0.0 10.0 1.032704e-10 3.2099632e-11
J0617.2+5701 94.3162 57.0249 -999.0 LogParabola 1776.6975 3.8994025e-13 2.0491354 4.166636e-13 1.9793323 0.057724703 bll LSP 54.811657 0.29502088 0.07767284 1.2501011e-09 5.6467088e-11
J0620.0+5733 95.018 57.5595 -inf PowerLaw 4076.6997 4.782605e-15 2.176204 5.5215346e-15 1.6180027 0.3564518 bcu "" 7.511154 0.0 10.0 8.6201137e-11 2.718766e-11
J0620.3+3804 95.0788 38.0812 -inf PowerLaw 1738.0208 8.8695984e-14 2.5320432 9.8534936e-14 2.5585835 0.056089826 bcu "" 8.249382 0.0 10.0 2.3456942e-10 4.7003054e-11
J0621.2-4648 95.3015 -46.8071 -inf PowerLaw 618.6407 6.8937315e-13 2.6830707 7.6698224e-13 2.6159856 0.09293747 bcu ISP 9.464149 0.0 10.0 1.1292797e-10 2.5724173e-11
J0621.2-2213 95.3137 -22.2212 -inf PowerLaw 1578.424 9.212144e-14 2.2919111 1.0902595e-13 2.2489886 0.12199339 bcu "" 19.511274 0.5384366 0.25743166 2.0250512e-10 3.2868895e-11
J0621.8+1746 95.4517 17.7789 -inf PowerLaw 9173.474 3.805797e-15 1.8828733 3.689581e-15 1.8931135 -0.014912443 bll "" 22.455776 0.47436157 0.24916868 2.750584e-10 7.002303e-11
J0622.3-2605 95.5956 -26.0963 -999.0 LogParabola 1768.2115 5.9921783e-13 1.881172 6.240397e-13 1.8005332 0.040327787 bll HSP 139.32582 0.437988 0.10127738 2.0215363e-09 7.636758e-11
J0622.7-4141 95.6925 -41.6937 -inf LogParabola 1503.4639 1.3557826e-13 2.2339838 1.9374948e-13 1.9028548 0.4404194 bcu "" 9.932422 0.0 10.0 3.4752778e-10 4.077503e-11
J0623.0-3010 95.7646 -30.1828 -inf PowerLaw 846.72845 4.5635777e-13 2.5565145 5.4058445e-13 2.495851 0.145244 bcu "" 32.22171 0.69078 0.21743426 1.915508e-10 3.2770904e-11
J0623.2+3044 95.8231 30.7395 -inf LogParabola 3761.1533 3.587642e-14 1.9485081 4.203918e-14 1.7080061 0.16691624 bll "" 22.10731 0.41847485 0.17491753 4.6778437e-10 6.613871e-11
J0623.7-3348 95.9417 -33.8131 -inf LogParabola 1017.89374 1.2176014e-12 2.2965093 1.4326981e-12 2.2074213 0.14428411 bcu "" 495.83295 1.3299524 0.28783017 1.0727907e-09 6.008454e-11
J0624.1-6330 96.0406 -63.5097 -inf PowerLaw 3425.454 7.501521e-15 2.094494 9.600147e-15 1.7564545 0.3057643 bcu "" 11.567889 0.0 10.0 8.977884e-11 2.4952145e-11
J0624.2-2943 96.0616 -29.7178 -inf PowerLaw 4691.86 6.013907e-15 1.9862305 5.9773417e-15 1.9807093 -0.00251852 bcu HSP 9.319608 0.0 10.0 1.300314e-10 3.230012e-11
J0625.3+4439 96.3288 44.6648 -inf PowerLaw 1854.7814 2.4909797e-13 2.1083546 2.6774543e-13 2.0669274 0.048118453 bll LSP 30.573887 0.25902322 0.088005684 8.2186224e-10 4.8634638e-11
J0626.4-4259 96.6095 -42.9835 -inf LogParabola 3380.7363 2.4196736e-14 1.8910127 2.8858633e-14 1.5512803 0.20117143 bll HSP 30.59556 0.7053327 0.22491883 2.5890762e-10 4.199272e-11
J0626.8-2603 96.7166 -26.0581 -inf PowerLaw 906.38367 2.430869e-13 2.5472162 2.3101196e-13 2.5561373 -0.03258612 bcu LSP 6.410576 0.0 10.0 1.2226807e-10 3.3416585e-11
J0627.0+2623 96.752 26.3959 -inf PowerLaw 30936.535 1.4661893e-16 1.4391608 2.6685503e-16 1.2346976 0.5205526 bcu ISP 8.01506 0.0 10.0 4.0454005e-11 2.2075633e-11
J0628.6-6711 97.152 -67.1871 -inf PowerLaw 1081.9004 1.4065408e-13 2.5323346 1.5139861e-13 2.4152467 0.08534567 bcu LSP 20.031628 0.4070552 0.29037115 1.1199067e-10 2.512574e-11
J0628.8-6250 97.2174 -62.8405 -inf LogParabola 1173.0834 5.906422e-13 2.191674 6.519375e-13 2.0419757 0.114314325 bll LSP 34.784435 0.31072372 0.09338287 7.639805e-10 4.7689866e-11
J0629.6+2435 97.4084 24.5877 -inf LogParabola 3768.6914 2.137447e-14 1.9965085 3.0705202e-14 1.909297 0.25026575 bcu "" 30.688839 0.7089089 0.2378277 3.4113848e-10 5.7143835e-11
J0630.2+3228 97.5576 32.4681 -inf PowerLaw 3814.3672 9.3667826e-15 2.1140847 1.0999757e-14 2.0601828 0.09804746 bcu "" 10.665181 0.0 10.0 1.4170007e-10 3.755773e-11
J0630.9-2406 97.7414 -24.111 -999.0 LogParabola 1993.6285 1.0839526e-12 1.8148626 1.2228453e-12 1.6596212 0.09833891 bll HSP 118.580635 0.25038278 0.058701135 4.91889e-09 1.1559323e-10
J0631.1+2020 97.7766 20.3406 -inf LogParabola 1409.5919 4.1257316e-13 2.4276464 5.0153176e-13 2.1635728 0.27476627 bcu "" 60.511467 0.907163 0.23123585 7.7227275e-10 7.35395e-11
J0632.0-1032 98.0226 -10.5335 -inf LogParabola 1381.9396 3.269112e-13 2.3730364 3.9735733e-13 2.2683806 0.1714199 bcu "" 4.585589 0.0 10.0 5.9028227e-10 7.397588e-11
J0636.7+7139 99.1828 71.6615 -inf PowerLaw 1274.2815 5.0297147e-13 2.3097363 5.339606e-13 2.281429 0.045061305 bcu LSP 413.6182 1.2923137 0.2818496 6.707871e-10 3.871062e-11
J0637.4-3537 99.3708 -35.6264 -inf PowerLaw 1716.1505 7.729061e-14 2.244945 9.668541e-14 2.1541111 0.17880079 bcu LSP 8.527581 0.0 10.0 2.0809127e-10 3.293217e-11
J0638.2+6020 99.5691 60.3461 -inf LogParabola 1329.5638 1.1412013e-13 2.3957422 1.4658148e-13 2.3423183 0.2219299 bcu ISP 15.004949 0.30421782 0.25559893 1.8982055e-10 3.1386744e-11
J0638.7+2753 99.6887 27.8903 -inf PowerLaw 6529.3125 3.042905e-15 1.8621154 3.7586172e-15 1.8408204 0.122515455 bcu "" 6.800885 0.0 10.0 1.1399481e-10 3.3510916e-11
J0638.7+5658 99.6895 56.9785 -inf PowerLaw 557.0332 8.832475e-13 2.7312121 1.1328602e-12 2.6098783 0.23546931 bcu "" 18.823591 0.5358995 0.24865119 1.03220134e-10 2.3127647e-11
J0639.6+3503 99.9024 35.0586 -inf PowerLaw 818.9751 5.180797e-13 2.603651 5.203521e-13 2.6012409 0.0030128462 bcu LSP 14.529087 0.31421334 0.26199633 1.9204616e-10 3.5473787e-11
J0640.7-1924 100.181 -19.4092 -inf PowerLaw 673.3281 8.2742943e-13 2.6821249 1.0386139e-12 2.629236 0.1835233 bcu LSP 16.128204 0.35725093 0.34064072 1.7029003e-10 4.168837e-11
J0640.8+2432 100.2165 24.5421 -inf LogParabola 5393.944 5.8877836e-15 1.7458469 8.614498e-15 1.3940021 0.33994728 bcu "" 26.164097 0.779879 0.34634158 1.2937343e-10 3.829915e-11
J0643.2-5356 100.8154 -53.9364 -inf PowerLaw 1145.9193 2.317908e-13 2.4274426 2.5096228e-13 2.3967497 0.059407976 bcu LSP 56.42368 0.85672265 0.22770272 2.2577878e-10 2.992663e-11
J0643.4-3314 100.8513 -33.2392 -inf PowerLaw 1418.7683 8.659759e-14 2.3586667 1.13103476e-13 2.2654443 0.22607504 bcu LSP 14.764559 0.3327539 0.49132016 1.4521535e-10 3.1038304e-11
J0647.0-5138 101.7727 -51.6375 -inf PowerLaw 5731.6963 6.102643e-15 1.8464783 6.0049507e-15 1.8552219 -0.008813816 bll HSP 18.596008 0.37311518 0.31292185 1.7750643e-10 3.1832564e-11
J0647.7-4418 101.9253 -44.3058 -inf LogParabola 1649.4932 8.976668e-14 2.2014787 1.157713e-13 2.0127654 0.24808636 bcu "" 12.3256035 0.1693872 0.41043264 2.6538444e-10 3.886025e-11
J0647.7-6058 101.9314 -60.9781 -inf PowerLaw 850.49164 9.2501e-13 2.4950051 9.593465e-13 2.476238 0.029076343 bll LSP 103.125725 0.6992393 0.16686611 4.128198e-10 3.710517e-11
J0647.8+4527 101.9576 45.4646 -inf PowerLaw 1522.9628 8.221255e-14 2.6416056 8.227096e-14 2.6362848 -0.0006501634 bcu LSP 11.837837 0.07732572 1.4739978 1.5214127e-10 3.3150403e-11
J0648.1+1605 102.0403 16.0928 -inf PowerLaw 5896.1465 5.2733205e-15 1.907939 6.231337e-15 1.8221241 0.10271239 bcu "" 14.666141 0.0 10.0 1.6888928e-10 4.2238532e-11
J0648.2+1745 102.0746 17.7651 -inf PowerLaw 4852.798 6.7515565e-15 2.0650551 6.071157e-15 2.1034837 -0.048648544 bcu "" 11.632959 0.0 10.0 1.6424863e-10 4.1637683e-11
J0649.3+2230 102.3396 22.5059 -inf PowerLaw 4583.0947 9.325979e-15 1.9963762 9.583426e-15 1.9902464 0.01594016 bcu "" 19.783714 0.5070744 0.36948255 1.9356727e-10 4.030654e-11
J0649.5-3139 102.3945 -31.6573 -999.0 LogParabola 5952.091 1.07503965e-14 1.681387 1.3451038e-14 1.377918 0.18962702 bll "" 37.793285 0.64967036 0.19544056 2.6621902e-10 4.3300946e-11
J0650.2-1636 102.5717 -16.6012 -inf LogParabola 1022.1369 1.3646081e-12 2.5713973 1.5772051e-12 2.5689065 0.11648589 bcu LSP 88.16159 0.57300204 0.1386451 9.860593e-10 7.6883014e-11
J0650.5-2851 102.629 -28.861 -inf LogParabola 877.7094 4.1050046e-13 2.5686224 6.095964e-13 2.573298 0.32393956 bcu LSP 25.39021 0.5854074 0.22159132 2.2205796e-10 4.294528e-11
J0650.7+2503 102.6986 25.0548 -999.0 LogParabola 2066.7964 8.4146215e-13 1.7330644 8.8673274e-13 1.6483959 0.040575203 bll HSP 314.69104 0.43464538 0.09621271 4.0640415e-09 1.0505253e-10
J0651.0+4013 102.7724 40.232 -inf LogParabola 1536.6902 2.4716318e-13 2.0863504 2.6901382e-13 1.9663959 0.081029214 bll HSP 15.112171 0.12932804 0.14252347 5.938407e-10 4.7877938e-11
J0651.4+6525 102.8619 65.4233 -inf PowerLaw 1840.3362 1.07537284e-13 2.1449108 1.172588e-13 2.0811892 0.069053695 bll ISP 16.10523 0.21549094 0.13358283 3.4580946e-10 2.9138376e-11
J0651.5+7956 102.8887 79.9476 -inf PowerLaw 1506.4175 5.859914e-14 2.3777018 5.1476865e-14 2.4767323 -0.06845889 bcu "" 4.7892914 0.0 10.0 1.1251804e-10 2.0266675e-11
J0652.1-4813 103.0402 -48.2211 -inf PowerLaw 3826.9238 1.0477051e-14 1.9777334 1.2089203e-14 1.8570604 0.11040769 bll HSP 9.845602 0.0 10.0 1.5065246e-10 2.9023523e-11
J0652.5+1932 103.1448 19.5486 -inf LogParabola 937.97125 3.6587318e-13 2.5669413 5.22876e-13 2.351779 0.43032393 bcu "" 9.702015 0.0 10.0 2.479541e-10 4.5914123e-11
J0653.7+2815 103.4285 28.265 -inf LogParabola 1677.4707 2.237977e-13 2.0574868 2.7452584e-13 1.8251864 0.19886765 bll "" 19.861486 0.24929763 0.11094449 7.0207884e-10 5.4930574e-11
J0654.3+0923 103.578 9.3874 -inf PowerLaw 3392.9463 1.8961947e-14 2.1224735 2.1416622e-14 2.103019 0.065002725 bcu "" 23.9087 0.7115105 0.34557235 2.2462766e-10 4.4102815e-11
J0654.6-4952 103.6669 -49.868 -inf PowerLaw 1150.6301 2.3668616e-13 2.3677166 2.5266798e-13 2.3524451 0.048391234 bcu LSP 13.068795 0.15070681 0.27749434 2.4088095e-10 3.225004e-11
J0655.4-2631 103.8659 -26.524 -inf LogParabola 2808.3062 3.6639118e-14 2.1337166 4.7941553e-14 2.1676433 0.17626512 bcu "" 18.713171 0.32310024 0.21260275 3.4565567e-10 5.3285626e-11
J0658.2+2709 104.5735 27.1501 -inf PowerLaw 2564.6675 2.10624e-14 2.1580942 3.089828e-14 1.3511282 0.9521178 bcu LSP 15.46102 0.0 10.0 1.3819569e-10 3.0457862e-11
J0658.6+0636 104.6599 6.611 -inf PowerLaw 4722.8584 1.5015782e-14 1.9361806 1.8223634e-14 1.7865108 0.14046897 bcu "" 13.771414 0.21650739 0.361546 3.1972258e-10 5.0071402e-11
J0659.6-6742 104.9243 -67.7123 -inf PowerLaw 10634.021 1.3738415e-15 1.6711787 1.5437067e-15 1.6289245 0.0525665 bcu HSP 11.30801 0.0 10.0 1.0155991e-10 2.6792851e-11
J0700.1-6311 105.0499 -63.1863 -inf PowerLaw 3161.8655 2.266884e-14 2.03264 2.6636455e-14 1.9259664 0.12025243 bcu "" 20.287941 0.3712059 0.20605008 2.2595179e-10 3.1780436e-11
J0700.2+1304 105.075 13.0674 -999.0 PowerLaw 2827.7546 6.284317e-14 2.0475802 7.156524e-14 1.9546349 0.10093469 bll HSP 6.4698305 0.0 10.0 5.0005455e-10 4.911068e-11
J0700.5-6610 105.1293 -66.1803 -999.0 LogParabola 1008.0341 4.3173846e-12 2.0713737 4.64774e-12 1.9621602 0.07380093 bll ISP 424.4349 0.36702892 0.08045604 4.3456403e-09 9.548531e-11
J0701.5+2511 105.3765 25.196 -inf PowerLaw 7301.169 3.6459182e-15 1.7829721 3.405572e-15 1.8195097 -0.031770248 bcu "" 7.051725 0.0 10.0 1.5687404e-10 3.5148544e-11
J0702.7-1951 105.678 -19.8517 -inf LogParabola 1343.3657 1.2395074e-12 2.1550884 1.3499372e-12 2.0670092 0.07224847 bll LSP 165.17406 0.5501567 0.124994725 2.1623083e-09 9.597284e-11
J0703.2+6809 105.8104 68.151 -inf PowerLaw 5387.448 2.7677932e-15 1.905562 3.2201842e-15 1.8240036 0.100507535 bcu HSP 16.024328 0.0 10.0 7.450993e-11 2.096594e-11
J0703.2-3914 105.8237 -39.2479 -999.0 PowerLaw 1854.5098 1.8953376e-13 2.1681244 2.0497474e-13 2.1309574 0.054631963 bll LSP 16.667667 0.19723101 0.11455678 6.1638417e-10 4.6138676e-11
J0703.3-1042 105.8287 -10.7092 -inf PowerLaw 5050.47 1.1089402e-14 2.267211 1.072469e-14 2.2562256 -0.021964781 bcu "" 3.954691 0.0 10.0 3.4317527e-10 9.902497e-11
J0703.3-0050 105.8367 -0.8436 -inf LogParabola 1633.9291 4.0184433e-13 2.2704892 4.812857e-13 2.1840246 0.143439 bll ISP 40.775215 0.33467096 0.11199546 1.0901325e-09 8.53349e-11
J0704.7+4508 106.1893 45.1358 -inf PowerLaw 1438.6433 8.7974414e-14 2.3748767 9.437336e-14 2.3444505 0.04955249 bcu LSP 12.998525 0.0 10.0 1.5156065e-10 2.979268e-11
J0704.8+4907 106.2067 49.1318 -inf LogParabola 681.8891 1.742645e-12 2.4927828 2.0066726e-12 2.3660316 0.15287042 bcu LSP 85.463486 0.63517505 0.15437756 4.799786e-10 4.162461e-11
J0705.7-4848 106.4472 -48.8071 -inf LogParabola 1103.5312 7.044751e-13 2.337046 8.5838514e-13 2.252349 0.17399935 bcu ISP 11.072655 0.045065887 0.25113317 7.4628215e-10 5.4626935e-11
J0705.9+5309 106.4933 53.1652 -inf PowerLaw 2830.1875 2.0449928e-14 2.090639 2.1183525e-14 2.0801768 0.02051313 bcu LSP 15.823696 0.39238477 0.2785016 1.6398949e-10 2.6616142e-11
J0706.1+0246 106.5454 2.7772 -999.0 PowerLaw 16068.393 1.0740268e-15 1.6067189 1.1723427e-15 1.5975252 0.03412056 bcu "" 10.7485485 0.0 10.0 1.4397947e-10 4.1822126e-11
J0706.5+3744 106.63 37.7383 -999.0 LogParabola 1874.053 2.9447446e-13 1.8732549 3.161205e-13 1.7643487 0.060353108 bll HSP 19.517246 0.16187482 0.074464135 1.1336073e-09 5.826566e-11
J0706.8+7742 106.7249 77.7002 -999.0 LogParabola 1288.5658 5.8011267e-13 2.0472667 6.4622613e-13 1.8725287 0.11462929 bll ISP 218.61331 0.66560566 0.14879626 1.0192709e-09 4.635249e-11
J0706.9+6109 106.7319 61.1595 -inf PowerLaw 955.2885 5.420333e-13 2.4384692 5.543035e-13 2.430514 0.015704388 bll LSP 31.57772 0.39697304 0.1238555 3.3672024e-10 3.073638e-11
J0709.0+4304 107.2562 43.0755 -inf PowerLaw 4457.6797 3.9810057e-15 2.1042695 3.8870634e-15 2.1146665 -0.00882367 bcu "" 12.592229 0.0 10.0 8.321814e-11 2.7887687e-11
J0709.3+0540 107.3392 5.6788 -inf PowerLaw 2406.6985 6.533737e-14 2.13545 7.092941e-14 2.092607 0.05643459 bcu "" 22.140509 0.4559583 0.19504273 3.7348033e-10 4.8197963e-11
J0712.5+3311 108.1476 33.1893 -inf PowerLaw 3925.1396 6.100378e-15 2.0754073 6.707537e-15 0.68789005 0.80063504 bcu "" 10.366653 0.0 10.0 9.6224535e-11 2.7511129e-11
J0713.0+5738 108.2598 57.6345 -inf LogParabola 687.83295 1.1303603e-12 2.4472177 1.2575646e-12 2.3413517 0.09593728 bcu ISP 164.48378 1.7756547 0.39081246 3.3764894e-10 3.9145756e-11
J0713.5+2537 108.3756 25.6317 -inf LogParabola 1883.4048 5.766465e-14 2.2019043 7.513953e-14 1.8781394 0.30223098 bcu "" 9.939978 0.0 10.0 2.2620891e-10 3.9892954e-11
