4LAC_catalog_generator_v3/resulting_catalogs/agn_pop_4lac_dr3_with_z.ecsv
# %ECSV 1.0
# ---
# datatype:
# - {name: Source_Name, datatype: string}
# - {name: RAJ2000, datatype: float32}
# - {name: DEJ2000, datatype: float32}
# - {name: Redshift, datatype: float64}
# - {name: SpectrumType, datatype: string}
# - {name: Pivot_Energy, datatype: float32}
# - {name: PL_Flux_Density, datatype: float32}
# - {name: PL_Index, datatype: float32}
# - {name: LP_Flux_Density, datatype: float32}
# - {name: LP_Index, datatype: float32}
# - {name: LP_beta, datatype: float32}
# - {name: CLASS, datatype: string}
# - {name: SED_class, datatype: string}
# - {name: Variability_Index, datatype: float32}
# - {name: Frac_Variability, datatype: float32}
# - {name: Unc_Frac_Variability, datatype: float32}
# - {name: Flux1000, datatype: float32}
# - {name: Unc_Flux1000, datatype: float32}
# schema: astropy-2.0
Source_Name RAJ2000 DEJ2000 Redshift SpectrumType Pivot_Energy PL_Flux_Density PL_Index LP_Flux_Density LP_Index LP_beta CLASS SED_class Variability_Index Frac_Variability Unc_Frac_Variability Flux1000 Unc_Flux1000
[from data line 1797]
J2354.1-0958 358.5309 -9.9774 0.989 PowerLaw 1724.6191 3.5295795e-14 2.3763156 3.8472392e-14 2.2802403 0.08172378 fsrq LSP 26.143986 0.78026813 0.34385145 9.3506695e-11 2.5132384e-11
J2354.6+4554 358.6618 45.9058 1.992 LogParabola 1396.5765 1.4222617e-13 2.3176906 2.00961e-13 2.0263355 0.37201974 fsrq LSP 4.947626 0.0 10.0 3.0397793e-10 4.2469413e-11
J2354.9+8151 358.7412 81.8666 1.344 LogParabola 747.42316 8.745033e-13 2.5049884 1.0365965e-12 2.338873 0.17690615 fsrq LSP 19.4853 0.3005287 0.15608014 3.1569294e-10 3.871681e-11
J2356.2+4036 359.0656 40.6071 0.131 PowerLaw 3656.0068 2.8008605e-14 1.9262313 3.0030574e-14 1.8966669 0.039136175 bll HSP 13.801146 0.18619384 0.20587792 3.6222447e-10 3.848013e-11
J2357.4-0152 359.3674 -1.8703 0.812 PowerLaw 1353.4712 1.5693878e-13 2.2757237 1.8518417e-13 2.0812368 0.17152984 bll LSP 20.88188 0.44045535 0.19204614 2.443549e-10 3.3480056e-11
J2357.8-5311 359.463 -53.1919 1.006 PowerLaw 627.1681 2.082317e-12 2.661574 2.1537542e-12 2.6580353 0.02270256 fsrq LSP 218.9454 1.0637577 0.23617218 3.6204229e-10 3.4682906e-11
J2358.0-4601 359.5223 -46.0176 0.444 PowerLaw 931.4494 4.0280913e-13 2.4299538 4.263313e-13 2.4037454 0.0449545 bcu LSP 30.538687 0.4773978 0.15740852 2.3680766e-10 2.806734e-11
J2358.3-1021 359.5822 -10.3616 1.638 LogParabola 550.99835 4.7781596e-12 2.5574622 5.5384703e-12 2.5085003 0.13912061 fsrq LSP 195.55394 0.6680762 0.15055147 6.5069317e-10 4.819471e-11
J2358.3+3830 359.5883 38.5097 0.2 PowerLaw 2825.8608 5.256267e-14 2.0574756 5.661613e-14 2.02011 0.051158983 bll "" 42.17311 0.5673469 0.16491899 4.1819662e-10 4.1355763e-11
J2358.5-1808 359.6387 -18.1408 0.057553 LogParabola 2145.8286 1.1661126e-13 1.8837684 1.2786591e-13 1.7319705 0.085842185 bll HSP 22.734268 0.25704524 0.119257785 5.7775906e-10 4.6743758e-11
J2359.0+3922 359.7548 39.3669 1.198 PowerLaw 1285.39 2.5348715e-13 2.418413 2.7389497e-13 2.403656 0.053489603 fsrq LSP 56.146664 0.7799212 0.20391001 3.2761927e-10 3.7958293e-11
J2359.0-3038 359.7719 -30.6367 0.165 PowerLaw 3783.637 3.347913e-14 1.8235426 3.430147e-14 1.8101964 0.012363379 bll HSP 11.357653 0.05787275 0.34638658 4.498665e-10 3.9366607e-11
J2359.2-3134 359.8167 -31.5832 0.99 PowerLaw 633.0502 9.404723e-13 2.6442769 9.687202e-13 2.6346161 0.023825364 fsrq LSP 82.691574 1.0123546 0.2485515 1.7072874e-10 2.7292819e-11
J2359.3-2049 359.8357 -20.8189 0.096 PowerLaw 2594.2498 5.196033e-14 1.9841878 5.1973837e-14 1.9827508 0.0017604796 bll LSP 14.04321 0.17721713 0.19097336 3.4629855e-10 3.4945647e-11
