4LAC_catalog_generator_v3/resulting_catalogs/agn_pop_4lac_dr3_without_z.ecsv
# %ECSV 1.0
# ---
# datatype:
# - {name: Source_Name, datatype: string}
# - {name: RAJ2000, datatype: float32}
# - {name: DEJ2000, datatype: float32}
# - {name: Redshift, datatype: float64}
# - {name: SpectrumType, datatype: string}
# - {name: Pivot_Energy, datatype: float32}
# - {name: PL_Flux_Density, datatype: float32}
# - {name: PL_Index, datatype: float32}
# - {name: LP_Flux_Density, datatype: float32}
# - {name: LP_Index, datatype: float32}
# - {name: LP_beta, datatype: float32}
# - {name: CLASS, datatype: string}
# - {name: SED_class, datatype: string}
# - {name: Variability_Index, datatype: float32}
# - {name: Frac_Variability, datatype: float32}
# - {name: Unc_Frac_Variability, datatype: float32}
# - {name: Flux1000, datatype: float32}
# - {name: Unc_Flux1000, datatype: float32}
# schema: astropy-2.0
Source_Name RAJ2000 DEJ2000 Redshift SpectrumType Pivot_Energy PL_Flux_Density PL_Index LP_Flux_Density LP_Index LP_beta CLASS SED_class Variability_Index Frac_Variability Unc_Frac_Variability Flux1000 Unc_Flux1000
[from data line 1826]
J2139.9+3910 324.9929 39.1711 -inf PowerLaw 1000.34406 2.525015e-13 2.5889149 3.3644948e-13 2.5852737 0.2667826 bcu "" 18.957525 0.4818685 0.28521994 1.5902277e-10 3.9730316e-11
J2140.5-6731 325.1378 -67.5192 -inf LogParabola 437.12186 1.726213e-12 2.9074013 2.7501944e-12 2.3832943 0.77026707 bcu "" 43.294197 1.1376604 0.29807597 7.2899575e-11 2.501542e-11
J2141.4+2947 325.3724 29.7845 -inf PowerLaw 2913.949 1.80833e-14 2.088499 2.2634142e-14 2.0798771 0.17767283 bll "" 20.563686 0.6683275 0.39248693 1.540684e-10 3.346891e-11
J2141.7-6410 325.4305 -64.1792 -inf LogParabola 715.5026 6.7721584e-12 2.327579 7.627291e-12 2.2362733 0.1101299 bcu LSP 2109.9617 1.09208 0.23384175 2.4579065e-09 7.247007e-11
J2142.1+4501 325.5291 45.0182 -inf PowerLaw 6034.028 4.519273e-15 1.9443252 5.6894055e-15 1.7638376 0.19362582 bcu "" 12.896653 0.0 10.0 1.5564046e-10 3.750865e-11
J2142.4+3659 325.602 36.9856 -inf PowerLaw 6616.486 6.1785755e-15 1.8336155 7.3024125e-15 1.700002 0.11860494 bcu "" 14.186476 0.20422041 0.32958797 2.318706e-10 4.078391e-11
J2142.5-2552 325.6448 -25.8777 -inf LogParabola 1068.5317 6.008517e-13 2.1565473 6.681204e-13 2.020137 0.10711724 bcu "" 141.84628 0.8445557 0.19393659 6.523797e-10 5.0797578e-11
J2142.8+1958 325.7011 19.982 -inf LogParabola 5641.2837 5.4766957e-15 1.8123603 7.3335105e-15 1.4707133 0.26919296 bcu ISP 22.348932 0.6158666 0.28809056 1.2708765e-10 3.852352e-11
J2143.9+3337 325.9975 33.628 -inf PowerLaw 3386.7156 2.4789646e-14 2.0022311 2.6879483e-14 1.984104 0.041512698 bcu LSP 21.731426 0.55496866 0.2407826 2.8170888e-10 4.0104052e-11
J2144.2+3132 326.0646 31.5457 -inf PowerLaw 1967.5853 1.7469103e-13 2.125327 1.9139696e-13 2.0831 0.06149548 bll ISP 32.22026 0.3948376 0.122102365 6.506547e-10 4.743104e-11
J2144.8-1817 326.2132 -18.2988 -inf PowerLaw 4384.0503 6.093577e-15 1.9759353 6.6585014e-15 1.895591 0.061083034 bcu ISP 16.14932 0.24855648 0.86171794 1.1453841e-10 2.9841615e-11
J2146.5-1344 326.6449 -13.7347 -999.0 LogParabola 2518.8213 2.146483e-13 1.7479995 2.4770065e-13 1.5384617 0.118718505 bll "" 44.464745 0.27937385 0.079927064 1.5035634e-09 7.135941e-11
J2146.8+0425 326.708 4.4266 -inf PowerLaw 651.2807 8.8799915e-13 2.7056499 1.0579289e-12 2.6520672 0.14343627 bcu LSP 26.335575 0.58239484 0.21534744 1.631939e-10 3.1380027e-11
J2148.0-0733 327.0197 -7.5612 -inf PowerLaw 2517.16 5.646864e-14 2.0244792 6.451905e-14 1.8931204 0.105827205 bll ISP 14.315817 0.23755907 0.20361906 3.540989e-10 3.7876504e-11
J2149.1+6104 327.2897 61.0705 -inf LogParabola 724.62506 1.4768615e-12 2.7877672 2.211181e-12 2.910281 0.38758597 bcu "" 25.380022 0.43021163 0.14884384 3.401614e-10 6.260192e-11
J2149.6+0323 327.4236 3.3959 -inf PowerLaw 1931.2224 1.3701796e-13 2.1349857 1.4652857e-13 2.0926561 0.051712908 bll LSP 46.442272 0.6598596 0.17932615 4.8955e-10 4.2871852e-11
J2149.7+1917 327.4441 19.2859 -inf LogParabola 754.7552 1.051486e-12 2.5074403 1.2215461e-12 2.394043 0.14423555 bcu LSP 82.676765 0.956117 0.23336197 3.7620673e-10 4.6418917e-11
J2151.4+4156 327.8604 41.9409 -inf LogParabola 3330.6453 4.0797782e-14 1.9807051 5.4130613e-14 1.6647298 0.2971245 bll "" 20.076092 0.32623407 0.16817243 4.4700293e-10 5.841938e-11
J2155.3+6602 328.8341 66.0359 -inf LogParabola 743.93286 9.709895e-13 2.7401197 1.4913653e-12 3.083444 0.48969576 bcu "" 12.64994 0.24253124 0.24003147 2.1267249e-10 6.693145e-11
J2156.0+1818 329.013 18.309 -999.0 LogParabola 3596.9343 3.5417432e-14 1.7682527 3.9300686e-14 1.6083163 0.0866131 bll "" 12.285419 0.113290474 0.26704204 4.3176704e-10 4.7278462e-11
J2158.5-7550 329.6348 -75.8359 -inf PowerLaw 2978.7961 1.3854615e-14 2.351366 1.239204e-14 2.4052453 -0.05976303 bcu LSP 19.794895 0.49932674 0.3735586 1.3327414e-10 3.5200492e-11
J2159.8-4751 329.9623 -47.8518 -inf PowerLaw 665.6671 1.1065622e-12 2.5582511 1.1435583e-12 2.5502622 0.02583253 bcu LSP 69.723946 0.7276302 0.18421689 2.5063604e-10 3.295952e-11
J2200.1+2138 330.0307 21.6382 -inf PowerLaw 2131.6414 1.00728304e-13 2.109235 1.0972084e-13 2.0583737 0.057004087 bll LSP 46.009388 0.57630277 0.16010222 4.4557988e-10 4.2110745e-11
J2200.7-2414 330.1815 -24.2421 -inf PowerLaw 1412.5491 1.4590347e-13 2.2736757 1.4822644e-13 2.2609322 0.010455835 bcu LSP 29.416332 0.58629507 0.20441571 2.505878e-10 3.2769776e-11
J2201.0-5907 330.2553 -59.1167 -inf LogParabola 2361.9934 1.794631e-14 2.002129 3.3988274e-14 1.6316535 0.7720527 bcu HSP 15.722572 0.0 10.0 1.3122475e-10 2.9443194e-11
J2201.5+2950 330.3958 29.8469 -inf PowerLaw 2940.8254 1.7823249e-14 2.1213024 2.0304948e-14 2.0473454 0.09038516 bcu HSP 17.317865 0.13245046 0.98525435 1.5582466e-10 3.1863408e-11
J2201.9-1706 330.4866 -17.1065 -inf PowerLaw 21405.906 2.7298188e-16 1.5564201 2.3768115e-16 1.5682986 -0.053778358 bll HSP 8.656183 0.0 10.0 5.3305294e-11 2.7788851e-11
J2203.6+6751 330.9093 67.8529 -inf PowerLaw 1293.0756 1.447521e-13 2.572783 1.8140665e-13 2.6310732 0.15711397 bcu "" 10.235016 0.0 10.0 1.7824735e-10 3.7833094e-11
J2205.0+7432 331.2719 74.5462 -inf LogParabola 2102.178 4.947479e-14 2.2266843 8.802841e-14 2.5499551 0.79207754 bcu LSP 71.023895 1.0352348 0.2725056 3.0170036e-10 4.6694613e-11
J2207.0+3607 331.7735 36.1241 -inf PowerLaw 5396.2534 4.4035413e-15 1.9854861 5.195663e-15 1.9742051 0.10035301 bcu "" 9.877292 0.0 10.0 1.2563732e-10 3.3366417e-11
J2207.1+4316 331.7878 43.2677 -inf PowerLaw 3982.4417 2.5617273e-14 2.1262808 2.928506e-14 1.9931966 0.12964137 bcu LSP 23.841337 0.49649882 0.19295101 4.272057e-10 5.6141477e-11
J2208.1-4507 332.0443 -45.1261 -inf PowerLaw 4461.012 4.2201075e-15 1.9323865 4.1325823e-15 1.9316146 -0.0009210199 bcu ISP 9.250469 0.0 10.0 8.031223e-11 2.354584e-11
J2208.2+0350 332.0597 3.8348 -inf PowerLaw 2560.4778 1.8936128e-14 2.1463768 2.3672159e-14 2.1026232 0.14660765 bll "" 3.3137453 0.0 10.0 1.2366834e-10 2.9282538e-11
J2209.4+4329 332.351 43.4858 -inf PowerLaw 1751.1938 1.3725299e-13 2.464973 1.3947128e-13 2.4640434 0.008873139 bcu "" 33.747097 0.5184038 0.16790566 3.7253056e-10 4.8977877e-11
J2209.8-5028 332.4735 -50.4702 -inf PowerLaw 2020.3181 2.6344051e-14 2.2482677 2.6573055e-14 2.247161 0.0073079723 bcu "" 25.674845 0.88212615 0.3313361 1.0227645e-10 2.4992505e-11
J2210.5+3623 332.626 36.39 -inf PowerLaw 2982.0671 1.3671642e-14 2.2863393 1.2946673e-14 2.2801867 -0.02495223 bcu HSP 8.220127 0.0 10.0 1.289256e-10 3.392788e-11
J2210.8+3203 332.7238 32.0533 -inf PowerLaw 24448.89 1.7890806e-16 1.4289433 2.4934614e-16 1.4935597 0.1413605 bcu "" 14.949842 0.0 10.0 3.460482e-11 1.7154118e-11
J2211.4-7040 332.8558 -70.6795 -inf PowerLaw 2324.6497 4.0198114e-14 2.1654842 3.7085244e-14 2.2108274 -0.046966355 bll HSP 17.824245 0.33335045 0.2069115 2.1336123e-10 2.7232173e-11
J2211.9+0821 332.9864 8.3509 -inf PowerLaw 1634.2915 5.2604998e-14 2.420244 5.361922e-14 2.4165928 0.010020765 bcu LSP 4.5410695 0.0 10.0 1.2147978e-10 2.943771e-11
J2212.2-7251 333.0628 -72.8521 -inf PowerLaw 712.0309 4.711482e-13 2.7039611 4.7245806e-13 2.6971862 0.002039636 bcu ISP 15.715369 0.45973426 0.26880231 1.10386984e-10 2.3945387e-11
J2212.6+2800 333.1688 28.0085 -inf LogParabola 1283.4467 3.1304598e-13 2.1829283 3.5318924e-13 2.092971 0.089666985 bll LSP 9.254722 0.0 10.0 4.990845e-10 4.713572e-11
J2213.5-4754 333.3871 -47.9058 -inf PowerLaw 3538.082 1.4272192e-14 1.946189 1.4421664e-14 1.9207823 0.009732979 bll "" 12.963856 0.21445537 0.40019694 1.7417617e-10 2.7941037e-11
J2213.9+5948 333.4995 59.8056 -inf PowerLaw 2366.4458 5.724606e-14 2.502568 6.2246574e-14 2.5540838 0.065839626 bcu "" 10.354852 0.0 10.0 3.287463e-10 7.303257e-11
J2215.4+0544 333.8627 5.748 -inf PowerLaw 2753.2253 3.177213e-14 2.110268 3.4760392e-14 2.0822167 0.055409428 bll "" 11.834299 0.0 10.0 2.4114458e-10 3.77209e-11
J2215.4+6105 333.8724 61.0863 -inf LogParabola 1414.6403 2.5100215e-13 2.6236613 3.2498938e-13 2.664368 0.20378296 bcu LSP 7.639594 0.0 10.0 4.605981e-10 7.510546e-11
J2218.6+1941 334.6542 19.6983 -inf PowerLaw 732.697 4.587373e-13 2.7042353 4.960556e-13 2.6729481 0.061176468 bcu "" 12.877839 0.16402517 0.6581622 1.1609571e-10 2.8498554e-11
J2221.5-5225 335.3909 -52.4307 -999.0 LogParabola 2307.1685 1.385405e-13 1.7745937 1.5798372e-13 1.5859464 0.10892249 bll HSP 36.946957 0.29125243 0.09173779 8.273006e-10 4.8145113e-11
J2221.8+3358 335.4661 33.9753 -inf PowerLaw 3633.3445 7.689708e-15 2.113173 8.727668e-15 2.0645683 0.079394236 bcu LSP 10.509742 0.0 10.0 1.0492581e-10 2.859265e-11
J2222.8+1209 335.7098 12.1568 -inf PowerLaw 1377.952 1.5830153e-13 2.399001 1.8391323e-13 2.3079686 0.14030224 bcu LSP 32.817364 0.62331295 0.20322412 2.4386587e-10 3.6355426e-11
J2223.0+6746 335.7737 67.7729 -inf PowerLaw 1652.278 9.174976e-14 2.4969156 1.0740902e-13 2.4881027 0.09763679 bcu "" 5.0402155 0.0 10.0 2.1462358e-10 4.5432606e-11
J2223.3+0102 335.8476 1.0476 -inf PowerLaw 4552.981 8.100559e-15 1.9140875 1.018401e-14 1.763931 0.18637094 bll LSP 16.480825 0.38600904 0.57908434 1.58902e-10 3.3311565e-11
J2223.4+5814 335.8733 58.2385 -inf LogParabola 764.7556 1.2876316e-12 2.7850404 2.1814406e-12 3.0045485 0.43381307 bcu "" 5.776458 0.0 10.0 3.7134956e-10 9.6486555e-11
J2224.3+7737 336.0901 77.6201 -inf LogParabola 864.72034 3.5917815e-13 2.6720955 7.022892e-13 2.6174884 0.9669424 bcu HSP 8.403041 0.0 10.0 1.855024e-10 4.7090734e-11
J2224.5+0353 336.1251 3.8936 -inf PowerLaw 4105.7188 7.461194e-15 1.9710506 9.422892e-15 1.9690557 0.13106073 bcu HSP 16.630516 0.44932526 0.78297424 1.229336e-10 3.205118e-11
J2226.5+6901 336.6294 69.0208 -inf PowerLaw 8191.056 2.6182947e-15 1.9282652 2.8997292e-15 1.8378742 0.071723126 bcu "" 9.580312 0.0 10.0 1.6050553e-10 4.2385553e-11
J2226.6+0210 336.665 2.168 -inf PowerLaw 7812.5796 2.6195925e-15 1.6992878 3.2902302e-15 1.6340173 0.10894035 bcu "" 20.611189 0.5101144 0.5069676 1.1831192e-10 2.987199e-11
J2228.0-4155 337.0038 -41.9324 -inf PowerLaw 6285.116 2.0470603e-15 1.8229337 2.3701312e-15 1.822127 0.071310624 bcu "" 17.08972 0.6282268 0.5727778 6.936858e-11 2.2309193e-11
J2228.5+2211 337.1455 22.1914 -inf PowerLaw 1473.8285 1.3758131e-13 2.4018784 1.5207231e-13 2.3087325 0.099580675 bcu ISP 10.4125805 0.0 10.0 2.4883368e-10 3.3705105e-11
J2229.1+2254 337.298 22.9078 -inf PowerLaw 5702.6597 4.6624077e-15 1.8784895 5.3944187e-15 1.7623706 0.09316299 bll "" 14.155995 0.0 10.0 1.3726205e-10 3.148931e-11
J2229.2-6911 337.3037 -69.1871 -inf PowerLaw 887.6078 4.0298215e-13 2.5263655 3.9560686e-13 2.535054 -0.012900055 bcu "" 16.33149 0.2666565 0.17811923 1.952596e-10 2.7249708e-11
J2231.6+2754 337.9043 27.906 -inf PowerLaw 7990.3887 1.6496903e-15 1.7734435 2.2044668e-15 1.5413117 0.23070449 bcu "" 9.649481 0.0 10.0 8.2635634e-11 2.5853208e-11
J2232.3+7616 338.0921 76.267 -inf PowerLaw 3619.7593 8.101792e-15 2.2048297 9.312264e-15 2.1713982 0.08053378 bcu "" 6.6182666 0.0 10.0 1.1425322e-10 2.9102748e-11
J2232.3+6246 338.0988 62.775 -inf PowerLaw 1736.1123 1.7514697e-13 2.543316 2.0371438e-13 2.6546316 0.12313889 bcu ISP 5.4948473 0.0 10.0 4.6142423e-10 6.885359e-11
J2233.9-1229 338.4992 -12.488 -inf PowerLaw 2342.4082 2.7415878e-14 2.1487913 3.5984375e-14 1.9824085 0.25157693 bcu "" 6.7331862 0.0 10.0 1.4791009e-10 3.0664738e-11
J2234.1-2656 338.5425 -26.9375 -inf LogParabola 1094.1978 9.912888e-13 2.0689025 1.0539016e-12 1.9837604 0.05749035 bll LSP 214.08388 0.67287993 0.1512826 1.1716877e-09 6.035749e-11
J2235.1-0623 338.7994 -6.3955 -inf PowerLaw 2501.7031 3.675878e-14 2.0285082 4.817051e-14 1.7783908 0.2752854 bcu LSP 32.347565 0.8163919 0.26110932 2.2763302e-10 3.555915e-11
J2235.3+1818 338.8356 18.311 -inf LogParabola 1557.7046 1.4090077e-13 2.2505581 1.73714e-13 2.0848246 0.20923989 bll ISP 17.216526 0.28540733 0.19705528 3.5180323e-10 4.405111e-11
J2235.8-3627 338.9708 -36.4605 -inf LogParabola 793.4637 1.7956894e-12 2.2016914 1.9372535e-12 2.0913708 0.079653695 bll ISP 83.20732 0.40075642 0.098430924 9.537005e-10 5.2934226e-11
J2236.4-2309 339.1246 -23.1552 -inf LogParabola 345.02454 9.667258e-12 2.7208848 1.0614387e-11 2.582101 0.124481685 bcu LSP 41.111095 0.36326835 0.10802674 3.0049765e-10 3.5657165e-11
J2236.5-1433 339.1444 -14.5557 -999.0 LogParabola 676.67413 1.4673393e-11 2.1579337 1.6004212e-11 2.0453305 0.08507778 BLL LSP 1812.4861 0.7768129 0.16642071 5.738004e-09 1.1987095e-10
J2237.4+5124 339.3732 51.415 -inf PowerLaw 5897.854 4.060285e-15 2.0715668 4.6819615e-15 2.0423656 0.09776344 bcu LSP 14.602383 0.32863048 0.61244994 1.4860604e-10 4.146037e-11
J2239.4+5130 339.8719 51.5064 -inf LogParabola 834.1737 5.556012e-13 2.6715355 8.189901e-13 2.549852 0.3297447 bcu "" 7.6116624 0.0 10.0 2.5950625e-10 4.9566008e-11
J2239.5-2440 339.8896 -24.6705 -inf PowerLaw 17457.443 2.4864695e-16 1.5162216 3.0984815e-16 1.4621873 0.09368093 bcu "" 10.019717 0.0 10.0 3.3387806e-11 1.719093e-11
J2240.3-1246 340.087 -12.7769 -inf PowerLaw 9657.695 1.586212e-15 1.7590082 1.4290731e-15 1.8136294 -0.0452244 bcu "" 8.989543 0.0 10.0 1.09441234e-10 3.47828e-11
J2240.7-4746 340.1865 -47.7736 -inf PowerLaw 3826.5315 1.0438701e-14 1.9274129 1.0624499e-14 1.9067513 0.014748013 bcu "" 16.51771 0.30400348 0.31913662 1.4744755e-10 2.5733039e-11
J2241.1-4122 340.2789 -41.3771 -inf PowerLaw 7538.2183 1.1889003e-15 1.7560806 1.7739221e-15 0.8556364 0.78480285 bcu "" 7.353936 0.0 10.0 5.291913e-11 2.0103618e-11
J2241.5+0454 340.3846 4.9045 -inf PowerLaw 9505.106 1.4522147e-15 1.684874 1.772608e-15 1.6417445 0.09046762 bcu HSP 20.58284 0.723578 0.5494613 9.0208424e-11 2.8067078e-11
J2243.5-3931 340.879 -39.5178 -inf PowerLaw 971.02124 3.531519e-13 2.4416888 3.8963396e-13 2.3790698 0.08793533 bcu LSP 18.249697 0.29375938 0.1485887 2.2777229e-10 2.8905555e-11
J2243.8-2510 340.9569 -25.1701 -inf LogParabola 941.7844 2.9638507e-13 2.66748 5.029516e-13 2.6096363 0.99996316 bcu LSP 32.15573 0.8910093 0.3132659 1.7770267e-10 4.217935e-11
J2243.9+2021 340.9895 20.3565 -999.0 LogParabola 1504.9337 1.6265456e-12 1.8752682 1.7583603e-12 1.734964 0.075980276 bll HSP 129.26231 0.27767465 0.064156346 4.222431e-09 1.0562758e-10
J2245.5-1734 341.3833 -17.5725 -inf LogParabola 5533.6504 2.9319603e-15 1.8286035 5.4252075e-15 1.433811 0.64902395 bcu "" 12.820992 0.0 10.0 6.685779e-11 2.5459811e-11
J2247.1+4658 341.7781 46.9755 -inf LogParabola 2646.712 1.7810013e-14 2.222005 2.8151164e-14 1.8927068 0.6210913 bcu "" 14.741588 0.0 10.0 1.4127066e-10 4.842332e-11
J2247.8+4413 341.974 44.2257 -999.0 PowerLaw 6289.7583 1.4989619e-14 1.7619675 1.5784984e-14 1.7347585 0.026172277 bll HSP 12.284205 0.13644072 0.18537046 4.8738374e-10 4.7581654e-11
J2248.7-4302 342.1937 -43.0496 -inf PowerLaw 2607.127 1.290801e-14 2.1457276 1.3478649e-14 2.107878 0.03148334 bcu "" 10.172406 0.0 10.0 8.762455e-11 2.3381144e-11
J2249.7-5944 342.4293 -59.7443 -inf PowerLaw 2373.8508 3.7009543e-14 2.1124883 3.7578495e-14 2.0975792 0.011354072 bcu HSP 16.040926 0.36675933 0.20837788 2.054288e-10 2.7928207e-11
J2249.9+0452 342.4849 4.8692 -inf PowerLaw 2098.895 4.462465e-14 2.136999 4.423528e-14 2.1324208 -0.0014797163 bcu LSP 20.392204 0.46873912 0.28810805 1.9041131e-10 3.381152e-11
J2250.0-1250 342.5049 -12.8485 -inf LogParabola 1783.0253 3.2219618e-12 2.2666144 3.642688e-12 2.3856285 0.12488847 bcu LSP 9594.897 1.5608294 0.3333469 9.894751e-09 2.1553785e-10
J2250.4-4206 342.6062 -42.1095 -999.0 PowerLaw 1996.7748 9.8184556e-14 2.0944047 9.948441e-14 2.0882158 0.006096357 bll ISP 32.830795 0.4211423 0.1324952 3.7944495e-10 3.4593547e-11
J2251.2+5550 342.8039 55.8431 -inf LogParabola 3114.2263 1.9233206e-14 2.2266476 2.9083547e-14 1.9624294 0.38866314 bcu "" 34.235767 1.0714153 0.31538463 2.1685041e-10 6.168643e-11
J2251.5-4928 342.8789 -49.4691 -999.0 LogParabola 2068.5957 1.1273999e-13 1.8441962 1.2790959e-13 1.6596388 0.11359347 bll ISP 109.20144 0.83707297 0.19644675 5.4075994e-10 4.135099e-11
