4LAC_catalog_generator_v3/resulting_catalogs/agn_pop_4lac_dr3_with_z.ecsv
# %ECSV 1.0
# ---
# datatype:
# - {name: Source_Name, datatype: string}
# - {name: RAJ2000, datatype: float32}
# - {name: DEJ2000, datatype: float32}
# - {name: Redshift, datatype: float64}
# - {name: SpectrumType, datatype: string}
# - {name: Pivot_Energy, datatype: float32}
# - {name: PL_Flux_Density, datatype: float32}
# - {name: PL_Index, datatype: float32}
# - {name: LP_Flux_Density, datatype: float32}
# - {name: LP_Index, datatype: float32}
# - {name: LP_beta, datatype: float32}
# - {name: CLASS, datatype: string}
# - {name: SED_class, datatype: string}
# - {name: Variability_Index, datatype: float32}
# - {name: Frac_Variability, datatype: float32}
# - {name: Unc_Frac_Variability, datatype: float32}
# - {name: Flux1000, datatype: float32}
# - {name: Unc_Flux1000, datatype: float32}
# schema: astropy-2.0
Source_Name RAJ2000 DEJ2000 Redshift SpectrumType Pivot_Energy PL_Flux_Density PL_Index LP_Flux_Density LP_Index LP_beta CLASS SED_class Variability_Index Frac_Variability Unc_Frac_Variability Flux1000 Unc_Flux1000
[from data line 1530]
J1934.3+6541 293.5952 65.6888 1.687 LogParabola 420.19092 5.6175086e-12 2.853057 6.8318073e-12 2.756748 0.2059227 fsrq LSP 394.98602 1.2963719 0.28348455 2.35021e-10 3.111195e-11
J1934.5+6139 293.6352 61.6522 1.749 PowerLaw 2983.558 1.1772235e-14 2.1991014 1.3358102e-14 2.2313473 0.0857655 fsrq LSP 21.441303 0.5221078 0.39291614 1.08234394e-10 2.5411367e-11
J1936.9-4720 294.2416 -47.34 0.265 PowerLaw 4480.3296 3.5470487e-14 1.7821668 3.7575415e-14 1.7489336 0.029085217 bll "" 47.391434 0.46769905 0.12972057 6.387803e-10 4.7714197e-11
J1937.2-3958 294.3092 -39.9825 0.965 LogParabola 514.9736 5.622331e-12 2.6174104 6.4204e-12 2.5177321 0.12656808 fsrq LSP 63.51288 0.42829123 0.10899409 6.2903094e-10 5.3182944e-11
J1939.5-1525 294.8772 -15.4256 1.657 LogParabola 1290.4475 2.5992435e-13 2.3705597 3.2719828e-13 2.2970195 0.1908095 fsrq LSP 97.80358 1.394043 0.3303973 4.0479986e-10 5.4167722e-11
J1941.7+7218 295.4368 72.3101 1.1 PowerLaw 654.56433 9.767809e-13 2.8416805 1.1352322e-12 2.8695948 0.12859918 bcu LSP 75.8425 1.1145022 0.26813555 1.591306e-10 2.9051594e-11
J1942.8-3512 295.7173 -35.2012 0.0505 PowerLaw 2188.7605 6.3082453e-14 2.2356231 6.357817e-14 2.2297218 0.0055798437 bll LSP 17.997105 0.4348135 0.25174838 2.9324274e-10 4.36757e-11
J1951.8-0511 297.965 -5.1844 1.083 LogParabola 1322.4424 2.0230321e-13 2.3599262 2.7639528e-13 2.29875 0.22464193 fsrq LSP 50.8023 0.9790258 0.2724294 3.5772346e-10 5.6413752e-11
J1954.6-1122 298.6693 -11.3815 0.683 LogParabola 876.8071 2.0932754e-12 2.4143467 2.2971655e-12 2.3730087 0.07516682 bll LSP 200.85562 0.7145216 0.16184022 1.1285627e-09 6.9491725e-11
J1954.9-5640 298.7449 -56.667 0.221 PowerLaw 3963.0608 2.5744387e-14 1.9037814 2.4600996e-14 1.9235852 -0.020721473 bll HSP 10.465835 0.0 10.0 3.858206e-10 3.8919264e-11
J1955.2+1358 298.8201 13.9824 0.743 LogParabola 1014.61084 9.765838e-13 2.419295 1.1483364e-12 2.2920566 0.159714 fsrq LSP 214.89293 1.1309234 0.25281814 8.014629e-10 6.822809e-11
J1955.4+5132 298.8575 51.5434 1.214 LogParabola 990.0417 9.92239e-13 2.4758635 1.1417875e-12 2.4107182 0.12773404 fsrq LSP 132.50438 0.74761087 0.17199881 7.128834e-10 5.1096103e-11
J1957.1-3231 299.2864 -32.5246 1.242 PowerLaw 890.0519 7.1210843e-13 2.5218308 7.9295115e-13 2.5003264 0.07512354 fsrq LSP 25.94886 0.43544108 0.16278999 3.4866002e-10 4.5353287e-11
J1958.0-3845 299.5026 -38.7547 0.63 LogParabola 653.9215 1.0501402e-11 2.3318818 1.2230145e-11 2.1700852 0.1653934 fsrq LSP 303.4907 0.36052603 0.08003966 3.1320906e-09 9.3052434e-11
J1958.3-3010 299.5812 -30.181 0.119 PowerLaw 4132.2417 6.314808e-14 1.85054 6.6838353e-14 1.8161227 0.031438548 bll "" 32.41585 0.28835717 0.09642286 1.0052345e-09 6.456e-11
J1959.1-4247 299.7963 -42.7852 2.174 LogParabola 712.12384 2.1232991e-12 2.4374468 2.4548879e-12 2.2408516 0.18400434 fsrq LSP 452.83942 1.3671901 0.29741368 7.1296163e-10 5.367783e-11
J2000.0+6508 300.011 65.1479 0.047 LogParabola 1736.4575 2.8618594e-12 1.8170848 2.9476597e-12 1.7645855 0.02531749 bll HSP 1529.9316 0.52541703 0.1127198 9.5785255e-09 1.3098062e-10
J2000.3-2930 300.0815 -29.5103 0.652 LogParabola 736.94977 1.964896e-12 2.4761398 2.1636028e-12 2.4250782 0.07326681 fsrq "" 3.78876 0.0 10.0 6.576034e-10 5.6022336e-11
J2000.6-1328 300.1578 -13.4695 0.222 PowerLaw 815.24335 1.1695634e-12 2.5348172 1.2815912e-12 2.5201073 0.059617076 fsrq LSP 19.120012 0.3114879 0.14414412 4.5384846e-10 5.0181137e-11
J2000.9-1748 300.2346 -17.8164 0.652 LogParabola 1324.3164 1.3709673e-12 2.2128036 1.4674118e-12 2.1681142 0.05674442 fsrq LSP 560.7281 1.1026232 0.23799455 2.1934852e-09 8.74421e-11
J2001.2+4353 300.3018 43.8862 0.174 LogParabola 2025.2306 8.6259813e-13 1.9778644 9.505865e-13 1.8419849 0.091075115 bll HSP 1363.4725 1.1811723 0.2534595 3.733381e-09 1.1080513e-10
J2001.7+7040 300.4324 70.6703 0.254 PowerLaw 2093.467 1.1301851e-13 2.228905 1.2492195e-13 2.2027173 0.06659042 bll ISP 19.455072 0.2760429 0.12923038 4.7578796e-10 4.0622287e-11
J2005.2-1822 301.3246 -18.3675 0.868 PowerLaw 1222.8065 2.2391282e-13 2.5295632 2.2172262e-13 2.5275903 -0.0058769276 fsrq LSP 25.308743 0.5216701 0.22338745 2.4338423e-10 4.0206803e-11
J2005.5+7752 301.393 77.8829 0.342 LogParabola 938.85864 3.0964927e-12 2.2072568 3.2730014e-12 2.1365495 0.05440172 bll LSP 510.61716 0.5462503 0.1189751 2.3285056e-09 6.6994355e-11
J2005.8+6424 301.464 64.4002 1.574 LogParabola 1436.5062 2.1361722e-13 2.3821127 2.7179599e-13 2.2797956 0.2382466 fsrq LSP 64.10942 0.8304554 0.2107042 4.2994427e-10 4.4322216e-11
J2005.9-2309 301.4762 -23.1531 0.83 LogParabola 596.03156 4.87904e-12 2.464651 5.454889e-12 2.3563843 0.10900064 fsrq LSP 287.64426 0.8803009 0.19489703 9.80594e-10 6.242289e-11
J2007.2+6607 301.8148 66.1178 1.325 LogParabola 1163.8982 4.3674808e-13 2.5704105 5.414229e-13 2.6059701 0.186906 fsrq LSP 97.060814 0.81815886 0.19449513 4.5911208e-10 4.4926462e-11
J2007.9-4432 301.983 -44.5363 0.24 LogParabola 465.16983 9.971441e-12 2.591181 1.1447258e-11 2.4268298 0.1712835 nlsy1 LSP 690.91034 1.1705118 0.25230798 8.695868e-10 5.2298943e-11
J2009.4-4849 302.3595 -48.8248 0.071 LogParabola 1534.2146 1.078467e-12 1.8378776 1.1308765e-12 1.7541323 0.041112162 BLL HSP 160.51767 0.37974763 0.08601614 2.9002514e-09 8.5715664e-11
J2010.0+0726 302.5046 7.4449 0.762 LogParabola 1260.094 1.7841945e-13 2.581624 2.364258e-13 2.6341176 0.2636343 fsrq LSP 8.45231 0.0 10.0 2.4137312e-10 4.733854e-11
J2011.6-1546 302.9159 -15.7742 1.178 LogParabola 646.78125 1.3564256e-12 2.7945077 2.0574538e-12 3.033042 0.41037482 fsrq LSP 16.642933 0.23944715 0.19754218 1.9016608e-10 5.142199e-11
J2014.3-0047 303.599 -0.7922 0.23 PowerLaw 3597.364 3.717361e-14 1.988421 3.9146485e-14 1.9698794 0.030219063 bll "" 23.69858 0.42449328 0.16843612 4.7456444e-10 5.248122e-11
J2014.5+0648 303.6383 6.8086 0.341 PowerLaw 5568.728 1.5932302e-14 1.8636174 1.6543428e-14 1.8331558 0.022036862 bll HSP 6.4659114 0.0 10.0 4.4422566e-10 5.3784713e-11
J2015.4+6556 303.8626 65.9489 2.845 LogParabola 1476.8656 8.761861e-14 2.5596106 1.359074e-13 2.7962227 0.5826455 fsrq LSP 17.703173 0.35680693 0.30184853 1.9905066e-10 3.968011e-11
J2015.5+3710 303.8924 37.176 0.859 LogParabola 2481.588 9.233676e-13 2.488022 1.1355569e-12 2.6350434 0.16008231 FSRQ LSP 171.03093 0.41316643 0.094407104 7.119862e-09 3.3865627e-10
J2017.5-3753 304.3957 -37.897 0.598 PowerLaw 4000.5083 9.4230594e-15 1.9853599 1.2080318e-14 1.897987 0.15428548 bll LSP 24.571856 0.81563485 0.37480298 1.4839441e-10 3.397107e-11
J2022.5+7612 305.6459 76.2007 0.594 LogParabola 1044.2606 1.3549637e-12 2.269212 1.432825e-12 2.200755 0.054778077 bll LSP 123.385056 0.42866638 0.10020196 1.2331801e-09 5.5353166e-11
J2023.2+3153 305.823 31.8876 0.356 PowerLaw 7043.053 1.1403223e-14 2.0492606 1.2453952e-14 2.04191 0.0607863 bcu LSP 21.178383 0.42020094 0.18135011 5.8889554e-10 9.9318276e-11
J2023.6-1139 305.9032 -11.6585 0.698 LogParabola 1237.7455 7.893803e-13 2.1056006 9.089514e-13 1.9568845 0.12949799 fsrq LSP 28.137163 0.22320075 0.07734993 1.2401599e-09 6.669611e-11
J2024.6-3252 306.1581 -32.874 1.465 LogParabola 586.3402 4.044167e-12 2.4765527 4.663176e-12 2.3571877 0.13947572 fsrq LSP 103.30381 0.57629925 0.13716458 7.667019e-10 5.56033e-11
J2025.2+0317 306.3085 3.2893 2.21 LogParabola 1292.9 6.3827334e-13 2.160684 7.0951697e-13 2.0637243 0.08772184 fsrq LSP 107.732574 0.63377184 0.14862527 1.0358353e-09 6.525862e-11
J2025.3+3341 306.3412 33.6891 0.219 LogParabola 1471.457 9.68767e-13 2.627421 1.2883181e-12 2.8610005 0.22975792 bll LSP 132.53114 0.6118398 0.14161 1.9760928e-09 1.3772583e-10
J2025.6-0735 306.422 -7.5945 1.388 LogParabola 624.744 3.370798e-11 2.2759845 3.7662685e-11 2.1764994 0.10324338 fsrq LSP 3653.9766 0.7013914 0.14995778 9.386748e-09 1.4864952e-10
J2026.0-2845 306.5048 -28.7546 0.884 PowerLaw 744.40625 6.8613447e-13 2.586866 7.948349e-13 2.501315 0.1315574 fsrq LSP 21.802322 0.34520262 0.20723392 2.0144877e-10 3.5863215e-11
J2030.2-0620 307.5641 -6.3432 0.667 PowerLaw 1742.1162 9.228702e-14 2.3386955 9.387742e-14 2.3392577 0.0020606709 fsrq LSP 73.886986 1.4283736 0.35305628 2.5205268e-10 3.8371216e-11
J2030.4-0502 307.624 -5.0491 0.543 PowerLaw 2534.2825 2.3227922e-14 2.1940324 2.5271047e-14 2.1675096 0.050195906 fsrq LSP 13.87039 0.20806415 0.7459025 1.49072e-10 3.5183627e-11
J2030.5-1439 307.6313 -14.6605 0.234 PowerLaw 5393.3438 7.6647884e-15 1.8516572 7.912289e-15 1.8118638 0.02097941 fsrq "" 11.445265 0.0 10.0 1.998742e-10 3.6424766e-11
J2030.9+1935 307.7407 19.5988 0.366 LogParabola 2559.8699 1.161927e-13 1.8894552 1.3354574e-13 1.716495 0.11951872 bll HSP 23.517075 0.2769001 0.10643447 8.0362983e-10 5.7940347e-11
J2032.0+1219 308.004 12.3279 1.215 PowerLaw 1507.523 2.3535067e-13 2.4625363 2.600545e-13 2.4273505 0.08569396 bll LSP 40.573277 0.5672959 0.16952275 4.4181578e-10 4.6581686e-11
J2034.6+1154 308.6504 11.9035 0.607 LogParabola 1247.3569 8.0749784e-13 2.469601 8.860353e-13 2.4404283 0.093346275 fsrq LSP 229.93904 1.0000895 0.22249903 9.989359e-10 6.678218e-11
J2035.4+1056 308.8517 10.938 0.601 LogParabola 774.34863 1.0229963e-11 2.400832 1.1602741e-11 2.3227527 0.123954765 fsrq LSP 3105.0142 1.3221852 0.2825995 4.1406802e-09 1.08689106e-10
J2038.7+5117 309.6938 51.2851 1.686 LogParabola 933.47345 2.6880004e-12 2.611253 3.3673934e-12 2.4516795 0.26836577 fsrq LSP 126.31823 0.5854015 0.13729198 1.6153998e-09 1.00533935e-10
J2039.5+5218 309.883 52.3126 0.053 PowerLaw 7757.7515 9.088648e-15 1.815559 1.0143761e-14 1.784644 0.056857727 bll HSP 5.2168813 0.0 10.0 4.4894038e-10 5.6789042e-11
J2040.2-7115 310.0655 -71.2642 0.162 PowerLaw 5194.8926 1.7428826e-14 1.7385999 1.8904493e-14 1.6833072 0.04359256 bll "" 17.16706 0.2142995 0.13436301 4.002049e-10 3.6106715e-11
J2040.2-2506 310.0732 -25.1103 1.574 LogParabola 779.0146 6.410076e-13 2.452628 8.340225e-13 2.1563816 0.33561292 fsrq "" 22.825628 0.48409396 0.17105749 2.8560823e-10 4.256704e-11
J2041.9-3735 310.4793 -37.5869 0.099 PowerLaw 3819.988 2.3086217e-14 1.9276799 2.1719507e-14 1.9564393 -0.028283993 bll HSP 15.428049 0.27900812 0.1881873 3.2504932e-10 4.0150862e-11
J2042.1+2427 310.5361 24.458 0.104 PowerLaw 3941.1797 3.9525037e-14 1.8969768 4.3232274e-14 1.8642559 0.04715877 bll HSP 24.118752 0.30556372 0.12812254 5.847994e-10 5.045242e-11
J2047.1-7400 311.7846 -74.0033 0.526 PowerLaw 811.8893 3.0802447e-13 2.6238728 3.6556316e-13 2.5404155 0.1564871 fsrq LSP 7.2290106 0.0 10.0 1.09780504e-10 2.6409446e-11
J2049.7-0036 312.4456 -0.616 0.25 PowerLaw 27414.951 1.5025078e-16 1.5459844 1.1948478e-16 1.5027565 -0.074055366 bll "" 11.132641 0.0 10.0 4.2278694e-11 2.8191987e-11
J2050.4-2627 312.6104 -26.4659 1.633 LogParabola 1164.6565 4.2278103e-13 2.2507124 4.912771e-13 2.1021366 0.1446612 fsrq LSP 119.702965 0.97783846 0.22814667 5.3504967e-10 5.0182008e-11
J2054.8+0015 313.7246 0.257 0.151 PowerLaw 5243.8037 9.921956e-15 1.8839515 9.421967e-15 1.902913 -0.021009495 bll LSP 13.529009 0.2584296 0.3117854 2.503421e-10 4.3442784e-11
J2055.4-0020 313.8527 -0.3395 0.44 PowerLaw 5329.4062 1.485878e-14 1.8246166 1.6140684e-14 1.7555652 0.05319203 bll HSP 17.145477 0.26777378 0.19705747 3.7311598e-10 4.7812913e-11
J2055.4-0504 313.8694 -5.0822 0.342 PowerLaw 2167.562 3.4081133e-14 2.1964161 3.5920933e-14 2.1875238 0.02930779 bll ISP 6.0405216 0.0 10.0 1.5520861e-10 3.2498112e-11
J2056.2-4714 314.0715 -47.2369 1.489 LogParabola 462.54858 5.4376968e-11 2.4457855 6.135281e-11 2.346273 0.11982225 fsrq LSP 2659.6853 0.5755847 0.1232019 5.6227147e-09 1.0792238e-10
J2057.4-0723 314.3535 -7.3901 1.875 LogParabola 396.0285 4.228035e-12 2.798746 5.3402044e-12 2.6654904 0.23143068 bcu LSP 24.259146 0.44027284 0.16587102 1.6252096e-10 3.5957574e-11
J2058.8-1442 314.7137 -14.7085 0.07775 PowerLaw 3371.8137 1.2529833e-14 2.0855258 1.17606095e-14 2.0992987 -0.031120485 bll "" 10.298152 0.0 10.0 1.4465434e-10 3.2389993e-11
J2101.4-2935 315.3664 -29.5926 1.492 LogParabola 471.70776 3.1074034e-12 2.7469141 3.8607962e-12 2.713413 0.19676735 fsrq "" 38.849796 0.6171126 0.18136472 2.0664681e-10 4.167511e-11
J2108.5+1434 317.1476 14.5812 2.017 LogParabola 631.9364 1.697762e-12 2.6859403 2.2847054e-12 2.7112408 0.2855091 fsrq LSP 60.976597 0.67924374 0.17460108 2.8070793e-10 4.5506345e-11
J2108.7-0250 317.1788 -2.8449 0.149 PowerLaw 2446.9653 5.754221e-14 2.077787 5.653956e-14 2.0846643 -0.01036809 bll HSP 10.27734 0.0 10.0 3.4039588e-10 3.9034647e-11
J2109.7-4109 317.4435 -41.1575 1.058 PowerLaw 3113.5686 1.1810759e-14 2.1196322 1.3376992e-14 2.0155032 0.09302975 fsrq LSP 8.891693 0.0 10.0 1.1649746e-10 2.995815e-11
J2110.2-1021 317.5641 -10.3603 2.5004 PowerLaw 825.2588 4.6762344e-13 2.5298238 6.567792e-13 2.434346 0.34965762 fsrq LSP 12.894996 0.23438387 0.4212587 1.8795211e-10 3.7579377e-11
J2110.3+0808 317.576 8.1498 1.58 PowerLaw 935.7058 7.4638706e-13 2.4581637 8.436799e-13 2.4372668 0.081394285 fsrq LSP 121.76042 0.9536609 0.22249347 4.343633e-10 4.6651648e-11
J2114.8+2831 318.7165 28.5222 2.345 LogParabola 1077.3936 3.2351972e-13 2.5984585 4.164841e-13 2.6850889 0.24074721 fsrq LSP 31.778149 0.46195024 0.1868953 2.702718e-10 4.5082334e-11
J2115.4+2932 318.8737 29.5456 1.514 LogParabola 836.27466 6.7168697e-12 2.3702307 7.557075e-12 2.3226383 0.10027805 fsrq LSP 900.98346 0.6645908 0.14334932 3.3512033e-09 9.375063e-11
J2115.9-0113 318.9959 -1.2306 0.305 PowerLaw 1789.2686 1.09828914e-13 2.200376 1.1604521e-13 2.1618562 0.042956736 bll LSP 10.609701 0.0 10.0 3.2791703e-10 3.8860054e-11
J2116.2+3339 319.0605 33.6567 1.596 LogParabola 1653.4089 1.0687235e-12 1.901979 1.1903543e-12 1.7495892 0.09541373 bll ISP 157.5034 0.35168135 0.080436185 3.3017218e-09 9.521291e-11
J2117.8-3243 319.4746 -32.7237 0.215276 PowerLaw 3118.4587 2.8952884e-14 2.102086 2.7847121e-14 2.110658 -0.020273078 bll HSP 9.080029 0.0 10.0 2.8520244e-10 4.3184418e-11
J2118.0+0019 319.5046 0.3295 0.463 LogParabola 936.6191 3.1931562e-13 2.5152817 4.917497e-13 2.5468125 0.5863311 fsrq LSP 33.286346 0.83330876 0.29090345 1.9794054e-10 4.222068e-11
J2118.8-0723 319.7242 -7.3927 0.260015 LogParabola 467.04755 1.7006792e-12 2.8327692 2.5451728e-12 2.9734616 0.43735406 sey ISP 17.624815 0.5047125 0.2896648 7.050818e-11 4.5542903e-11
J2119.6-1105 319.9241 -11.091 1.844 PowerLaw 1145.5365 3.8758138e-13 2.3783057 4.3220554e-13 2.3302746 0.09024084 fsrq LSP 140.02824 1.1041869 0.2531466 3.8792344e-10 3.9555425e-11
J2120.6-1254 320.1536 -12.9097 0.582 PowerLaw 1416.403 1.4385453e-13 2.3383737 1.5695625e-13 2.3160691 0.062474247 bcu "" 39.39587 0.8687462 0.25871363 2.421601e-10 3.4560795e-11
J2120.6-6114 320.161 -61.2396 1.017 PowerLaw 1426.844 8.152055e-14 2.348819 8.9266715e-14 2.293157 0.07091392 fsrq LSP 25.909601 0.6423937 0.25266784 1.3905485e-10 2.57075e-11
J2121.0+1901 320.2598 19.0324 2.18 LogParabola 904.42236 3.114824e-12 2.1981404 3.3527914e-12 2.1254106 0.064186506 fsrq LSP 50.75513 0.1911149 0.05271211 2.1891835e-09 7.8954e-11
J2123.6+0535 320.9206 5.592 1.941 PowerLaw 1056.1842 6.1527904e-13 2.369009 6.554388e-13 2.3563764 0.040613785 fsrq LSP 59.78686 0.6076014 0.1572916 5.108076e-10 4.5810737e-11
J2126.3-4605 321.5948 -46.0978 1.67 LogParabola 606.5375 4.124698e-12 2.530512 4.3716814e-12 2.4990194 0.055061128 FSRQ LSP 602.94507 1.265639 0.2739464 7.633727e-10 4.8593535e-11
J2130.2-7320 322.5524 -73.3348 0.056502 PowerLaw 1929.8383 3.4805238e-14 2.2301412 4.829592e-14 1.9001422 0.37890035 bll HSP 12.379005 0.09203415 1.534142 1.2219477e-10 2.599314e-11
J2131.5-0916 322.8911 -9.2684 0.449 PowerLaw 2197.6335 1.4659794e-13 2.022727 1.4497244e-13 2.026426 -0.005089916 bll HSP 26.70575 0.26983976 0.10520243 6.985591e-10 4.9106202e-11
J2134.2-0154 323.5699 -1.9042 1.283 LogParabola 828.54694 2.0451347e-12 2.2828832 2.183744e-12 2.2086573 0.06582125 bll LSP 115.04185 0.5300528 0.12328252 1.08359e-09 6.0364456e-11
