4LAC_catalog_generator_v3/resulting_catalogs/agn_pop_4lac_dr3_without_z.ecsv
# %ECSV 1.0
# ---
# datatype:
# - {name: Source_Name, datatype: string}
# - {name: RAJ2000, datatype: float32}
# - {name: DEJ2000, datatype: float32}
# - {name: Redshift, datatype: float64}
# - {name: SpectrumType, datatype: string}
# - {name: Pivot_Energy, datatype: float32}
# - {name: PL_Flux_Density, datatype: float32}
# - {name: PL_Index, datatype: float32}
# - {name: LP_Flux_Density, datatype: float32}
# - {name: LP_Index, datatype: float32}
# - {name: LP_beta, datatype: float32}
# - {name: CLASS, datatype: string}
# - {name: SED_class, datatype: string}
# - {name: Variability_Index, datatype: float32}
# - {name: Frac_Variability, datatype: float32}
# - {name: Unc_Frac_Variability, datatype: float32}
# - {name: Flux1000, datatype: float32}
# - {name: Unc_Flux1000, datatype: float32}
# schema: astropy-2.0
Source_Name RAJ2000 DEJ2000 Redshift SpectrumType Pivot_Energy PL_Flux_Density PL_Index LP_Flux_Density LP_Index LP_beta CLASS SED_class Variability_Index Frac_Variability Unc_Frac_Variability Flux1000 Unc_Flux1000
[from data line 459]
J0507.4-3346 76.8591 -33.7813 -999.0 PowerLaw 4390.041 1.3836919e-14 1.8244756 1.5106038e-14 1.7703034 0.046497922 bcu "" 18.220064 0.3546346 0.20031114 2.4390792e-10 3.102299e-11
J0507.9+4647 76.9786 46.7951 -inf LogParabola 846.5748 1.1980791e-12 2.67903 1.7054603e-12 2.5725384 0.34183326 bcu "" 20.353727 0.33399877 0.15111192 5.530529e-10 6.942407e-11
J0507.9+6737 76.9956 67.6223 -999.0 LogParabola 3510.929 1.3207527e-13 1.6014336 1.3745465e-13 1.53105 0.030407704 bll HSP 68.07339 0.29681376 0.07453797 1.5536694e-09 5.86168e-11
J0508.2+5211 77.0591 52.1886 -inf PowerLaw 3512.0332 1.6306851e-14 2.1753669 1.784626e-14 2.1735985 0.04909022 bcu "" 14.287876 0.15279081 0.87888294 2.1239974e-10 4.3147794e-11
J0509.1+1943 77.2793 19.7242 -inf PowerLaw 682.4562 1.2172564e-12 2.74735 1.3522296e-12 2.684603 0.090909876 bcu "" 13.557086 0.21465607 0.20077246 2.4392002e-10 5.2967734e-11
J0509.2+5550 77.3192 55.8343 -inf LogParabola 2370.4949 5.815915e-14 2.2374332 7.0006975e-14 2.1700094 0.1333211 bcu "" 18.96739 0.25409427 0.25872302 3.6058478e-10 5.456088e-11
J0509.3-2917 77.35 -29.2916 -inf PowerLaw 1631.7236 6.1526176e-14 2.256116 5.7268514e-14 2.3002057 -0.044409603 bcu ISP 9.156559 0.0 10.0 1.4742524e-10 2.554832e-11
J0509.9-6417 77.4876 -64.2891 -999.0 PowerLaw 3402.1594 3.1243867e-14 1.9086615 3.0943032e-14 1.9140403 -0.0050926576 bll HSP 26.126818 0.3680643 0.1386659 3.505114e-10 3.2585074e-11
J0510.4-1809 77.6116 -18.1643 -inf PowerLaw 888.17194 3.2881944e-13 2.5098073 4.1745652e-13 2.3981526 0.20522939 bcu LSP 31.219648 0.74261326 0.23785354 1.6163543e-10 2.9532037e-11
J0512.8+4041 78.2186 40.6945 -inf PowerLaw 1778.191 2.926436e-13 2.2934284 3.1527228e-13 2.256132 0.05687301 bcu LSP 51.034824 0.4700901 0.12710379 8.4510243e-10 6.250592e-11
J0513.9-3746 78.4961 -37.7774 -inf PowerLaw 1233.0924 1.3506709e-13 2.4261837 1.5290758e-13 2.3953445 0.099795945 bll LSP 23.806997 0.60912764 0.24667628 1.5728772e-10 2.6012704e-11
J0514.5+6247 78.6269 62.7978 -inf PowerLaw 2583.9507 3.7243022e-14 2.1835873 4.4139192e-14 2.1667347 0.101573 bcu LSP 18.199617 0.36789662 0.27833167 2.490831e-10 3.5072393e-11
J0515.5-0125 78.8906 -1.4193 -inf LogParabola 2629.127 3.697331e-14 2.0549982 4.8519413e-14 1.7168151 0.2751031 bcu "" 20.343245 0.4847778 0.2421555 2.760283e-10 4.9674417e-11
J0515.8+1527 78.953 15.4614 -999.0 LogParabola 2331.2996 2.5676217e-13 1.9438368 2.843099e-13 1.7997206 0.09130024 bll ISP 35.612732 0.3044058 0.09153046 1.4628548e-09 8.340837e-11
J0515.9+0537 78.9852 5.6219 -inf PowerLaw 2047.7372 3.9969262e-14 2.3005705 4.347856e-14 2.213757 0.06364895 bcu LSP 5.4098277 0.0 10.0 1.5949371e-10 3.7331353e-11
J0516.1-7240 79.0428 -72.6693 -inf LogParabola 1114.1797 4.8225193e-13 2.3673878 5.290069e-13 2.2877061 0.08888311 bcu LSP 262.74518 1.6655443 0.36737376 4.87734e-10 4.195847e-11
J0516.7+2743 79.1759 27.7194 -inf PowerLaw 2486.3914 3.3688276e-14 2.3602111 2.9391213e-14 2.4331818 -0.070637494 bcu LSP 9.258284 0.0 10.0 2.1223513e-10 5.1312038e-11
J0517.7-1758 79.4273 -17.9769 -inf LogParabola 792.9409 5.7242476e-13 2.5062344 7.8739386e-13 2.3345737 0.38262105 bcu LSP 28.927649 0.696759 0.22068258 2.4039007e-10 3.931673e-11
J0517.9-6930 79.4848 -69.5093 -inf LogParabola 1331.1826 1.2464851e-13 2.4833307 1.9291772e-13 2.7989607 0.5201479 bcu ISP 10.082588 0.0 10.0 2.1092478e-10 4.5854827e-11
J0519.0+0851 79.7736 8.8625 -inf LogParabola 1286.2515 4.9558507e-13 2.5436993 5.8524333e-13 2.5928574 0.1206293 bcu LSP 16.312504 0.27046058 0.15647802 6.694071e-10 7.206184e-11
J0519.6+2744 79.9026 27.7405 -inf LogParabola 6079.5737 6.47455e-15 2.081717 1.0740668e-14 1.7199959 0.6211393 bcu "" 23.43613 0.5302818 0.38330996 1.6534041e-10 5.5968136e-11
J0520.4+3607 80.1028 36.1198 -inf PowerLaw 1229.9147 2.843089e-13 2.5751736 3.7885848e-13 2.6052518 0.17780843 bcu LSP 14.967843 0.47162512 0.27247334 3.0746286e-10 6.165273e-11
J0520.6+6531 80.166 65.5255 -inf PowerLaw 18183.918 2.4610206e-16 1.5918213 3.0363598e-16 1.5031598 0.12103054 bcu HSP 10.289518 0.0 10.0 3.93297e-11 1.880213e-11
J0521.7+2112 80.4445 21.2131 -999.0 LogParabola 1540.5278 4.665122e-12 1.9403424 4.883091e-12 1.8562322 0.044689048 bll HSP 871.48944 0.44370332 0.09577365 1.1818654e-08 1.9001502e-10
J0521.8+5658 80.4529 56.9669 -inf LogParabola 1185.957 1.6772282e-13 2.5662062 2.4812056e-13 2.7403831 0.27880245 bcu LSP 6.495617 0.0 10.0 2.0601498e-10 4.7055602e-11
J0521.8-3848 80.4718 -38.8066 -inf PowerLaw 964.1606 4.6160374e-13 2.4948084 4.977543e-13 2.4634461 0.06252422 bcu "" 129.16632 0.9730909 0.22676042 2.8175354e-10 3.1069404e-11
J0524.1-5659 81.0328 -56.9863 -inf PowerLaw 1310.5245 8.808777e-14 2.415582 1.02534375e-13 2.2705798 0.16172758 bcu LSP 8.413304 0.0 10.0 1.1945236e-10 2.2049647e-11
J0524.5-2614 81.1471 -26.2389 -inf PowerLaw 1862.4524 4.3092676e-14 2.3409777 3.6264533e-14 2.402679 -0.08488721 bcu HSP 24.432993 0.6549407 0.30092913 1.3755673e-10 2.8328848e-11
J0524.6-2819 81.1732 -28.3288 -inf LogParabola 741.2324 3.6323803e-13 2.548598 4.9548283e-13 2.0662892 0.48525593 bcu LSP 51.652546 1.226701 0.33813077 1.4140707e-10 3.3451325e-11
J0525.6-6013 81.4207 -60.2279 -999.0 PowerLaw 3940.0276 3.1542402e-14 1.8169268 3.4433922e-14 1.754013 0.051460873 bcu "" 16.48346 0.1820251 0.13003904 4.5554624e-10 3.5758525e-11
J0526.1+6318 81.5474 63.3036 -inf LogParabola 2355.5605 3.0054667e-14 2.1733139 4.2317576e-14 2.040957 0.25556162 bcu LSP 15.598768 0.09450814 0.95138466 2.0123286e-10 3.7145176e-11
J0526.3+2246 81.5908 22.7778 -inf PowerLaw 4936.5156 1.1097953e-14 2.0856423 1.2354234e-14 2.042518 0.07227745 bcu "" 19.95329 0.6429231 0.30258673 2.837515e-10 5.8747826e-11
J0526.7-1519 81.6917 -15.3214 -inf LogParabola 1881.1945 1.3256948e-13 1.9563843 1.4725986e-13 1.7976494 0.09822806 bll "" 15.225581 0.25179574 0.15655766 5.0737997e-10 4.7962783e-11
J0529.1-0101 82.2803 -1.0293 -inf LogParabola 1321.679 1.723321e-13 2.3692613 2.7528194e-13 2.5444627 0.48164952 bcu "" 6.206064 0.0 10.0 3.104362e-10 5.7814094e-11
J0529.1+0935 82.297 9.5975 -inf PowerLaw 3930.6294 2.2786955e-14 2.0479276 2.2425545e-14 2.0581794 -0.011222965 bcu "" 21.007679 0.40338263 0.23342216 3.5592584e-10 5.4509945e-11
J0529.3-7243 82.3293 -72.733 -inf PowerLaw 1563.3461 1.3573172e-13 2.4194052 1.4213339e-13 2.3924494 0.038754977 bcu LSP 68.01042 0.8168783 0.21010053 2.8157934e-10 3.2805227e-11
J0532.7+5749 83.1939 57.8238 -inf LogParabola 1390.2432 1.0992041e-13 2.5103738 1.5438334e-13 2.827503 0.30510268 bcu LSP 12.15946 0.0 10.0 1.9853176e-10 4.338899e-11
J0532.8-3941 83.2 -39.6853 -inf PowerLaw 642.5598 1.9669507e-12 2.6123338 2.0394754e-12 2.5982864 0.031337276 bcu LSP 52.422855 0.4116672 0.11025063 3.8413972e-10 3.4048316e-11
J0532.9+6936 83.25 69.6066 -inf PowerLaw 3733.2673 6.8518435e-15 2.1014283 7.018352e-15 2.0805392 0.018753702 bcu "" 11.587755 0.2625778 0.70932746 9.8496225e-11 2.4113536e-11
J0533.0-8446 83.2677 -84.7783 -inf PowerLaw 2511.5493 2.1519573e-14 2.2366443 2.203395e-14 2.2329547 0.00933231 bcu LSP 37.95041 1.0735706 0.32770032 1.360733e-10 3.001174e-11
J0533.1-6119 83.2806 -61.3216 -inf PowerLaw 399.57956 2.1953585e-12 2.9843454 2.4319884e-12 2.9759855 0.08016334 bcu "" 5.1727376 0.0 10.0 7.164672e-11 2.0228718e-11
J0533.3-5549 83.3313 -55.8247 -inf LogParabola 768.05225 4.0558363e-13 2.721597 5.535009e-13 2.8526855 0.35912353 bcu "" 15.29556 0.33290794 0.26834083 1.09569194e-10 2.9037597e-11
J0535.7-6604 83.9471 -66.0792 -inf LogParabola 7227.698 2.5454801e-15 1.7662603 3.9029444e-15 1.5483781 0.29274774 bcu "" 10.547787 0.0 10.0 9.366151e-11 3.0154556e-11
J0536.0-2754 84.0207 -27.9068 -inf PowerLaw 1002.69556 2.405423e-13 2.5813 2.4927304e-13 2.56314 0.03472004 bcu LSP 15.033079 0.22444333 0.30095306 1.5314117e-10 2.7465372e-11
J0536.2+1733 84.0719 17.5534 -inf LogParabola 2565.1316 7.9782704e-14 2.0940564 1.03486725e-13 1.8745862 0.23850395 bll ISP 16.836792 0.2932584 0.17381589 5.777772e-10 6.880647e-11
J0536.4-3343 84.1146 -33.7231 -999.0 LogParabola 4517.5063 4.6425503e-14 1.7912729 5.256625e-14 1.59582 0.11597888 bll HSP 17.43051 0.18327992 0.10732266 8.011106e-10 7.146914e-11
J0536.5-2548 84.1267 -25.8012 -inf LogParabola 2880.77 1.992188e-14 1.851626 2.5634094e-14 1.6251467 0.18954712 bcu HSP 4.80201 0.0 10.0 1.7985627e-10 3.119028e-11
J0538.6+0443 84.663 4.7262 -inf PowerLaw 8613.57 2.0839196e-15 1.8679546 3.0084594e-15 1.2532986 0.5032093 bcu HSP 10.828091 0.0 10.0 1.3160455e-10 4.484169e-11
J0539.0+1644 84.75 16.7432 -inf LogParabola 4593.798 1.4079298e-14 1.9216461 1.9840974e-14 1.6755594 0.27813658 bcu "" 26.296694 0.7041553 0.28645808 2.727619e-10 5.856228e-11
J0539.7-1030 84.9266 -10.5109 -inf PowerLaw 1650.4734 8.039321e-14 2.5115418 6.8304615e-14 2.497616 -0.07060059 bcu "" 7.823437 0.0 10.0 1.8711088e-10 4.1205848e-11
J0539.7-0521 84.9408 -5.3555 -inf LogParabola 993.03406 4.639977e-13 2.585038 9.310233e-13 2.9059181 0.5411505 bcu ISP 10.071333 0.0 10.0 3.9325226e-10 8.709421e-11
J0540.0+1209 85.0078 12.151 -inf PowerLaw 2115.7288 7.1617754e-14 2.3285668 7.151945e-14 2.3279443 -0.0006240747 bcu "" 7.520901 0.0 10.0 3.0808694e-10 4.7711283e-11
J0540.5+5823 85.1481 58.3879 -999.0 PowerLaw 4528.856 3.2215577e-14 1.8943013 3.2032994e-14 1.8958522 -0.0018001564 bll HSP 19.072006 0.24085045 0.11694276 6.1966976e-10 4.8565173e-11
J0541.1-4854 85.2785 -48.9105 -inf PowerLaw 3848.1897 1.0177225e-14 1.9817667 1.1940454e-14 1.8428941 0.12397136 bcu "" 16.967093 0.3829397 0.28064102 1.4817983e-10 2.7130801e-11
J0542.4+3547 85.6081 35.7849 -inf LogParabola 1449.9462 3.1905942e-13 2.5675256 4.277625e-13 2.7561069 0.22746019 bcu "" 10.132335 0.09400199 0.5068964 6.3661576e-10 9.984233e-11
J0542.8-3458 85.704 -34.9826 -inf PowerLaw 5420.644 3.009451e-15 1.855323 3.6492555e-15 1.7582939 0.12092744 bcu "" 6.5978246 0.0 10.0 7.9392055e-11 2.32757e-11
J0542.9-0913 85.7409 -9.2208 -inf LogParabola 1374.0609 7.2560377e-13 2.5098498 9.495027e-13 2.6554363 0.1819497 bcu LSP 54.99218 0.4969538 0.13215414 1.2523141e-09 1.06668764e-10
J0543.2+8238 85.8059 82.6344 -inf PowerLaw 885.8426 4.3501747e-13 2.5378118 4.785722e-13 2.4396296 0.097661875 bcu LSP 146.39343 1.2438874 0.2858628 2.0788563e-10 2.4989734e-11
J0545.0+0613 86.2679 6.2271 -inf LogParabola 643.6164 1.8103484e-12 2.625329 2.9619133e-12 2.4981787 0.5389649 bcu "" 12.669431 0.13885279 0.26324442 3.7423864e-10 7.793825e-11
J0548.5-5218 87.1442 -52.3153 -inf LogParabola 2717.8167 1.7880825e-14 2.0548046 2.754454e-14 1.8849475 0.39553046 bcu ISP 17.884031 0.15373597 0.7200717 1.5848213e-10 3.0491644e-11
J0549.0+3258 87.2698 32.9686 -inf PowerLaw 5007.278 1.29292236e-14 2.0099967 1.5351012e-14 1.9427526 0.11414144 bcu "" 13.644181 0.27289423 0.3723785 3.231186e-10 5.5822152e-11
J0550.9+2552 87.7457 25.871 -inf LogParabola 1829.9169 1.1896445e-13 2.4042785 1.9560724e-13 2.2660744 0.56800836 bcu "" 7.2746596 0.0 10.0 4.999914e-10 9.740942e-11
J0551.0-1622 87.7503 -16.3808 -inf LogParabola 1686.0845 6.0294035e-14 2.3044035 1.2647756e-13 2.2599344 0.9993875 bcu LSP 43.021027 1.0077006 0.30783597 2.4711275e-10 4.1248897e-11
J0551.8-3517 87.9674 -35.2839 -inf PowerLaw 2847.4927 1.4107798e-14 2.0731251 1.4461134e-14 2.043729 0.016145173 bcu LSP 13.153483 0.13270201 0.94273657 1.14273244e-10 2.5879389e-11
J0552.8+0313 88.218 3.2322 -inf LogParabola 1470.3955 3.039276e-13 2.4861689 4.383277e-13 2.744676 0.3056085 bcu LSP 42.78531 0.7741961 0.22214876 6.6809674e-10 8.9939355e-11
J0553.5-2034 88.3909 -20.5777 -inf LogParabola 1837.9796 2.1330375e-13 1.9733257 2.5032545e-13 1.8001984 0.14029403 bll HSP 26.412964 0.27441183 0.1013846 7.9894535e-10 5.4403936e-11
J0554.3-1009 88.5897 -10.1525 -inf LogParabola 876.81256 7.023719e-13 2.5981321 1.0810582e-12 2.5214365 0.34988555 bcu "" 7.2699075 0.0 10.0 3.9936854e-10 7.365266e-11
J0555.1+0304 88.7776 3.071 -inf LogParabola 1476.2024 2.8419132e-13 2.505469 4.1509737e-13 2.8576584 0.31181863 bcu LSP 22.866976 0.46202525 0.18616228 6.327028e-10 8.612557e-11
J0556.2-4352 89.0749 -43.8696 -inf LogParabola 2156.4514 9.754685e-14 2.033752 1.1490701e-13 1.8485223 0.15551266 bll LSP 41.841965 0.55607706 0.15654488 4.8585236e-10 4.509513e-11
J0557.2+7705 89.3129 77.0854 -inf PowerLaw 3066.8726 1.1180797e-14 2.13035 1.34078455e-14 1.9877325 0.14858074 bcu ISP 18.29633 0.5768243 0.41054973 1.0710328e-10 2.408713e-11
J0557.3-0615 89.3437 -6.2654 -999.0 PowerLaw 4363.603 1.42029095e-14 2.0834215 1.3810969e-14 2.084052 -0.0140095595 bcu "" 11.249095 0.0 10.0 2.8039568e-10 5.3845615e-11
J0557.6-0721 89.4165 -7.3512 -inf PowerLaw 5904.742 5.097251e-15 1.9993175 5.053492e-15 1.9923104 -0.0004903123 bcu "" 23.435774 0.5398364 0.4220003 1.7587644e-10 4.7769264e-11
J0558.1-2859 89.5388 -28.9835 -inf LogParabola 1183.6053 1.4702081e-13 2.3280556 1.9324413e-13 2.1385734 0.29384848 bcu LSP 11.866475 0.17729503 0.5018087 1.9733241e-10 3.3715673e-11
J0558.8-7459 89.7236 -74.992 -inf LogParabola 1741.6973 1.7689807e-13 2.0640566 1.9206094e-13 1.9356064 0.081563696 bll LSP 19.343727 0.23403366 0.112391606 5.517428e-10 4.4336656e-11
J0559.6+3044 89.9039 30.7471 -inf LogParabola 12534.146 1.5874925e-15 1.6392541 2.576848e-15 1.57937 0.2688788 bcu "" 13.496433 0.0 10.0 1.2760785e-10 3.59173e-11
J0559.7-1817 89.9458 -18.2984 -inf PowerLaw 1315.7443 9.12488e-14 2.4100657 9.2162335e-14 2.396469 0.009245353 bcu LSP 12.992355 0.35142028 0.6153364 1.2522672e-10 3.0676826e-11
J0559.9+6409 89.999 64.1561 -inf PowerLaw 3668.7285 1.310658e-14 2.002152 1.5098774e-14 1.9161727 0.09549901 bcu "" 10.47187 0.0 10.0 1.7480702e-10 2.7711906e-11
J0601.0+3838 90.2687 38.6345 -999.0 PowerLaw 3512.7512 6.277986e-14 2.005965 6.646754e-14 1.9810519 0.034738097 bll LSP 10.92307 0.057872012 0.27766657 7.6845824e-10 6.0986695e-11
J0601.3+5444 90.3303 54.7344 -inf PowerLaw 7419.6826 3.0603557e-15 1.8308127 3.0108237e-15 1.8344309 -0.007519978 bcu "" 12.685375 0.10168969 1.0570239 1.413399e-10 3.1698248e-11
J0602.8-4019 90.7166 -40.3293 -inf LogParabola 2037.1581 2.8239482e-13 1.9207456 3.181258e-13 1.7324057 0.11924685 bll "" 32.06735 0.2235359 0.07332096 1.272931e-09 6.225801e-11
J0602.8+6041 90.7229 60.6965 -inf PowerLaw 1743.9655 4.0943093e-14 2.3670664 4.827234e-14 2.3544068 0.10630994 bcu "" 8.692162 0.0 10.0 1.1155057e-10 2.5825658e-11
J0603.0-2936 90.7622 -29.6108 -inf PowerLaw 891.03577 2.1238549e-13 2.5562568 2.4639196e-13 2.4698415 0.13217178 bcu LSP 4.3366446 0.0 10.0 1.01582055e-10 2.4669307e-11
J0603.9+2159 90.9815 21.9848 -inf PowerLaw 1966.1986 2.0487967e-13 2.436355 2.0325088e-13 2.3978758 0.0035286627 bcu "" 20.782434 0.32397166 0.16341914 7.399401e-10 7.895012e-11
J0604.5-4851 91.1392 -48.8577 -inf PowerLaw 1982.2472 2.8097921e-14 2.3239748 2.8972288e-14 2.3185449 0.015376141 bcu LSP 20.26074 0.6019659 0.5976152 1.0388217e-10 2.3929867e-11
J0604.9-0000 91.241 -0.0038 -inf LogParabola 2879.9888 6.608484e-14 2.0985293 7.6084714e-14 2.007337 0.11312015 bcu "" 9.806593 0.0 10.0 5.777457e-10 7.16951e-11
J0606.9+4402 91.7422 44.0368 -inf LogParabola 16321.068 3.6857355e-16 1.6922891 8.7372645e-16 1.4632328 0.99548197 bcu "" 15.415199 0.0 10.0 2.6678973e-11 9.523892e-12
J0607.4+4739 91.8571 47.6635 -999.0 LogParabola 1181.8087 2.176117e-12 2.0530941 2.3471253e-12 1.9496961 0.069824524 bll LSP 109.009094 0.25974014 0.061597195 3.0910126e-09 8.859999e-11
J0608.9-5456 92.2387 -54.9425 -inf LogParabola 474.85254 3.5267503e-12 2.672079 4.1390966e-12 2.4804556 0.20208322 bcu LSP 111.13025 0.77707577 0.18351576 2.9620678e-10 3.4173768e-11
J0609.2-0247 92.3114 -2.7954 -999.0 LogParabola 3225.7688 8.587179e-14 1.8743973 1.0771615e-13 1.6165236 0.20347878 bll "" 9.075209 0.0 10.0 8.982103e-10 7.46419e-11
J0609.5+1402 92.3996 14.0395 -inf LogParabola 1374.2655 3.2427492e-13 2.5831535 4.4865798e-13 2.8284855 0.29959023 bcu "" 7.0807166 0.0 10.0 5.5838917e-10 9.716272e-11
J0610.1-1848 92.5455 -18.8076 -inf LogParabola 1304.4961 3.1595684e-13 2.3102927 3.5467695e-13 2.2424922 0.09762446 bll LSP 25.989388 0.39083835 0.13809137 4.8215854e-10 4.9461532e-11
