4LAC_catalog_generator_v3/resulting_catalogs/agn_pop_4lac_dr3_with_z.ecsv
# %ECSV 1.0
# ---
# datatype:
# - {name: Source_Name, datatype: string}
# - {name: RAJ2000, datatype: float32}
# - {name: DEJ2000, datatype: float32}
# - {name: Redshift, datatype: float64}
# - {name: SpectrumType, datatype: string}
# - {name: Pivot_Energy, datatype: float32}
# - {name: PL_Flux_Density, datatype: float32}
# - {name: PL_Index, datatype: float32}
# - {name: LP_Flux_Density, datatype: float32}
# - {name: LP_Index, datatype: float32}
# - {name: LP_beta, datatype: float32}
# - {name: CLASS, datatype: string}
# - {name: SED_class, datatype: string}
# - {name: Variability_Index, datatype: float32}
# - {name: Frac_Variability, datatype: float32}
# - {name: Unc_Frac_Variability, datatype: float32}
# - {name: Flux1000, datatype: float32}
# - {name: Unc_Flux1000, datatype: float32}
# schema: astropy-2.0
Source_Name RAJ2000 DEJ2000 Redshift SpectrumType Pivot_Energy PL_Flux_Density PL_Index LP_Flux_Density LP_Index LP_beta CLASS SED_class Variability_Index Frac_Variability Unc_Frac_Variability Flux1000 Unc_Flux1000
[from data line 632]
J0833.9+4223 128.4759 42.3989 0.249073 LogParabola 696.9797 1.6183532e-12 2.4167426 1.7414222e-12 2.3195775 0.08390887 fsrq LSP 36.659386 0.33871204 0.10141207 5.017259e-10 4.0112653e-11
J0835.2-2243 128.8091 -22.7282 1.064 LogParabola 812.3228 3.9457855e-13 2.5800288 8.006968e-13 2.5477133 0.99998415 fsrq "" 11.044386 0.15861553 0.50492346 1.7329484e-10 3.9966218e-11
J0835.7+0936 128.9474 9.6153 0.35 PowerLaw 2021.8807 4.5632484e-14 2.194486 4.970703e-14 2.1825442 0.048678566 bll ISP 18.563486 0.50627786 0.34364295 1.7840375e-10 3.171118e-11
J0835.8+1517 128.9613 15.2955 0.16838 PowerLaw 1110.287 1.4156174e-13 2.4325798 1.7541541e-13 2.4269986 0.15751177 bll ISP 18.782637 0.50269395 0.32741916 1.2732682e-10 2.8660773e-11
J0836.5-2026 129.1309 -20.4474 2.752 LogParabola 319.9729 8.663706e-12 2.8729072 1.2335358e-11 2.6542573 0.4113945 fsrq LSP 43.151493 0.50509924 0.14911357 1.2305634e-10 3.704387e-11
J0836.9+5833 129.2386 58.557 0.611 PowerLaw 1475.7596 1.0748184e-13 2.3465853 1.0192299e-13 2.3557248 -0.027345864 bll LSP 8.735038 0.0 10.0 1.9859651e-10 2.5536665e-11
J0837.3+1458 129.3461 14.9677 0.278 LogParabola 6396.941 3.1802652e-15 1.7408706 4.491513e-15 1.4247351 0.31733117 bll HSP 10.830532 0.0 10.0 8.59193e-11 3.1175573e-11
J0837.4+2454 129.3682 24.9004 1.125311 PowerLaw 661.97327 4.936406e-13 2.760912 4.910103e-13 2.7693253 -0.0102022495 fsrq LSP 17.319075 0.5872149 0.28973776 8.977214e-11 2.6420692e-11
J0839.7+3540 129.9315 35.6734 0.415 LogParabola 1797.87 1.2497596e-13 1.9839476 1.4063184e-13 1.7918292 0.11603929 bll LSP 12.065595 0.092076525 0.25912255 4.3973988e-10 4.0469628e-11
J0839.8+0105 129.9633 1.0877 1.123 LogParabola 646.2868 3.8660867e-12 2.3662848 4.5008016e-12 2.2035103 0.16764912 fsrq LSP 288.64505 0.7743964 0.1709813 1.0781473e-09 6.0963325e-11
J0840.8+1317 130.2218 13.2871 0.681 LogParabola 842.3581 4.4393645e-13 2.4696946 6.3397307e-13 2.3309112 0.32098648 ssrq LSP 73.83025 1.1906576 0.3004094 2.3939176e-10 3.8992143e-11
J0841.3+7053 130.3418 70.8887 2.218 LogParabola 375.479 5.2858815e-11 2.8123 6.684325e-11 2.755881 0.25154838 FSRQ LSP 4173.7544 0.908524 0.19410239 1.4476187e-09 5.0651087e-11
J0842.5+0251 130.6331 2.8662 0.425 PowerLaw 4900.3037 6.688808e-15 1.9035476 7.66118e-15 1.780849 0.09220404 bll ISP 11.420427 0.0 10.0 1.5014438e-10 3.1330844e-11
J0842.7+6656 130.6936 66.9451 0.121 PowerLaw 9848.737 1.5845295e-15 1.8636135 1.3196816e-15 1.9312869 -0.08093686 bll HSP 15.415791 0.0 10.0 1.2784998e-10 3.9538803e-11
J0843.1+5034 130.7877 50.5741 0.439228 PowerLaw 16281.117 2.5256283e-16 1.5676596 4.2920565e-16 0.41477 0.92254114 bll ISP 12.82761 0.0 10.0 3.271807e-11 1.651096e-11
J0844.2+5312 131.0509 53.2141 0.435 PowerLaw 1844.0026 2.4274463e-13 2.0189266 2.5858796e-13 1.9771366 0.042494334 bll LSP 47.804398 0.31458008 0.086239144 8.121611e-10 4.0893403e-11
J0845.7-5556 131.4473 -55.949 0.433 PowerLaw 2148.6196 8.464178e-14 2.2938356 8.4947816e-14 2.2930536 0.002495533 fsrq LSP 3.8313322 0.0 10.0 3.7725267e-10 4.432641e-11
J0846.9+4608 131.7263 46.1378 1.21648 LogParabola 507.80768 1.284432e-12 2.6963413 1.5904324e-12 2.3130832 0.35183302 fsrq LSP 17.743925 0.3799401 0.21158484 1.3509126e-10 2.8693464e-11
J0847.0-2336 131.7567 -23.6141 0.059 PowerLaw 2406.5205 2.0534349e-13 1.9668148 2.1012878e-13 1.9569002 0.011952437 bll "" 15.903159 0.116126746 0.08424753 1.1809832e-09 6.128742e-11
J0847.2+1134 131.8119 11.5692 0.199 PowerLaw 5102.436 1.7672868e-14 1.7278124 1.9136646e-14 1.6899655 0.038497813 bll ISP 20.811287 0.33226144 0.15258576 3.9151832e-10 3.9895972e-11
J0848.0-0524 132.0034 -5.4147 1.242 PowerLaw 538.059 1.3301235e-12 2.7188451 1.619202e-12 2.6231787 0.18762809 fsrq LSP 15.522649 0.3428857 0.24030213 1.4351467e-10 2.799773e-11
J0849.5+0456 132.3817 4.9481 1.06959 LogParabola 1569.5347 2.4019496e-13 2.0648913 2.8078806e-13 1.9075743 0.13491404 bll ISP 17.12728 0.2010603 0.12881576 6.370051e-10 5.3512837e-11
J0850.0+5108 132.5126 51.1414 0.583 LogParabola 701.52234 4.177494e-12 2.2510755 4.5643333e-12 2.1286924 0.09838552 NLSY1 LSP 1239.3137 1.0513188 0.22591655 1.5889386e-09 5.7865383e-11
J0850.1-1212 132.5412 -12.2121 0.566 LogParabola 619.7468 7.685499e-12 2.317777 8.431117e-12 2.2169843 0.0939895 fsrq LSP 662.31165 0.80623055 0.1743096 1.9991147e-09 7.443249e-11
J0850.5+3455 132.6378 34.9285 0.145 PowerLaw 2130.532 7.27126e-14 2.0707192 6.956857e-14 2.1024659 -0.02785574 bll HSP 21.183508 0.35523 0.16060324 3.2291125e-10 3.2657436e-11
J0852.2+2834 133.0665 28.5738 1.282 PowerLaw 938.40875 3.3376408e-13 2.4682858 3.79431e-13 2.3879142 0.115758665 fsrq LSP 15.025515 0.32125846 0.23244058 1.941559e-10 2.923374e-11
J0854.0+2753 133.5155 27.884 0.494 PowerLaw 21657.176 2.0061331e-16 1.4452856 3.4816347e-16 0.44803974 0.8518391 bll ISP 15.999075 0.0 10.0 3.343894e-11 1.6875893e-11
J0854.3+4408 133.5932 44.1494 0.382159 LogParabola 2666.3997 3.9482696e-14 1.8275338 4.9363352e-14 1.5592009 0.19155546 bll ISP 13.854548 0.20353714 0.20240338 3.0675032e-10 3.3508623e-11
J0854.8+2006 133.7071 20.1159 0.306 LogParabola 710.9869 1.33717135e-11 2.209501 1.4079733e-11 2.1581697 0.04550812 BLL LSP 920.42065 0.5145008 0.11083554 5.3267493e-09 1.1049745e-10
J0855.9+7144 133.9754 71.7419 0.542 PowerLaw 968.8394 4.1391757e-13 2.5780087 4.1985035e-13 2.5648274 0.01093236 fsrq LSP 25.15739 0.350596 0.14158688 2.4168692e-10 2.8431533e-11
J0857.7+0137 134.4279 1.6254 0.281 PowerLaw 2013.7875 3.4554292e-14 2.2222123 3.6443555e-14 2.2245512 0.027795417 bll HSP 5.1702604 0.0 10.0 1.3350315e-10 2.9893015e-11
J0857.9-1949 134.4911 -19.8175 0.659 LogParabola 761.299 1.6685333e-12 2.4225745 1.931219e-12 2.3466232 0.11179539 fsrq LSP 86.45974 0.5810751 0.14204073 6.5501893e-10 5.6031648e-11
J0858.1+1405 134.5422 14.0986 1.048 PowerLaw 913.3172 3.0641703e-13 2.468502 3.8938817e-13 2.521302 0.20750363 ssrq "" 8.049038 0.0 10.0 1.6668603e-10 3.1598116e-11
J0859.2+0047 134.8184 0.7865 0.569829 PowerLaw 7648.517 1.6620889e-15 1.8262253 1.8805974e-15 1.7315577 0.06963548 bll HSP 10.814475 0.0 10.0 8.080592e-11 3.0521075e-11
J0901.4+4542 135.3691 45.707 0.289 LogParabola 2604.9272 1.23304475e-14 2.1605372 2.296953e-14 2.284154 0.7466085 bll ISP 10.824832 0.0 10.0 1.1669746e-10 2.727366e-11
J0902.4+6440 135.6139 64.6788 0.405 PowerLaw 1513.2852 5.719437e-14 2.4240143 5.53237e-14 2.435053 -0.01995784 bcu LSP 18.669239 0.36849988 0.3005326 1.0952455e-10 2.1176476e-11
J0902.4+2051 135.6172 20.8503 2.055 LogParabola 1046.3108 1.3079758e-12 2.1310213 1.355922e-12 2.0616257 0.041454315 bll ISP 99.746796 0.43956512 0.10446372 1.3172294e-09 6.46049e-11
J0903.1+4652 135.795 46.8688 1.462 PowerLaw 827.40466 1.1953255e-12 2.4340134 1.1517952e-12 2.4565253 -0.02803982 fsrq LSP 39.652363 0.30352736 0.08691559 5.250848e-10 3.615835e-11
J0903.5+2847 135.8936 28.7935 0.52757 PowerLaw 1050.5381 1.3125913e-13 2.5213113 1.5459929e-13 1.5809755 0.6271979 bll ISP 14.540881 0.33192462 0.42262048 9.765277e-11 2.4673185e-11
J0904.0+2724 136.0089 27.4041 1.723738 LogParabola 472.08286 2.4445372e-12 2.7568364 3.051374e-12 2.6734216 0.22398326 fsrq ISP 36.696014 0.5605038 0.166811 1.6455856e-10 3.147187e-11
J0904.6+4238 136.1644 42.6497 1.34246 PowerLaw 1733.0588 8.6281195e-14 2.205834 9.566627e-14 2.1215904 0.08453274 fsrq LSP 8.1987705 0.0 10.0 2.3979418e-10 2.8668175e-11
J0905.6+1358 136.4017 13.975 0.224 LogParabola 2392.5288 1.6138973e-13 1.7943773 1.8950024e-13 1.5967802 0.12699088 bll HSP 33.45642 0.28319785 0.09073734 1.0329027e-09 6.035077e-11
J0906.7+4950 136.6943 49.8499 1.641 PowerLaw 1668.3557 3.2488393e-14 2.3603816 3.5062478e-14 2.316924 0.06274343 fsrq LSP 22.835812 0.54352504 0.3545346 7.981262e-11 1.8704044e-11
J0907.1+0856 136.7897 8.9489 0.445052 LogParabola 3491.4753 8.666904e-15 2.0499816 1.4361142e-14 1.5216981 0.68630594 bll "" 6.792969 0.0 10.0 1.0021319e-10 3.420377e-11
J0908.9+2311 137.2412 23.1944 0.431 LogParabola 3612.6924 4.048966e-14 1.8152642 4.4945266e-14 1.6326269 0.10226971 bll ISP 17.5718 0.27946642 0.14750783 4.9039117e-10 5.118749e-11
J0909.1+0121 137.2967 1.3557 1.024 LogParabola 1044.3143 2.4645394e-12 2.4803402 2.7768972e-12 2.5563078 0.099657305 fsrq LSP 1034.359 0.99253565 0.2134183 1.8684683e-09 7.603757e-11
J0909.7-0230 137.4464 -2.5143 0.957 LogParabola 695.0211 6.026562e-12 2.2831314 6.6962347e-12 2.1928954 0.099008374 fsrq LSP 162.73167 0.3679204 0.08358409 2.132077e-09 7.596011e-11
J0909.7+3104 137.4477 31.0818 0.272118 PowerLaw 3311.1711 1.0627193e-14 2.017095 1.0764584e-14 2.0044882 0.0072770817 bll "" 9.78071 0.0 10.0 1.1586641e-10 2.5628888e-11
J0910.0+4257 137.5058 42.9623 0.67 PowerLaw 813.2964 5.4393154e-13 2.566581 6.3100534e-13 2.4077656 0.19570355 css "" 14.533583 0.23423426 0.18486379 2.042256e-10 2.8981349e-11
J0910.6+2247 137.6743 22.7978 2.661 LogParabola 836.90607 9.87728e-13 2.3709855 1.1062784e-12 2.2901437 0.08798679 fsrq LSP 176.86232 1.1387112 0.257613 5.110778e-10 4.9576634e-11
J0910.8+3859 137.7091 38.9999 0.198696 PowerLaw 2447.6409 5.5718634e-14 2.033072 6.1121044e-14 1.9396819 0.07474625 bll LSP 49.73576 0.6301313 0.17343995 3.3003503e-10 3.196621e-11
J0911.7+3349 137.9382 33.8171 0.456101 PowerLaw 2085.6558 7.096708e-14 2.3167605 6.738295e-14 2.3106565 -0.027858416 bll HSP 13.722277 0.20510243 0.25779545 2.9531372e-10 4.1189968e-11
J0912.2+4127 138.0559 41.4563 2.563 PowerLaw 834.58136 1.2527181e-12 2.4669163 1.2502619e-12 2.467757 -0.0014215028 fsrq LSP 373.3386 1.1869521 0.2594782 5.4623583e-10 3.7961332e-11
J0912.9-2102 138.2274 -21.0446 0.198 PowerLaw 3566.18 8.409345e-14 1.8426971 8.50434e-14 1.8354377 0.006596612 bll HSP 13.295922 0.05376394 0.17628516 1.0177338e-09 5.8827e-11
J0913.3+8133 138.3463 81.5661 0.639 PowerLaw 6781.3623 2.435675e-15 1.748746 3.0324667e-15 1.6413875 0.1269512 bll "" 16.613857 0.44686425 0.43861452 8.9547474e-11 1.9425406e-11
J0914.4+0249 138.6124 2.8324 0.427 PowerLaw 796.4727 4.8940355e-13 2.648226 4.390027e-13 2.657987 -0.06964292 fsrq "" 18.282337 0.42730072 0.21970896 1.6252558e-10 3.2321406e-11
J0916.7+3856 139.1898 38.9479 1.267541 LogParabola 774.97754 1.1666503e-12 2.4406798 1.2824275e-12 2.3211648 0.11772061 fsrq LSP 58.352097 0.55416095 0.14228863 4.622508e-10 3.917977e-11
J0916.7+5238 139.1906 52.6454 0.19 LogParabola 3680.286 1.0988563e-14 1.829065 1.4107671e-14 1.5802271 0.20161933 bll HSP 13.65996 0.18747807 0.51009834 1.444595e-10 2.6138182e-11
J0917.1-2131 139.2826 -21.5252 0.847 PowerLaw 2263.753 2.58779e-14 2.3018193 2.9082578e-14 2.2879694 0.062943056 fsrq LSP 12.167481 0.0 10.0 1.300709e-10 3.148438e-11
J0917.3-0342 139.3339 -3.7035 0.308 PowerLaw 9063.3545 2.1021357e-15 1.6697866 2.5600417e-15 1.5234114 0.12346462 bll HSP 11.959253 0.0 10.0 1.1881962e-10 2.967141e-11
J0920.9+4441 140.2291 44.699 2.186448 LogParabola 1177.239 3.676886e-12 2.3492343 4.1686576e-12 2.392425 0.12554927 fsrq LSP 2412.533 0.9901364 0.21209064 4.0806505e-09 9.548974e-11
J0920.9-2256 140.2355 -22.947 0.45 LogParabola 5020.269 6.829128e-15 1.7923087 9.839054e-15 1.236856 0.48082438 bll ISP 4.3088403 0.0 10.0 1.1819301e-10 3.6992288e-11
J0921.6+6216 140.4185 62.2708 1.446 LogParabola 589.0741 1.4748385e-11 2.2866495 1.6073308e-11 2.1803167 0.09019015 fsrq LSP 3346.0066 0.94950396 0.20298739 3.5416459e-09 7.541549e-11
J0921.7+2336 140.446 23.6022 1.0619 PowerLaw 2217.3545 7.507778e-14 2.0605555 8.039432e-14 1.9914585 0.05507592 bll ISP 21.39737 0.36491665 0.152049 3.625601e-10 3.5670238e-11
J0922.4-0528 140.6123 -5.4747 0.974 LogParabola 1450.1434 3.1779839e-13 2.098164 3.5243225e-13 1.9601454 0.10404149 fsrq LSP 56.18407 0.5707273 0.14681807 6.807479e-10 5.2275375e-11
J0922.6+4454 140.6588 44.9131 0.467 PowerLaw 2069.6433 6.681091e-14 2.589538 5.7983817e-14 2.5699024 -0.07734363 bcu LSP 18.729912 0.34646094 0.20797645 2.7638217e-10 4.947502e-11
J0922.6+0434 140.6669 4.5781 1.325 LogParabola 739.1564 1.6148025e-12 2.3875604 1.833621e-12 2.3197684 0.10290473 bcu LSP 163.04333 0.9180212 0.20837069 5.9726135e-10 4.780476e-11
J0922.7-3959 140.6918 -39.9867 0.595 LogParabola 774.84656 1.949582e-12 2.600892 2.3223001e-12 2.5696511 0.1479749 fsrq LSP 235.46883 1.0209723 0.22683483 6.644148e-10 5.6338514e-11
J0923.5+4125 140.8949 41.4283 1.732 LogParabola 671.01965 2.7477675e-12 2.3475277 2.9497752e-12 2.2397346 0.08544439 fsrq LSP 100.7721 0.4384344 0.10423884 8.384154e-10 4.746575e-11
J0924.0+2816 141.0049 28.2755 0.7442 PowerLaw 891.46436 6.3501775e-13 2.4139256 6.118469e-13 2.4204884 -0.02343397 fsrq LSP 112.95993 0.8928923 0.20901167 3.3995742e-10 3.3906527e-11
J0924.0+0534 141.0241 5.5789 0.57 PowerLaw 4525.557 8.009247e-15 1.930167 8.111297e-15 1.9235783 0.0073649366 bll "" 13.075016 0.0 10.0 1.5653918e-10 3.3336743e-11
J0925.7+5959 141.4344 59.989 0.7 PowerLaw 3377.187 1.4627381e-14 1.9532412 1.6293502e-14 1.8515427 0.078638256 bll ISP 10.746988 0.057035662 1.0896474 1.6330912e-10 2.342944e-11
J0925.7+3126 141.4454 31.447 0.26 PowerLaw 1657.9736 1.05792186e-13 2.1859684 1.1116851e-13 2.1514728 0.036275573 bll LSP 16.089811 0.28895733 0.16444272 2.6830704e-10 2.970893e-11
J0926.4+5412 141.6003 54.2081 0.85 PowerLaw 3730.5156 9.8188855e-15 1.9417008 1.0478344e-14 1.9015603 0.03792922 bll LSP 20.973085 0.4976164 0.3213657 1.3264927e-10 2.3246325e-11
J0927.2+2454 141.8208 24.9019 0.397366 PowerLaw 1719.3854 4.800586e-14 2.2681854 4.9638123e-14 2.238654 0.026375031 bll LSP 7.241623 0.0 10.0 1.2907517e-10 2.5626319e-11
J0928.1-2035 142.0478 -20.5973 0.348 LogParabola 713.174 1.0826945e-12 2.4957743 1.2557447e-12 2.3923137 0.13493185 fsrq LSP 99.673805 0.9945379 0.23533228 3.368044e-10 3.8854243e-11
J0928.3+7444 142.0867 74.7477 0.638 PowerLaw 2951.9712 7.809949e-15 2.181574 6.5834916e-15 2.2688026 -0.07866132 bcu HSP 7.8140807 0.0 10.0 6.9822405e-11 1.7912161e-11
J0929.3-2414 142.3386 -24.2496 0.208 LogParabola 1952.3873 4.2942422e-14 2.1817362 6.5377466e-14 1.7164077 0.5445789 bll "" 12.770349 0.0 10.0 1.9583768e-10 3.881152e-11
J0930.5+4951 142.6254 49.8577 0.187 PowerLaw 7065.564 3.863056e-15 1.8285583 3.7780897e-15 1.834673 -0.00953057 bll HSP 17.408007 0.30195543 0.39460224 1.6281884e-10 3.4059124e-11
J0930.5+5132 142.6325 51.5438 0.189 PowerLaw 3310.987 7.1010596e-15 1.9951469 1.0488626e-14 1.8430009 0.28978825 bll "" 12.808731 0.0 10.0 7.6991205e-11 1.967561e-11
J0930.9+0033 142.7476 0.5575 1.771 LogParabola 366.3268 8.891838e-12 2.7042546 1.0435457e-11 2.5382462 0.1848687 fsrq LSP 27.804134 0.29869944 0.103298545 3.2632383e-10 4.047787e-11
J0931.9+6737 142.9845 67.6213 0.022822 PowerLaw 1346.5577 3.0878013e-13 2.275591 3.309779e-13 2.238164 0.052004736 rdg "" 49.700275 0.44332063 0.11980012 4.752325e-10 3.30309e-11
J0932.6+5306 143.159 53.1008 0.59719 PowerLaw 746.1482 1.3714008e-12 2.4792886 1.4626382e-12 2.4436107 0.055611387 fsrq LSP 426.2805 1.157777 0.25252852 4.4823062e-10 3.2167654e-11
J0932.7+1041 143.1802 10.6903 0.361 PowerLaw 2838.3247 2.1001904e-14 2.0362453 2.5279893e-14 1.8050615 0.16826744 bll ISP 14.614466 0.0 10.0 1.6816469e-10 2.989021e-11
J0934.3+3926 143.5861 39.4365 0.044399 PowerLaw 1128.1222 3.079257e-13 2.3703573 3.319562e-13 2.3178205 0.06402505 bll LSP 25.29098 0.34511602 0.12908608 2.985879e-10 2.9790677e-11
J0934.5-1720 143.6278 -17.3388 0.2499 PowerLaw 4899.339 7.008621e-15 2.0077767 7.325101e-15 2.008395 0.025276808 bll ISP 13.744404 0.0 10.0 1.6740917e-10 4.222776e-11
J0936.5+1847 144.1346 18.7976 0.831127 PowerLaw 2294.0884 4.95641e-14 2.0582666 5.5367508e-14 1.97166 0.08138188 bll ISP 11.541338 0.17927954 0.2923555 2.5677813e-10 3.2668066e-11
J0937.1+5008 144.2969 50.1437 0.276 PowerLaw 914.80554 4.8525664e-13 2.4808364 5.293556e-13 2.3960798 0.092637025 fsrq LSP 63.269386 0.660719 0.16916841 2.6255756e-10 2.800368e-11
J0937.9-1434 144.4751 -14.5706 0.287 LogParabola 2430.1147 4.9346066e-14 2.0086873 5.826116e-14 1.8492621 0.1468532 bll ISP 40.99938 0.69708705 0.21253103 3.098812e-10 4.1423566e-11
