4LAC_catalog_generator_v3/resulting_catalogs/agn_pop_4lac_dr3_with_z.ecsv
# %ECSV 1.0
# ---
# datatype:
# - {name: Source_Name, datatype: string}
# - {name: RAJ2000, datatype: float32}
# - {name: DEJ2000, datatype: float32}
# - {name: Redshift, datatype: float64}
# - {name: SpectrumType, datatype: string}
# - {name: Pivot_Energy, datatype: float32}
# - {name: PL_Flux_Density, datatype: float32}
# - {name: PL_Index, datatype: float32}
# - {name: LP_Flux_Density, datatype: float32}
# - {name: LP_Index, datatype: float32}
# - {name: LP_beta, datatype: float32}
# - {name: CLASS, datatype: string}
# - {name: SED_class, datatype: string}
# - {name: Variability_Index, datatype: float32}
# - {name: Frac_Variability, datatype: float32}
# - {name: Unc_Frac_Variability, datatype: float32}
# - {name: Flux1000, datatype: float32}
# - {name: Unc_Flux1000, datatype: float32}
# schema: astropy-2.0
Source_Name RAJ2000 DEJ2000 Redshift SpectrumType Pivot_Energy PL_Flux_Density PL_Index LP_Flux_Density LP_Index LP_beta CLASS SED_class Variability_Index Frac_Variability Unc_Frac_Variability Flux1000 Unc_Flux1000
[from data line 542]
J0730.3-1141 112.5776 -11.6888 1.589 LogParabola 664.3838 3.7618228e-11 2.297462 4.189193e-11 2.209389 0.0923601 fsrq LSP 2590.958 0.57913643 0.12394973 1.1880904e-08 1.8109488e-10
J0730.4+3308 112.6238 33.1344 0.112 LogParabola 2425.312 6.220123e-14 1.9211258 7.380157e-14 1.7257 0.15451097 bll HSP 9.107821 0.0 10.0 3.931544e-10 4.1719652e-11
J0730.7-6602 112.6943 -66.0464 0.106 PowerLaw 6409.733 8.858594e-15 1.7520686 1.0247977e-14 1.6890706 0.07731484 bll "" 23.269806 0.3283074 0.15985227 2.957805e-10 3.6031646e-11
J0731.9+2805 112.981 28.0882 0.248 PowerLaw 2967.9758 1.46939e-14 2.0356011 1.8260655e-14 1.8888974 0.17276272 bll ISP 10.544841 0.0 10.0 1.2884498e-10 2.8330366e-11
J0733.4+5152 113.3619 51.8798 0.065 PowerLaw 5933.298 7.6259825e-15 1.7648747 7.920559e-15 1.7415713 0.017333768 bcu HSP 14.253026 0.20839241 0.29599386 2.241324e-10 3.064083e-11
J0733.5+3517 113.3761 35.2938 0.177 PowerLaw 2145.9895 2.9704585e-14 2.1967642 3.734775e-14 2.0180278 0.19272955 bll HSP 12.789018 0.103392705 1.28658 1.3233546e-10 2.7325869e-11
J0733.7+4110 113.4481 41.1706 0.67 PowerLaw 2752.1992 4.6743215e-14 1.9977165 5.0178625e-14 1.9334961 0.050831668 bll ISP 11.364708 0.105629206 0.28778544 3.5053704e-10 3.4982323e-11
J0733.8+0455 113.4722 4.9282 3.01 LogParabola 756.49335 1.2576577e-12 2.433743 1.4461931e-12 2.332176 0.13067779 fsrq LSP 152.34465 0.9658591 0.22263359 4.7900006e-10 4.8274457e-11
J0734.0+5021 113.5245 50.3572 0.72 LogParabola 803.5779 1.6877417e-12 2.3612006 1.9329323e-12 2.215943 0.14897431 fsrq LSP 462.67313 1.2503871 0.27133727 8.0715656e-10 4.78318e-11
J0738.1+1742 114.5387 17.7066 0.424 LogParabola 1622.6273 2.18701e-12 2.023999 2.3743256e-12 1.9651836 0.06675919 bll LSP 208.41606 0.31108257 0.069939725 5.9213474e-09 1.3060282e-10
J0738.9-6736 114.7427 -67.6038 1.663 PowerLaw 799.45526 8.367221e-13 2.5948298 8.038001e-13 2.6013923 -0.02700828 fsrq LSP 52.725586 0.65013474 0.17643753 2.9346256e-10 3.6326366e-11
J0739.2+0137 114.82 1.6216 0.189 LogParabola 493.4284 4.3540768e-11 2.38503 4.8025993e-11 2.2895896 0.096195996 fsrq LSP 2811.4902 0.77290916 0.16533817 5.8908793e-09 1.2153661e-10
J0740.9+3203 115.2335 32.0581 0.179 PowerLaw 1579.6427 8.2999024e-14 2.2878318 8.769887e-14 2.2618685 0.034394946 bll HSP 7.714622 0.0 10.0 1.8300278e-10 3.0033066e-11
J0741.4-4709 115.3556 -47.1636 0.765 LogParabola 1186.7279 4.07916e-13 2.6199489 4.6165464e-13 2.7217412 0.11740883 fsrq LSP 36.678528 0.40624946 0.12739532 4.0656759e-10 4.682625e-11
J0742.1+4902 115.5361 49.0428 2.312 PowerLaw 1768.9266 7.54394e-14 2.2733898 8.623239e-14 2.1465445 0.12701006 fsrq LSP 68.05886 0.9591676 0.23972648 2.1610755e-10 2.9143146e-11
J0743.0-5622 115.7698 -56.3768 2.319 PowerLaw 549.2657 1.7128348e-12 2.7325535 2.0178243e-12 2.7021174 0.14382327 fsrq LSP 26.168137 0.39360398 0.16937399 1.9233425e-10 3.448152e-11
J0744.1+7434 116.0345 74.5778 0.314 PowerLaw 5729.084 1.2275021e-14 1.8097967 1.251785e-14 1.7980388 0.010677741 bll HSP 20.526484 0.3407957 0.13229363 3.4843572e-10 3.4491524e-11
J0746.0-0039 116.5246 -0.6543 0.994 PowerLaw 462.8098 1.4842322e-12 2.795952 1.7022801e-12 2.7893536 0.11257586 fsrq "" 8.660739 0.0 10.0 9.59025e-11 3.1654485e-11
J0746.4+2546 116.6021 25.7678 2.987498 LogParabola 453.233 5.2469843e-12 2.824355 6.6323175e-12 2.809432 0.25862882 fsrq LSP 99.25295 0.60753876 0.14703032 2.5276906e-10 3.7350702e-11
J0746.5+2730 116.6276 27.5153 1.69 LogParabola 576.2812 1.3998526e-12 2.6301563 1.6309857e-12 2.3900456 0.2272142 fsrq LSP 42.43465 0.6613832 0.19588558 2.1908338e-10 3.470019e-11
J0748.6+2400 117.1638 24.0166 0.409854 PowerLaw 1104.3633 7.227659e-13 2.3681312 7.621483e-13 2.3462827 0.040686004 fsrq LSP 138.79866 0.7540624 0.17480552 6.6728817e-10 4.782816e-11
J0749.2+2314 117.3217 23.2337 0.175 PowerLaw 4926.0757 6.401785e-15 1.9878184 6.011054e-15 1.9965191 -0.03115197 bll HSP 5.2359667 0.0 10.0 1.5263311e-10 3.570272e-11
J0749.3+4453 117.3482 44.8918 0.559233 LogParabola 1126.0688 4.286855e-13 2.2711837 4.9885047e-13 2.1423745 0.151136 bcu LSP 59.372066 0.56968606 0.14838612 4.8978954e-10 4.222521e-11
J0749.4+1058 117.3728 10.9781 0.214 PowerLaw 2973.0237 3.023577e-14 2.0576482 3.4605687e-14 2.0261128 0.08809024 bll ISP 12.4565 0.16312334 0.3739891 2.6705455e-10 3.9261993e-11
J0749.5+1026 117.3871 10.449 1.285 LogParabola 641.5618 7.933975e-13 2.7952473 1.0632683e-12 2.9649787 0.28390756 fsrq LSP 13.84646 0.30931628 0.2741872 1.1092249e-10 3.944013e-11
J0749.7+7450 117.431 74.8463 0.607 PowerLaw 3002.7183 1.8702628e-14 2.1476107 1.8085216e-14 2.1642644 -0.023012966 bll ISP 16.816706 0.44680822 0.2628028 1.7199678e-10 2.6631948e-11
J0749.9+1823 117.4853 18.387 1.161 PowerLaw 1256.6454 1.7264623e-13 2.4393163 2.1680293e-13 2.4099767 0.11849643 fsrq LSP 28.885231 0.78609985 0.33378556 2.0921824e-10 4.4553368e-11
J0750.8+1229 117.701 12.494 0.889 LogParabola 887.75024 1.5986914e-12 2.4802566 1.8091583e-12 2.4705806 0.10570364 fsrq "" 276.81546 0.8335049 0.18442592 8.3217694e-10 5.304598e-11
J0751.4+2655 117.8664 26.9275 0.333965 LogParabola 3339.1716 1.02056975e-14 1.9759827 1.5942649e-14 1.8070749 0.3794246 bcu LSP 21.18057 0.5003513 0.4133177 1.2922705e-10 3.1443275e-11
J0751.9+3314 117.9826 33.2361 1.935716 LogParabola 508.05914 9.208416e-12 2.4304526 1.0365577e-11 2.308749 0.12248693 fsrq LSP 2179.3171 1.5918385 0.34071875 1.2708513e-09 5.7606496e-11
J0753.0+5353 118.253 53.8891 0.2 LogParabola 1048.8273 1.1765262e-12 2.1327598 1.2451795e-12 2.042807 0.059772875 bll LSP 22.046713 0.12780172 0.05532029 1.2074147e-09 5.2601586e-11
J0757.1+0956 119.2856 9.9491 0.266 LogParabola 1118.5859 1.4420782e-12 2.1471992 1.4972234e-12 2.1068544 0.0337101 bll LSP 29.923817 0.16204864 0.057297233 1.6369176e-09 7.06927e-11
J0758.1+1134 119.5372 11.5669 0.568712 PowerLaw 1472.4563 1.3596414e-13 2.327703 1.3607201e-13 2.323369 -0.00016715362 fsrq "" 17.92392 0.3089878 0.21264496 2.5156657e-10 3.4067252e-11
J0758.7+3746 119.6893 37.7776 0.042836 PowerLaw 2173.1184 3.0322895e-14 2.2340832 3.3654777e-14 2.1714306 0.091449454 rdg ISP 7.3844595 0.0 10.0 1.3871948e-10 2.8650233e-11
J0758.9+2703 119.7258 27.0653 0.099 PowerLaw 1669.9509 1.7070088e-13 2.13262 1.8861644e-13 2.072141 0.07680846 bll LSP 23.670479 0.3112389 0.12179897 4.4753803e-10 3.799449e-11
J0759.6+1321 119.9004 13.3627 0.3864 PowerLaw 5251.812 1.0939976e-14 1.8331461 1.3053747e-14 1.7149197 0.11825754 bll "" 23.040497 0.43306738 0.2027553 2.6872893e-10 3.8799897e-11
J0800.9+4401 120.2457 44.0181 1.072 LogParabola 1335.2997 2.015974e-13 2.1747172 2.2947898e-13 2.0077977 0.1341863 bll LSP 40.383568 0.62187654 0.1764442 3.5679426e-10 3.6687046e-11
J0801.1+6444 120.2933 64.7438 0.2 PowerLaw 3591.8035 2.0633919e-14 1.9282087 2.2440181e-14 1.8665581 0.056610208 bll "" 55.983616 0.8168754 0.21526495 2.5803285e-10 2.7991573e-11
J0802.0+1006 120.5075 10.1117 0.84159 PowerLaw 2830.8386 3.661209e-14 2.0210953 4.04908e-14 1.9734111 0.06477197 bll HSP 6.8402367 0.0 10.0 2.911016e-10 3.638475e-11
J0803.2-0337 120.8247 -3.6189 0.365 PowerLaw 1953.5404 2.47376e-13 2.0072072 2.586489e-13 1.9819776 0.026855761 fsrq HSP 35.256176 0.29779318 0.094055265 9.32905e-10 5.3317094e-11
J0805.2-0110 121.3004 -1.181 1.388 LogParabola 637.54285 2.2255776e-12 2.47599 2.6158403e-12 2.3724067 0.14947042 fsrq LSP 107.30842 0.7005384 0.165699 5.220407e-10 4.55867e-11
J0805.4+6147 121.3557 61.7937 3.033 LogParabola 352.85437 8.635119e-12 2.813827 1.0082258e-11 2.672476 0.17287642 fsrq LSP 293.298 1.0220742 0.22548725 2.3689345e-10 2.896461e-11
J0805.4+7534 121.3616 75.5766 0.121 LogParabola 1664.2295 4.608763e-13 1.8490933 4.8112214e-13 1.7676579 0.03973461 bll HSP 35.005444 0.18986325 0.056986086 1.4203698e-09 5.1351343e-11
J0806.5+4503 121.6284 45.0605 2.102 PowerLaw 747.04083 5.0471677e-13 2.578675 5.6484575e-13 2.4978395 0.098478965 fsrq LSP 41.18898 0.8398565 0.23722538 1.5067592e-10 2.6985615e-11
J0806.5+5930 121.6497 59.5142 0.3 PowerLaw 3262.9358 2.5071753e-14 2.0004911 2.3603522e-14 2.0293174 -0.03043073 bll HSP 23.021349 0.3931544 0.16684209 2.6434085e-10 2.9112098e-11
J0808.2-0751 122.065 -7.8556 1.837 LogParabola 618.6522 2.0987413e-11 2.2323818 2.3007152e-11 2.1259036 0.08672579 fsrq LSP 1746.6395 0.6894232 0.14783646 6.1082783e-09 1.2702399e-10
J0808.5+4950 122.1299 49.8338 1.435161 LogParabola 360.76227 5.9040164e-12 2.8150005 7.2001493e-12 2.64253 0.22328731 fsrq LSP 22.118008 0.2653079 0.11706231 1.6935697e-10 2.775272e-11
J0809.3+4053 122.33 40.8954 1.418 PowerLaw 728.849 7.65272e-13 2.592133 8.706522e-13 2.4965723 0.119415745 fsrq LSP 36.881348 0.53372186 0.16498408 2.1168446e-10 2.9728938e-11
J0809.3+3121 122.348 31.3533 0.29558 PowerLaw 1866.1525 3.0262502e-14 2.2283802 4.0145963e-14 2.1777108 0.19888003 bll LSP 13.241632 0.0 10.0 9.861515e-11 2.4862855e-11
J0809.5+5341 122.3791 53.6876 2.133 LogParabola 856.1046 2.243028e-12 2.2730193 2.495373e-12 2.1287048 0.1245243 fsrq LSP 524.0887 0.7913452 0.17229111 1.3380517e-09 5.5880228e-11
J0809.6+3455 122.4215 34.9252 0.083 PowerLaw 4758.6816 9.842769e-15 1.8416556 9.989444e-15 1.8375418 0.0075979945 bll HSP 28.118858 0.558122 0.22659698 2.0259841e-10 3.024332e-11
J0809.8+5218 122.4617 52.3143 0.138 LogParabola 1341.7186 1.941368e-12 1.8806382 1.9882082e-12 1.8324074 0.023044547 BLL HSP 343.8443 0.4027235 0.088413216 3.8676613e-09 8.8068365e-11
J0811.4+0146 122.861 1.7756 1.148 LogParabola 1229.76 2.588616e-12 2.0945237 2.8753445e-12 2.020257 0.08751291 bll LSP 446.0305 0.49892974 0.109375626 3.864588e-09 1.0539715e-10
J0812.0+0237 123.0094 2.6285 0.172 PowerLaw 4269.775 2.7612957e-14 1.8818071 2.6037154e-14 1.917648 -0.029941292 bll "" 5.120796 0.0 10.0 4.726622e-10 4.83239e-11
J0812.5+0711 123.1443 7.1939 1.285 PowerLaw 847.22876 3.131109e-13 2.5854337 3.1355604e-13 2.5824313 0.0023787054 bcu LSP 24.311342 0.71685565 0.2869026 1.2861875e-10 2.7413335e-11
J0812.6+2821 123.1562 28.3574 0.490576 PowerLaw 3045.4546 1.7676627e-14 2.0624444 1.7468416e-14 2.0599144 -0.005162132 bcu HSP 24.501131 0.67595565 0.29126483 1.6421671e-10 2.926383e-11
J0812.9+5555 123.2454 55.9169 0.383 PowerLaw 2027.6754 4.904936e-14 2.2448814 4.8179674e-14 2.2505727 -0.009666308 bll HSP 21.607504 0.37190628 0.18804465 1.9204073e-10 2.6541254e-11
J0814.4+2941 123.6104 29.6857 1.08353 PowerLaw 4641.799 8.550502e-15 1.9467348 9.768033e-15 1.901866 0.08682943 bll HSP 4.4642506 0.0 10.0 1.7705527e-10 3.3583736e-11
J0814.6+6430 123.6654 64.505 0.239 LogParabola 955.21655 2.287203e-12 2.2187836 2.3888677e-12 2.1772573 0.03866031 bll LSP 144.61028 0.32658434 0.07552789 1.7406305e-09 5.8205465e-11
J0815.6+3641 123.9073 36.6954 1.028 PowerLaw 1629.0095 6.0382465e-14 2.321799 6.773396e-14 2.2952013 0.076721385 fsrq "" 1.6000643 0.0 10.0 1.4155932e-10 2.7932304e-11
J0815.9+2951 123.977 29.8627 0.336 PowerLaw 2721.2021 2.0519334e-14 2.126585 2.57538e-14 2.109588 0.1609569 bcu "" 12.083511 0.28699556 0.63989 1.5227311e-10 3.1998276e-11
J0816.1+4909 124.0255 49.1622 0.475 PowerLaw 2925.9543 2.3916844e-14 2.0394814 2.6074701e-14 1.9903454 0.056737915 bll ISP 11.986536 0.09915608 0.52625096 2.038354e-10 2.8849624e-11
J0816.9+2050 124.23 20.8499 0.058 LogParabola 2563.5361 4.7505535e-14 1.9209912 5.8590245e-14 1.7458152 0.15657234 bll ISP 10.831916 0.0 10.0 3.4305617e-10 4.1613518e-11
J0817.1+1955 124.2772 19.9282 0.138 PowerLaw 7474.453 2.3484192e-15 1.7285128 2.5684176e-15 1.7211413 0.043115377 bcu LSP 11.130955 0.0 10.0 1.00679284e-10 2.7787666e-11
J0818.4+2816 124.6076 28.2738 0.226 PowerLaw 2661.5369 3.4351004e-14 2.1084878 3.8971152e-14 2.052988 0.09279114 bll ISP 22.001596 0.60140985 0.23209667 2.4268793e-10 3.52843e-11
J0818.8+3229 124.705 32.4885 0.649787 PowerLaw 2789.846 1.562064e-14 2.2675223 1.8677602e-14 2.302961 0.1465807 fsrq LSP 18.612213 0.37076312 0.5278062 1.2588192e-10 3.443393e-11
J0819.0+2746 124.7636 27.7772 0.392929 LogParabola 1951.768 7.1465816e-14 2.1227365 8.850805e-14 1.9802405 0.19687353 bll LSP 9.511163 0.0 10.0 2.959774e-10 4.030895e-11
J0819.4-0756 124.8532 -7.9457 0.45 PowerLaw 6105.2437 6.5415702e-15 1.7945331 7.514439e-15 1.695803 0.083978616 bll HSP 4.5407605 0.0 10.0 2.0618438e-10 3.779441e-11
J0819.4+4035 124.854 40.5968 0.389 PowerLaw 3508.4873 1.0991535e-14 2.046688 1.3508156e-14 1.9057456 0.15373026 bll LSP 14.055662 0.20122556 0.6595731 1.3598793e-10 2.8581007e-11
J0820.3+3639 125.0892 36.6653 0.393 PowerLaw 1706.5155 1.3736988e-13 2.202425 1.4803064e-13 2.1757958 0.05107178 bll LSP 21.702997 0.28789854 0.13210078 3.6935074e-10 3.5817883e-11
J0820.9+2353 125.2255 23.89 0.402 PowerLaw 2554.6567 3.781307e-14 2.1176643 3.7168084e-14 2.126591 -0.00975177 bll ISP 15.716087 0.28325257 0.24882047 2.4518193e-10 3.3838075e-11
J0821.1+1007 125.2993 10.1287 0.9556 PowerLaw 1354.3849 1.0445185e-13 2.3776956 1.0139495e-13 2.382843 -0.016765565 bcu LSP 29.71422 0.80485326 0.2810489 1.5573658e-10 2.8164561e-11
J0823.1-6330 125.7954 -63.502 0.29 PowerLaw 7184.205 3.4023183e-15 1.8264962 3.8441832e-15 1.749666 0.0734174 bll "" 17.285227 0.3393673 0.60650504 1.4756901e-10 3.345667e-11
J0823.1+4042 125.7997 40.7077 0.8655 PowerLaw 1366.4509 1.5930493e-13 2.4642367 1.5309927e-13 2.4857988 -0.030245855 fsrq LSP 63.27955 1.0231643 0.26279363 2.3464383e-10 3.0465807e-11
J0823.3+2224 125.8443 22.4093 0.951 PowerLaw 1116.4769 3.0615056e-13 2.3753297 3.5082413e-13 2.329883 0.09619638 bll "" 17.344873 0.27796346 0.17440028 2.8877753e-10 3.5644758e-11
J0824.4+2440 126.1081 24.6709 1.242 PowerLaw 970.7324 8.224457e-13 2.480364 8.402642e-13 2.469712 0.019979885 fsrq LSP 217.07304 0.96936166 0.21592835 5.157471e-10 4.111838e-11
J0824.7+5552 126.1977 55.8816 1.417 PowerLaw 609.94586 2.9247267e-12 2.599026 3.0293847e-12 2.585304 0.02813755 fsrq LSP 103.46128 0.4912341 0.11569904 5.059657e-10 3.5047527e-11
J0824.9+3915 126.2361 39.2574 1.216 LogParabola 755.10803 1.6866392e-12 2.4222484 1.8602299e-12 2.3290567 0.106088355 fsrq LSP 28.736012 0.26592824 0.090004556 6.316652e-10 4.4371857e-11
J0825.8+0309 126.4567 3.1656 0.506 PowerLaw 1498.5464 3.3310794e-13 2.1696715 3.461464e-13 2.1436007 0.027571676 bll LSP 8.033392 0.0 10.0 6.819964e-10 4.6769068e-11
J0826.4-6404 126.6229 -64.0758 0.34 PowerLaw 6178.552 1.2093095e-14 1.7737168 1.2878691e-14 1.7393682 0.032241534 bll HSP 18.159845 0.32583317 0.15355337 3.8399078e-10 4.2193454e-11
J0827.8+5221 126.9611 52.3599 0.337622 PowerLaw 2274.471 2.773434e-14 2.2500792 2.590524e-14 2.2815745 -0.038981557 fsrq "" 15.268606 0.23258214 0.3537126 1.405519e-10 2.6295962e-11
J0828.3+4152 127.0877 41.879 0.001324 PowerLaw 7366.5645 1.808984e-15 1.8018152 2.0949359e-15 1.7270771 0.10208257 bll "" 9.041089 0.0 10.0 8.037238e-11 2.4550128e-11
J0829.0+1755 127.2747 17.9233 0.089442 LogParabola 2075.314 6.543198e-14 2.0814521 7.790988e-14 1.9951811 0.12567788 bll "" 14.136671 0.31977364 0.22806467 3.0548347e-10 4.146088e-11
J0829.4+0857 127.3535 8.9562 0.866 PowerLaw 2098.1545 5.5921308e-14 2.1243465 5.89148e-14 2.1067593 0.03196246 fsrq LSP 12.904543 0.1875079 0.34060535 2.387888e-10 3.3742332e-11
J0830.0+5231 127.5111 52.5307 0.205 PowerLaw 8385.231 2.4798554e-15 1.7400688 2.470716e-15 1.7337339 0.00067703513 bll HSP 12.094706 0.0 10.0 1.310863e-10 2.8146692e-11
J0830.8+2410 127.7015 24.1727 0.939 LogParabola 611.13696 6.326823e-12 2.491798 7.377326e-12 2.3727007 0.17843679 FSRQ LSP 1544.9812 1.7525561 0.37517235 1.2653782e-09 6.008353e-11
J0831.8+0429 127.9732 4.4941 0.174 LogParabola 597.51697 1.2706307e-11 2.2649548 1.3824732e-11 2.1658266 0.084765546 bll LSP 487.35156 0.4761032 0.10371934 3.2379457e-09 9.005931e-11
J0832.4+4912 128.1078 49.2127 0.548 PowerLaw 1091.7047 4.9018266e-13 2.31291 5.1461634e-13 2.283666 0.036952566 bll LSP 70.880066 0.5732038 0.14355913 4.5641785e-10 3.4568452e-11
J0833.0+3300 128.261 33.0138 0.670511 PowerLaw 6110.151 2.5415865e-15 1.7967836 3.10215e-15 1.7259632 0.10327905 bll "" 16.63455 0.0 10.0 8.0345966e-11 2.4371586e-11
