4LAC_variability_analysis/resulting_catalogs/df_4lac_luana_dr3.ecsv
# %ECSV 1.0
# ---
# datatype:
# - {name: Source_Name, datatype: string}
# - {name: SpectrumType, datatype: string}
# - {name: CLASS, datatype: string}
# - {name: SED_class, datatype: string}
# - {name: Variability_Index, datatype: float32}
# - {name: Frac_Variability, datatype: float32}
# - {name: Unc_Frac_Variability, datatype: float32}
# - {name: Spectrum_Flux_Estimated, datatype: float64}
# - {name: Bright_Ratio_x, datatype: float64}
# - {name: Norm_Excess_Var(3_days), datatype: float64}
# - {name: Unc_Norm_Excess_Var(3_days), datatype: float64}
# - {name: Frac_Variability(3_days), datatype: float64}
# - {name: Unc_Frac_Variability(3_days), datatype: float64}
# - {name: Bright_Ratio_y, datatype: float64}
# - {name: Norm_Excess_Var(weekly), datatype: float64}
# - {name: Unc_Norm_Excess_Var(weekly), datatype: float64}
# - {name: Frac_Variability(weekly), datatype: float64}
# - {name: Unc_Frac_Variability(weekly), datatype: float64}
# - {name: Bright_Ratio, datatype: float64}
# - {name: Norm_Excess_Var(monthly), datatype: float64}
# - {name: Unc_Norm_Excess_Var(monthly), datatype: float64}
# - {name: Frac_Variability(monthly), datatype: float64}
# - {name: Unc_Frac_Variability(monthly), datatype: float64}
# schema: astropy-2.0
Source_Name SpectrumType CLASS SED_class Variability_Index Frac_Variability Unc_Frac_Variability Spectrum_Flux_Estimated Bright_Ratio_x Norm_Excess_Var(3_days) Unc_Norm_Excess_Var(3_days) Frac_Variability(3_days) Unc_Frac_Variability(3_days) Bright_Ratio_y Norm_Excess_Var(weekly) Unc_Norm_Excess_Var(weekly) Frac_Variability(weekly) Unc_Frac_Variability(weekly) Bright_Ratio Norm_Excess_Var(monthly) Unc_Norm_Excess_Var(monthly) Frac_Variability(monthly) Unc_Frac_Variability(monthly)
[from data line 348]
J0200.6-6637 PowerLaw fsrq LSP 53.625526 0.52020544 0.14500447 1.0004514588765924e-08 "" "" "" "" "" "" "" "" "" "" "" "" "" "" ""
J0201.1+0036 PowerLaw bll HSP 24.240934 0.9315747 0.36616668 1.035364287742429e-09 "" "" "" "" "" "" "" "" "" "" "" "" "" "" ""
J0201.1-4347 LogParabola bcu "" 11.19749 0.0 10.0 8.4199206645783e-11 "" "" "" "" "" "" "" "" "" "" "" "" "" "" ""
J0202.1+3939 LogParabola fsrq LSP 36.682507 0.94384855 0.27915266 1.263097895186321e-09 "" "" "" "" "" "" "" "" "" "" "" "" "" "" ""
J0202.3-0605 PowerLaw bcu LSP 5.766216 0.0 10.0 1.5948637532645898e-09 "" "" "" "" "" "" "" "" "" "" "" "" "" "" ""
J0202.4+0849 LogParabola bcu HSP 8.979293 0.0 10.0 3.0397105911931254e-10 "" "" "" "" "" "" "" "" "" "" "" "" "" "" ""
J0202.6-0258 PowerLaw fsrq LSP 52.777817 0.66647875 0.18054765 5.7266261813959476e-09 "" "" "" "" "" "" "" "" "" "" "" "" "" "" ""
J0202.7+4204 PowerLaw bll LSP 38.51214 0.6543083 0.19744043 3.2849342874599823e-09 "" "" "" "" "" "" "" "" "" "" "" "" "" "" ""
J0202.9-0225 PowerLaw bcu HSP 15.941787 0.20535089 0.47712713 1.4093122004215466e-09 "" "" "" "" "" "" "" "" "" "" "" "" "" "" ""
J0203.6+7233 PowerLaw bll LSP 31.071226 0.51349413 0.16354096 1.0054241797971399e-08 "" "" "" "" "" "" "" "" "" "" "" "" "" "" ""
J0203.7+3042 LogParabola bll LSP 871.1923 1.0701646 0.23035291 2.5286186944844324e-08 "" "" "" "" "" "" "" "" "" "" "" "" "" "" ""
J0203.9+5411 PowerLaw bcu LSP 21.507105 0.34456497 0.34078744 1.9749046069141687e-09 "" "" "" "" "" "" "" "" "" "" "" "" "" "" ""
J0204.0-3334 PowerLaw bll "" 14.709603 0.24482693 0.51034844 9.310907586147992e-10 "" "" "" "" "" "" "" "" "" "" "" "" "" "" ""
J0204.1-2919 LogParabola bcu LSP 17.885368 0.49079543 0.57343066 1.3711529755384184e-10 "" "" "" "" "" "" "" "" "" "" "" "" "" "" ""
J0204.3-3140 PowerLaw bcu HSP 8.041513 0.0 10.0 1.98983646951556e-09 "" "" "" "" "" "" "" "" "" "" "" "" "" "" ""
J0204.3+2417 PowerLaw bll "" 22.0841 0.8549305 0.53387827 1.0488217159770128e-09 "" "" "" "" "" "" "" "" "" "" "" "" "" "" ""
J0204.8+1513 LogParabola bcu LSP 119.74953 0.5740779 0.13476118 1.469980252890905e-08 "" "" "" "" "" "" "" "" "" "" "" "" "" "" ""
J0205.0-1700 LogParabola fsrq LSP 285.9794 0.5228874 0.115864284 3.808045354112776e-08 "" "" "" "" "" "" "" "" "" "" 0.3925925925925926 3.0573174721144714 0.013859349558717786 1.7485186507768429 0.0269522848234198
J0205.2+3212 LogParabola fsrq LSP 541.8589 0.8032445 0.17468774 3.524659983653884e-08 "" "" "" "" "" "" "" "" "" "" 0.9583333333333334 1.5141643557637934 0.07914072691339105 1.2305138584200477 0.07123894671786778
J0206.0-0958 PowerLaw fsrq "" 14.445698 0.0 10.0 6.466469220371079e-10 "" "" "" "" "" "" "" "" "" "" "" "" "" "" ""
J0206.4-1151 LogParabola fsrq LSP 259.51135 0.6850125 0.15236747 2.201291910234686e-08 "" "" "" "" "" "" "" "" "" "" "" "" "" "" ""
J0206.4+3829 PowerLaw bcu "" 14.17113 0.14142182 1.2759315 8.62467481767652e-10 "" "" "" "" "" "" "" "" "" "" "" "" "" "" ""
J0206.8-5744 PowerLaw bcu ISP 29.516073 0.5709837 0.20490229 1.6990837708562584e-09 "" "" "" "" "" "" "" "" "" "" "" "" "" "" ""
J0207.4-3855 PowerLaw bll LSP 6.5514603 0.0 10.0 4.350839740286998e-09 "" "" "" "" "" "" "" "" "" "" "" "" "" "" ""
J0207.5-1049 PowerLaw bcu "" 16.483654 0.17336945 0.47717407 2.467701806289981e-09 "" "" "" "" "" "" "" "" "" "" "" "" "" "" ""
J0207.5-2402 PowerLaw bcu "" 52.64725 0.5049081 0.14060423 5.100228864177243e-09 "" "" "" "" "" "" "" "" "" "" "" "" "" "" ""
J0207.9+2203 PowerLaw bcu ISP 8.573555 0.0 10.0 2.8256032593607845e-09 "" "" "" "" "" "" "" "" "" "" "" "" "" "" ""
J0207.9+0953 PowerLaw bcu LSP 23.790802 0.6411275 0.30036205 2.7185905572359787e-09 "" "" "" "" "" "" "" "" "" "" "" "" "" "" ""
J0208.3-6838 PowerLaw bll LSP 17.888418 0.17858462 0.16453423 4.453566481770227e-09 "" "" "" "" "" "" "" "" "" "" "" "" "" "" ""
J0208.5-0046 PowerLaw bll LSP 9.493491 0.0 10.0 3.4900484477545945e-09 "" "" "" "" "" "" "" "" "" "" "" "" "" "" ""
J0208.6+3523 PowerLaw bll HSP 11.885189 0.0 10.0 1.3343674106922408e-09 "" "" "" "" "" "" "" "" "" "" "" "" "" "" ""
J0209.3+4449 PowerLaw bll HSP 23.60499 0.37151977 0.16020769 2.081487570983756e-09 "" "" "" "" "" "" "" "" "" "" "" "" "" "" ""
J0209.3-5228 LogParabola bll HSP 140.85785 0.3909652 0.09001382 1.2353286633041925e-08 "" "" "" "" "" 0.9256594724220624 -1.0373043630423278 0.11978716174578984 0.0 0.1 0.16049382716049382 0.14806233724807605 0.028711727185907962 0.384788691684249 0.053194241942618105
J0209.7+6437 LogParabola bcu "" 93.77856 1.9611248 0.46187133 3.3783770037048985e-09 "" "" "" "" "" "" "" "" "" "" "" "" "" "" ""
J0209.9+7229 LogParabola bll LSP 149.48077 1.2211413 0.2764597 3.2148755843030425e-09 "" "" "" "" "" "" "" "" "" "" "" "" "" "" ""
J0210.1+2518 PowerLaw bcu ISP 10.333614 0.0 10.0 1.604071414123349e-09 "" "" "" "" "" "" "" "" "" "" "" "" "" "" ""
J0210.5-1445 PowerLaw bcu LSP 12.867821 0.0 10.0 1.3367957304557281e-09 "" "" "" "" "" "" "" "" "" "" "" "" "" "" ""
J0210.7-5101 LogParabola FSRQ LSP 11604.488 1.0616913 0.22650349 1.7837935236406952e-07 0.5409429280397022 1.934002466236736 0.009566573607461737 1.3906841719947545 0.012978832013970265 0.24922118380062305 1.8169604060596676 0.004924650287497903 1.3479467371004195 0.011230933511398542 0.016216216216216217 1.5869298467273338 0.0010202242474803285 1.2597340380919038 0.007245535717966367
J0211.1-0646 PowerLaw bll HSP 23.123238 0.49513903 0.22749116 2.0472767214209696e-09 "" "" "" "" "" "" "" "" "" "" "" "" "" "" ""
J0211.2+1051 LogParabola BLL ISP 577.5538 0.40740427 0.08857102 6.253728509619927e-08 0.7757805108798487 -0.03899511505966604 0.0461379622549387 0.0 0.1 0.29213483146067415 0.42081580903608024 0.01866575914144128 0.6487031748312014 0.02589605002789428 0.021739130434782608 0.3380345183460607 0.0042606237052517 0.5814073600721449 0.01522402887302884
J0212.2-2559 PowerLaw bcu ISP 11.981438 0.12826948 0.69148195 1.507663732958652e-09 "" "" "" "" "" "" "" "" "" "" "" "" "" "" ""
J0212.2-0219 PowerLaw bll ISP 23.687151 0.53103316 0.22794586 2.4609073127405248e-09 "" "" "" "" "" "" "" "" "" "" "" "" "" "" ""
J0212.4-3502 PowerLaw bll ISP 19.118269 0.32637298 0.15420142 3.4497524444337014e-09 "" "" "" "" "" "" "" "" "" "" "" "" "" "" ""
J0212.8-2721 PowerLaw bcu LSP 17.086962 0.36720982 0.21637306 2.8096999072080112e-09 "" "" "" "" "" "" "" "" "" "" "" "" "" "" ""
J0212.9+2244 LogParabola bll ISP 55.22591 0.54918224 0.14744422 3.589878739810294e-09 "" "" "" "" "" "" "" "" "" "" "" "" "" "" ""
J0213.8-6949 PowerLaw bcu "" 29.47171 0.77464443 0.30303398 5.141864667227979e-10 "" "" "" "" "" "" "" "" "" "" "" "" "" "" ""
J0214.1-4733 PowerLaw bll HSP 10.395936 0.0 10.0 6.858854195505678e-10 "" "" "" "" "" "" "" "" "" "" "" "" "" "" ""
J0214.2-7025 PowerLaw bcu LSP 28.588072 0.39305556 0.14050004 6.769120812179223e-09 "" "" "" "" "" "" "" "" "" "" "" "" "" "" ""
J0214.3+5145 PowerLaw bll HSP 12.469931 0.08041493 0.27453798 3.258871036663255e-09 "" "" "" "" "" "" "" "" "" "" "" "" "" "" ""
J0214.4-5822 PowerLaw bcu "" 26.507223 0.9385087 0.34243992 1.262810318008879e-09 "" "" "" "" "" "" "" "" "" "" "" "" "" "" ""
J0214.6-4333 PowerLaw bcu "" 8.510466 0.0 10.0 1.8334652299871064e-10 "" "" "" "" "" "" "" "" "" "" "" "" "" "" ""
J0214.8-6150 PowerLaw bcu LSP 3.8724377 0.0 10.0 2.694285194983175e-09 "" "" "" "" "" "" "" "" "" "" "" "" "" "" ""
J0214.9-3722 PowerLaw bcu HSP 17.471848 0.29005715 0.22817935 4.2249132089835705e-09 "" "" "" "" "" "" "" "" "" "" "" "" "" "" ""
J0215.2-1619 PowerLaw bll "" 5.910646 0.0 10.0 7.473827540681894e-10 "" "" "" "" "" "" "" "" "" "" "" "" "" "" ""
J0215.3+7555 PowerLaw bcu HSP 14.339763 0.0 10.0 6.077599168207091e-10 "" "" "" "" "" "" "" "" "" "" "" "" "" "" ""
J0215.9+0521 PowerLaw bcu LSP 7.3732944 0.0 10.0 3.183377252306216e-09 "" "" "" "" "" "" "" "" "" "" "" "" "" "" ""
J0215.9+0300 PowerLaw bcu HSP 21.932306 0.39635167 0.17286342 3.050621356556028e-09 "" "" "" "" "" "" "" "" "" "" "" "" "" "" ""
J0216.5+2313 PowerLaw bll HSP 14.380115 0.16128175 0.3322776 1.6660857806737202e-09 "" "" "" "" "" "" "" "" "" "" "" "" "" "" ""
J0216.6-1015 LogParabola bcu LSP 165.23253 0.961184 0.21829994 5.9189897371194925e-09 "" "" "" "" "" "" "" "" "" "" "" "" "" "" ""
J0216.8-6635 LogParabola bll HSP 34.725998 0.2749044 0.08939966 3.4007255292698173e-09 "" "" "" "" "" "" "" "" "" "" "" "" "" "" ""
J0216.8+0510 LogParabola bcu ISP 11.396786 0.0 10.0 6.809489291293664e-11 "" "" "" "" "" "" "" "" "" "" "" "" "" "" ""
J0217.0-0821 LogParabola fsrq LSP 7.9826713 0.0 10.0 6.6118622382242955e-09 "" "" "" "" "" "" "" "" "" "" "" "" "" "" ""
J0217.2+0837 LogParabola bll LSP 89.34986 0.29613182 0.07249198 2.8582274064234445e-08 "" "" "" "" "" "" "" "" "" "" 0.20512820512820512 0.39800958483492843 0.03017094984869571 0.6308800082701372 0.04591693166542127
J0217.4+7352 LogParabola fsrq LSP 68.15894 0.44440037 0.11275711 2.9691228102580707e-08 "" "" "" "" "" "" "" "" "" "" 0.8076923076923077 -0.14537296669982416 0.13612686242224134 0.0 0.1
J0217.8+0144 LogParabola fsrq LSP 548.079 0.5357675 0.11643792 4.290219373467294e-08 "" "" "" "" "" 0.6820083682008368 0.6663257453613018 0.03544755845602663 0.8162877834203461 0.03676889014146836 0.16049382716049382 0.7111345253556017 0.008217314284501499 0.8432879255364693 0.021092424460624978
J0218.7+2640 LogParabola bcu "" 8.370906 0.0 10.0 4.3798621854284916e-11 "" "" "" "" "" "" "" "" "" "" "" "" "" "" ""
J0218.9-2305 PowerLaw bcu ISP 161.31635 1.0956973 0.24935617 1.0493673389509976e-08 "" "" "" "" "" "" "" "" "" "" "" "" "" "" ""
J0218.9+3643 LogParabola bcu "" 175.95999 0.93204397 0.21283296 1.2760087069249618e-08 "" "" "" "" "" "" "" "" "" "" "" "" "" "" ""
J0219.0+2443 PowerLaw bll HSP 13.900582 0.17277744 0.2446782 2.617612517800059e-09 "" "" "" "" "" "" "" "" "" "" "" "" "" "" ""
J0219.1-1724 PowerLaw bll HSP 18.750282 0.4822684 0.21095997 2.523546617237752e-09 "" "" "" "" "" "" "" "" "" "" "" "" "" "" ""
J0219.5+0724 PowerLaw bll LSP 20.165115 0.45659575 0.44647232 2.437298515146624e-09 "" "" "" "" "" "" "" "" "" "" "" "" "" "" ""
J0220.2+3246 PowerLaw fsrq LSP 17.291954 0.3867491 0.21969976 6.259519465651297e-09 "" "" "" "" "" "" "" "" "" "" "" "" "" "" ""
J0220.8-0841 LogParabola bll HSP 14.462022 0.0 10.0 1.1860673601331003e-10 "" "" "" "" "" "" "" "" "" "" "" "" "" "" ""
J0221.1+3556 LogParabola FSRQ LSP 3546.609 0.9360773 0.19993097 1.2628953978740143e-07 0.6684539767649688 5.011530707432913 0.021767285705679408 2.238644837269394 0.019483968197475197 0.22103658536585366 3.9329403722211675 0.00975469902836002 1.9831642322866676 0.01579357760494403 0.0053475935828877 3.2846609940304603 0.0026022472659894065 1.8123633725140387 0.011575825711288021
J0221.2-1312 PowerLaw bcu LSP 14.721692 0.3632454 0.3140902 3.4132464000948835e-09 "" "" "" "" "" "" "" "" "" "" "" "" "" "" ""
J0221.5+2513 LogParabola bll ISP 27.924192 0.6135998 0.27431488 3.968678889971016e-10 "" "" "" "" "" "" "" "" "" "" "" "" "" "" ""
J0221.8+3730 PowerLaw bcu LSP 16.132252 0.42111576 0.36810097 3.009548209810502e-09 "" "" "" "" "" "" "" "" "" "" "" "" "" "" ""
J0222.0-1616 PowerLaw fsrq LSP 237.51907 1.117042 0.24702404 1.5047124218323396e-08 "" "" "" "" "" "" "" "" "" "" "" "" "" "" ""
J0222.6+4302 LogParabola BLL ISP 1444.4158 0.43359333 0.09308504 1.0197120880925802e-07 0.22346002621231978 0.46756406945755524 0.01011861245742476 0.6837865671812772 0.014837070086368953 0.07506702412868632 0.4824310847932253 0.00468176562435558 0.6945725914497528 0.011316630503567968 0.0053475935828877 0.37584059526785424 0.0017636061782982577 0.6130583946638805 0.009618053431307215
J0223.0-3447 PowerLaw fsrq LSP 7.7934165 0.0 10.0 3.068751543045509e-09 "" "" "" "" "" "" "" "" "" "" "" "" "" "" ""
J0223.0+6821 PowerLaw bll HSP 17.409811 0.25136244 0.15662347 5.24135416186851e-09 "" "" "" "" "" "" "" "" "" "" "" "" "" "" ""
J0223.1-1117 LogParabola bll HSP 20.430798 0.36955953 0.21653374 7.67892977201118e-10 "" "" "" "" "" "" "" "" "" "" "" "" "" "" ""
J0223.2-1653 LogParabola fsrq LSP 24.676046 0.55008197 0.2593851 4.689245430362906e-09 "" "" "" "" "" "" "" "" "" "" "" "" "" "" ""
J0223.5+5415 LogParabola bcu "" 17.16804 0.30919886 0.5628082 1.6337077423771048e-10 "" "" "" "" "" "" "" "" "" "" "" "" "" "" ""
J0223.5+3912 LogParabola bcu LSP 19.8028 0.3399716 0.18683827 1.8578973671663706e-09 "" "" "" "" "" "" "" "" "" "" "" "" "" "" ""
J0223.5-0928 LogParabola bcu "" 28.351343 0.48654348 0.16805613 3.746652350962428e-09 "" "" "" "" "" "" "" "" "" "" "" "" "" "" ""
J0224.0-7941 PowerLaw bll LSP 21.848967 0.36170235 0.1705639 4.613974097444353e-09 "" "" "" "" "" "" "" "" "" "" "" "" "" "" ""
J0224.0-1850 LogParabola bcu ISP 12.821211 0.0 10.0 3.2554633951881137e-10 "" "" "" "" "" "" "" "" "" "" "" "" "" "" ""
J0224.2+0700 PowerLaw fsrq LSP 29.637367 0.6112043 0.20698896 5.595431242296152e-09 "" "" "" "" "" "" "" "" "" "" "" "" "" "" ""
J0224.2+1616 PowerLaw bcu ISP 12.608854 0.0 10.0 3.055237579282276e-09 "" "" "" "" "" "" "" "" "" "" "" "" "" "" ""
J0224.9+1843 LogParabola fsrq LSP 69.76959 1.1024871 0.27629557 1.0910748128301311e-08 "" "" "" "" "" "" "" "" "" "" "" "" "" "" ""
J0225.1-2604 LogParabola bcu LSP 164.56895 0.5652544 0.12917997 1.830295888275133e-08 "" "" "" "" "" "" "" "" "" "" "" "" "" "" ""
J0225.5-5618 PowerLaw bcu "" 4.9354973 0.0 10.0 2.98041098089621e-10 "" "" "" "" "" "" "" "" "" "" "" "" "" "" ""
J0225.6-4502 PowerLaw bcu LSP 34.86749 0.68808967 0.20785075 4.167306920420007e-09 "" "" "" "" "" "" "" "" "" "" "" "" "" "" ""
J0225.8+1310 PowerLaw bcu "" 23.290586 0.481674 0.1868221 4.096192399656373e-09 "" "" "" "" "" "" "" "" "" "" "" "" "" "" ""
J0226.3-1845 LogParabola bcu LSP 35.31708 0.8222264 0.2469296 2.1355458053712837e-09 "" "" "" "" "" "" "" "" "" "" "" "" "" "" ""
J0226.5+0938 PowerLaw fsrq LSP 79.53767 1.224632 0.31009024 3.389243896595033e-09 "" "" "" "" "" "" "" "" "" "" "" "" "" "" ""
J0226.5-4441 PowerLaw bll HSP 29.50971 0.54264635 0.18495063 2.5128886949305363e-09 "" "" "" "" "" "" "" "" "" "" "" "" "" "" ""
J0226.6-0553 PowerLaw bcu "" 28.226614 0.42751116 0.16265321 3.773380405068857e-09 "" "" "" "" "" "" "" "" "" "" "" "" "" "" ""
J0226.7+2312 PowerLaw bcu ISP 12.337033 0.0 10.0 2.065002778718256e-09 "" "" "" "" "" "" "" "" "" "" "" "" "" "" ""
J0227.0-1739 PowerLaw bcu "" 7.7731004 0.0 10.0 3.818315398138745e-09 "" "" "" "" "" "" "" "" "" "" "" "" "" "" ""
J0227.2+3928 PowerLaw fsrq LSP 33.8011 0.6133168 0.18748173 7.51740502432124e-09 "" "" "" "" "" "" "" "" "" "" "" "" "" "" ""
J0227.3+0201 PowerLaw bll "" 15.505144 0.16937993 0.11209162 5.216952520135164e-09 "" "" "" "" "" "" "" "" "" "" "" "" "" "" ""
J0227.8+2246 PowerLaw bcu LSP 59.564285 1.253265 0.32270747 4.027126641046236e-09 "" "" "" "" "" "" "" "" "" "" "" "" "" "" ""
J0228.0-3026 PowerLaw fsrq LSP 38.831635 0.8205879 0.23627901 3.461629606130617e-09 "" "" "" "" "" "" "" "" "" "" "" "" "" "" ""
J0228.1+8208 LogParabola bcu "" 31.461464 0.95224595 0.3246892 1.6873483527299044e-10 "" "" "" "" "" "" "" "" "" "" "" "" "" "" ""
J0228.2-3102 PowerLaw bcu LSP 7.723166 0.0 10.0 1.3531738929620698e-09 "" "" "" "" "" "" "" "" "" "" "" "" "" "" ""
J0228.3-5547 LogParabola fsrq LSP 2371.9336 1.002751 0.2145076 5.22595282699181e-08 "" "" "" "" "" "" "" "" "" "" 0.42424242424242425 1.9556534953754368 0.008755617090257375 1.398446815354605 0.02141955178048506
J0228.5-2234 PowerLaw bcu LSP 14.107843 0.28168893 0.5089865 1.968005028560771e-09 "" "" "" "" "" "" "" "" "" "" "" "" "" "" ""
J0228.7+6718 LogParabola fsrq LSP 44.151974 0.5053562 0.14182816 1.566324949165848e-08 "" "" "" "" "" "" "" "" "" "" "" "" "" "" ""
J0229.5-3644 LogParabola fsrq LSP 303.8079 0.67785543 0.14966527 2.4323205118254403e-08 "" "" "" "" "" "" "" "" "" "" "" "" "" "" ""
J0230.0-5236 PowerLaw bcu HSP 15.873522 0.26555133 0.39618737 1.7785426779966268e-09 "" "" "" "" "" "" "" "" "" "" "" "" "" "" ""
