4LAC_variability_analysis/resulting_catalogs/df_4lac_luana_dr3.ecsv
# %ECSV 1.0
# ---
# datatype:
# - {name: Source_Name, datatype: string}
# - {name: SpectrumType, datatype: string}
# - {name: CLASS, datatype: string}
# - {name: SED_class, datatype: string}
# - {name: Variability_Index, datatype: float32}
# - {name: Frac_Variability, datatype: float32}
# - {name: Unc_Frac_Variability, datatype: float32}
# - {name: Spectrum_Flux_Estimated, datatype: float64}
# - {name: Bright_Ratio_x, datatype: float64}
# - {name: Norm_Excess_Var(3_days), datatype: float64}
# - {name: Unc_Norm_Excess_Var(3_days), datatype: float64}
# - {name: Frac_Variability(3_days), datatype: float64}
# - {name: Unc_Frac_Variability(3_days), datatype: float64}
# - {name: Bright_Ratio_y, datatype: float64}
# - {name: Norm_Excess_Var(weekly), datatype: float64}
# - {name: Unc_Norm_Excess_Var(weekly), datatype: float64}
# - {name: Frac_Variability(weekly), datatype: float64}
# - {name: Unc_Frac_Variability(weekly), datatype: float64}
# - {name: Bright_Ratio, datatype: float64}
# - {name: Norm_Excess_Var(monthly), datatype: float64}
# - {name: Unc_Norm_Excess_Var(monthly), datatype: float64}
# - {name: Frac_Variability(monthly), datatype: float64}
# - {name: Unc_Frac_Variability(monthly), datatype: float64}
# schema: astropy-2.0
Source_Name SpectrumType CLASS SED_class Variability_Index Frac_Variability Unc_Frac_Variability Spectrum_Flux_Estimated Bright_Ratio_x Norm_Excess_Var(3_days) Unc_Norm_Excess_Var(3_days) Frac_Variability(3_days) Unc_Frac_Variability(3_days) Bright_Ratio_y Norm_Excess_Var(weekly) Unc_Norm_Excess_Var(weekly) Frac_Variability(weekly) Unc_Frac_Variability(weekly) Bright_Ratio Norm_Excess_Var(monthly) Unc_Norm_Excess_Var(monthly) Frac_Variability(monthly) Unc_Frac_Variability(monthly)
[from data line 2860]
J1711.6-5027 PowerLaw bcu LSP 18.276997 0.2594814 0.13945483 2.1666971248957908e-08 "" "" "" "" "" "" "" "" "" "" "" "" "" "" ""
J1712.5-3142 LogParabola bcu "" 7.5383277 0.0 10.0 1.011852572362789e-08 "" "" "" "" "" "" "" "" "" "" "" "" "" "" ""
J1712.7+2932 PowerLaw bll HSP 4.72088 0.0 10.0 2.2056310822103914e-09 "" "" "" "" "" "" "" "" "" "" "" "" "" "" ""
J1713.7+8844 PowerLaw bcu ISP 9.445095 0.0 10.0 6.748985638346299e-10 "" "" "" "" "" "" "" "" "" "" "" "" "" "" ""
J1714.0-2029 PowerLaw bcu HSP 28.12355 0.59405756 0.26284426 1.0109771577675925e-09 "" "" "" "" "" "" "" "" "" "" "" "" "" "" ""
J1715.0+2616 PowerLaw bcu "" 14.401173 0.27621877 0.90118444 2.4674835620781717e-09 "" "" "" "" "" "" "" "" "" "" "" "" "" "" ""
J1715.4-4025 LogParabola bcu LSP 27.245426 0.60269105 0.21933652 3.4744196187261047e-09 "" "" "" "" "" "" "" "" "" "" "" "" "" "" ""
J1715.8+2151 PowerLaw fsrq LSP 9.217669 0.0 10.0 2.2329105633730063e-09 "" "" "" "" "" "" "" "" "" "" "" "" "" "" ""
J1716.1+6836 PowerLaw fsrq "" 105.13804 0.56745565 0.13379154 1.2445961477886046e-08 "" "" "" "" "" "" "" "" "" "" "" "" "" "" ""
J1716.3-3421 LogParabola bcu "" 13.389527 0.21722716 0.2495078 7.595558103885655e-09 "" "" "" "" "" "" "" "" "" "" "" "" "" "" ""
J1716.6-6707 PowerLaw bcu "" 11.67596 0.0 10.0 1.6819421932088471e-09 "" "" "" "" "" "" "" "" "" "" "" "" "" "" ""
J1717.3-6045 LogParabola bcu LSP 11.059547 0.0 10.0 1.645005647439148e-09 "" "" "" "" "" "" "" "" "" "" "" "" "" "" ""
J1717.5-8114 PowerLaw bll LSP 13.638195 0.27288505 0.25226894 2.785059204958006e-09 "" "" "" "" "" "" "" "" "" "" "" "" "" "" ""
J1717.5-3342 LogParabola bll LSP 227.50696 0.90964574 0.20272699 4.90344749870959e-08 "" "" "" "" "" "" "" "" "" "" "" "" "" "" ""
J1717.6-5154 LogParabola fsrq LSP 253.27126 1.7560139 0.38712543 1.1559202810410437e-08 "" "" "" "" "" "" "" "" "" "" "" "" "" "" ""
J1718.0-3055 LogParabola bcu "" 11.98349 0.1535496 0.26509956 3.889612588894186e-09 "" "" "" "" "" "" "" "" "" "" "" "" "" "" ""
J1719.2+1745 LogParabola bll LSP 1395.2075 1.7758178 0.38033265 1.4814627126358712e-08 "" "" "" "" "" "" "" "" "" "" "" "" "" "" ""
J1719.3+1205 PowerLaw bcu ISP 16.939806 0.25583833 0.26812717 1.997419895895449e-09 "" "" "" "" "" "" "" "" "" "" "" "" "" "" ""
J1720.0-5101 LogParabola bcu "" 10.025045 0.0 10.0 9.26531753096325e-09 "" "" "" "" "" "" "" "" "" "" "" "" "" "" ""
J1720.2+3824 PowerLaw bcu LSP 10.112507 0.0 10.0 4.657058344588223e-09 "" "" "" "" "" "" "" "" "" "" "" "" "" "" ""
J1722.6+6104 LogParabola fsrq LSP 63.871517 0.8364931 0.21249974 6.8355405255624575e-09 "" "" "" "" "" "" "" "" "" "" "" "" "" "" ""
J1722.7+1014 LogParabola fsrq LSP 121.36121 0.59050226 0.13615428 1.5918552021147754e-08 "" "" "" "" "" "" "" "" "" "" 0.9081632653061225 -0.03892241343270853 0.17682316528700176 0.0 0.1
J1723.6-7714 LogParabola bcu LSP 943.7254 0.8640727 0.18600476 3.703184694628749e-08 "" "" "" "" "" "" "" "" "" "" 0.36231884057971014 1.2582767750917436 0.024591766003681775 1.1217293680258815 0.037144028357821074
J1724.1+3304 PowerLaw fsrq LSP 13.9594755 0.35734728 0.34458202 1.7721272339575882e-09 "" "" "" "" "" "" "" "" "" "" "" "" "" "" ""
J1724.2+4005 LogParabola fsrq LSP 421.28473 1.0270233 0.22384277 1.5842511818958147e-08 "" "" "" "" "" "" "" "" "" "" "" "" "" "" ""
J1724.2-6501 PowerLaw rdg LSP 6.2747655 0.0 10.0 5.349968954463055e-09 "" "" "" "" "" "" "" "" "" "" "" "" "" "" ""
J1724.9+7654 PowerLaw fsrq LSP 66.5992 0.69809806 0.18012299 6.841443566001649e-09 "" "" "" "" "" "" "" "" "" "" "" "" "" "" ""
J1725.0+1152 LogParabola bll HSP 37.120796 0.15504327 0.045627125 1.87111480210183e-08 "" "" "" "" "" 0.6611570247933884 -0.7106311238197551 0.08573165663226195 0.0 0.1 0.05056179775280899 0.07242666285705389 0.015819404806955328 0.2691220222446574 0.040675957690470464
J1725.4+5254 PowerLaw bcu "" 15.198459 0.0 10.0 9.62386958887846e-10 "" "" "" "" "" "" "" "" "" "" "" "" "" "" ""
J1725.5+5851 PowerLaw bll ISP 61.691986 0.5045322 0.1293356 5.9310848155917946e-09 "" "" "" "" "" "" "" "" "" "" "" "" "" "" ""
J1727.2+0644 LogParabola bcu "" 19.95069 0.61619526 0.3124317 2.346761931589834e-09 "" "" "" "" "" "" "" "" "" "" "" "" "" "" ""
J1727.4+4530 LogParabola fsrq LSP 685.2486 0.55945164 0.1210843 4.688372183466363e-08 "" "" "" "" "" 0.5141776937618148 1.1094223609350444 0.022329330832754655 1.0532912042427034 0.025866380375173203 0.08045977011494253 0.7869456176313895 0.0058821040997515716 0.8870995533937494 0.017679370144153696
J1727.9-0654 LogParabola bcu "" 13.00708 0.22245061 0.3527302 6.8251965912066455e-09 "" "" "" "" "" "" "" "" "" "" "" "" "" "" ""
J1728.0+1216 LogParabola fsrq LSP 88.51435 0.6130739 0.15047292 1.8411944726794564e-08 "" "" "" "" "" "" "" "" "" "" "" "" "" "" ""
J1728.3+5013 PowerLaw bll HSP 198.58339 0.50673234 0.1136946 1.0237436590466834e-08 "" "" "" "" "" "" "" "" "" "" 0.15337423312883436 0.28704333524296 0.030121992200978095 0.535764253420252 0.04815525624623877
J1728.4+0427 LogParabola fsrq LSP 75.71933 0.46647444 0.120620884 2.052568084930089e-08 "" "" "" "" "" "" "" "" "" "" "" "" "" "" ""
J1728.5-7303 PowerLaw bcu "" 58.812992 0.7331492 0.19207829 1.0840331685356894e-08 "" "" "" "" "" "" "" "" "" "" "" "" "" "" ""
J1728.6-7448 LogParabola bcu "" 42.019558 0.7338518 0.20745008 4.508316791924428e-09 "" "" "" "" "" "" "" "" "" "" "" "" "" "" ""
J1730.6+0024 LogParabola fsrq LSP 391.32 1.1992202 0.26190487 1.2122114191882628e-08 "" "" "" "" "" "" "" "" "" "" "" "" "" "" ""
J1730.6+3805 PowerLaw bcu "" 11.842814 0.0 10.0 1.1955575304427235e-09 "" "" "" "" "" "" "" "" "" "" "" "" "" "" ""
J1730.8+3715 LogParabola bll ISP 28.278278 0.5085334 0.16707715 1.442022151428302e-09 "" "" "" "" "" "" "" "" "" "" "" "" "" "" ""
J1731.6-3002 LogParabola bll "" 20.960192 0.2769651 0.12265657 9.560422455241735e-09 "" "" "" "" "" "" "" "" "" "" "" "" "" "" ""
J1731.9-2719 PowerLaw bcu "" 10.600814 0.07276613 0.70950514 2.1187734624432856e-08 "" "" "" "" "" "" "" "" "" "" "" "" "" "" ""
J1733.0-1305 LogParabola FSRQ LSP 1106.7451 0.81917524 0.17609413 8.816803418266071e-08 "" "" "" "" "" "" "" "" "" "" 0.39552238805970147 1.3590196159705874 0.019879472295919833 1.1657699670048922 0.03307544371757373
J1733.4+1521 LogParabola bcu LSP 33.42966 0.9890253 0.30930477 3.854765065367259e-09 "" "" "" "" "" "" "" "" "" "" "" "" "" "" ""
J1733.4-3943 PowerLaw bcu "" 15.504179 0.2642005 0.19974665 1.355445617157024e-08 "" "" "" "" "" "" "" "" "" "" "" "" "" "" ""
J1733.4+5428 LogParabola bll ISP 9.862088 0.0 10.0 6.853606491719602e-09 "" "" "" "" "" "" "" "" "" "" "" "" "" "" ""
J1733.6-6054 PowerLaw bcu LSP 44.95513 0.81016415 0.22409238 6.8041419596029935e-09 "" "" "" "" "" "" "" "" "" "" "" "" "" "" ""
J1734.0+0805 LogParabola bcu "" 17.450575 0.43875012 0.23921494 5.786080040772407e-09 "" "" "" "" "" "" "" "" "" "" "" "" "" "" ""
J1734.3+3858 LogParabola fsrq LSP 1370.9286 0.80035585 0.17178711 4.92264845592345e-08 "" "" "" "" "" "" "" "" "" "" 0.296551724137931 2.0200787587956004 0.012879363052236924 1.421294747332727 0.02609399378468934
J1735.0-0132 PowerLaw bcu "" 4.7381506 0.0 10.0 8.402141078832849e-10 "" "" "" "" "" "" "" "" "" "" "" "" "" "" ""
J1735.4-1118 PowerLaw bcu "" 9.391683 0.0 10.0 4.130552836664688e-09 "" "" "" "" "" "" "" "" "" "" "" "" "" "" ""
J1735.8-5932 PowerLaw bcu LSP 9.630029 0.0 10.0 3.3501035687482795e-09 "" "" "" "" "" "" "" "" "" "" "" "" "" "" ""
J1736.0+2033 LogParabola bll HSP 49.10633 0.6509289 0.17431903 1.6596196721235613e-09 "" "" "" "" "" "" "" "" "" "" "" "" "" "" ""
J1736.6+0628 PowerLaw fsrq "" 18.812654 0.28753045 0.1621313 1.8319682575664445e-08 "" "" "" "" "" "" "" "" "" "" "" "" "" "" ""
J1736.9-3357 LogParabola bcu "" 6.875327 0.0 10.0 7.869451476338e-09 "" "" "" "" "" "" "" "" "" "" "" "" "" "" ""
J1737.6-1503 PowerLaw bcu "" 21.691053 0.71003026 0.34483957 1.1079724937426401e-08 "" "" "" "" "" "" "" "" "" "" "" "" "" "" ""
J1738.0+8717 PowerLaw bcu "" 265.31445 2.9100032 0.63566345 2.9710645391786326e-09 "" "" "" "" "" "" "" "" "" "" "" "" "" "" ""
J1738.0+0236 LogParabola bcu "" 11.083866 0.07214597 1.1508448 4.0166020303417006e-09 "" "" "" "" "" "" "" "" "" "" "" "" "" "" ""
J1738.2+4000 PowerLaw bcu ISP 25.983194 0.6113994 0.2430447 3.699275377686971e-09 "" "" "" "" "" "" "" "" "" "" "" "" "" "" ""
J1738.3+3228 PowerLaw fsrq ISP 23.674763 0.5959361 0.27120125 3.214234191853879e-09 "" "" "" "" "" "" "" "" "" "" "" "" "" "" ""
J1738.8+3822 PowerLaw bcu "" 7.71347 0.0 10.0 5.226377434934321e-10 "" "" "" "" "" "" "" "" "" "" "" "" "" "" ""
J1738.8-3418 LogParabola bcu "" 8.017962 0.0 10.0 1.8457552338114226e-08 "" "" "" "" "" "" "" "" "" "" "" "" "" "" ""
J1739.5+4955 LogParabola fsrq LSP 242.14487 0.5688052 0.12691325 1.8945844266785037e-08 "" "" "" "" "" "" "" "" "" "" 0.88 1.3420520709085455 0.09630845515792916 1.1584697108291375 0.0814555386246256
J1740.0+4737 PowerLaw fsrq LSP 22.322533 0.3255373 0.130344 4.000096581863024e-09 "" "" "" "" "" "" "" "" "" "" "" "" "" "" ""
J1740.5+5211 LogParabola fsrq LSP 923.37177 0.6933175 0.14942622 4.539763503832207e-08 "" "" "" "" "" 0.9925373134328358 1.7753565367636155 0.04274767059808341 1.3324250585918953 0.036371733468656776 0.22077922077922077 1.3778411388112832 0.011481300913135265 1.1738147804535788 0.02474893829160003
J1740.6+5346 LogParabola bll LSP 48.22549 0.54744226 0.14986205 2.835350076071508e-09 "" "" "" "" "" "" "" "" "" "" "" "" "" "" ""
J1741.1+7226 PowerLaw bll ISP 9.960828 0.0 10.0 1.6650652251636852e-09 "" "" "" "" "" "" "" "" "" "" "" "" "" "" ""
J1741.2+5739 PowerLaw bll ISP 22.819403 0.48801428 0.2330639 2.1533111849601027e-09 "" "" "" "" "" "" "" "" "" "" "" "" "" "" ""
J1741.5-3119 LogParabola bcu "" 7.669635 0.0 10.0 9.484998747630504e-09 "" "" "" "" "" "" "" "" "" "" "" "" "" "" ""
J1741.8-2537 PowerLaw bcu "" 17.988926 0.30283886 0.17292477 1.746505503250597e-08 "" "" "" "" "" "" "" "" "" "" "" "" "" "" ""
J1741.9+2555 LogParabola bll "" 6.8463078 0.0 10.0 1.2422528937895843e-10 "" "" "" "" "" "" "" "" "" "" "" "" "" "" ""
J1742.4-1518 LogParabola bcu "" 12.030802 0.19828735 0.428332 5.170925458814555e-09 "" "" "" "" "" "" "" "" "" "" "" "" "" "" ""
J1742.5+5944 PowerLaw bll LSP 66.68697 0.4849788 0.12455965 6.9341631029656014e-09 "" "" "" "" "" "" "" "" "" "" "" "" "" "" ""
J1743.9-1824 LogParabola bcu "" 9.115624 0.0 10.0 4.508771528722061e-09 "" "" "" "" "" "" "" "" "" "" "" "" "" "" ""
J1743.9+3747 PowerLaw fsrq LSP 15.5968895 0.34497282 0.55993897 1.546729465007775e-09 "" "" "" "" "" "" "" "" "" "" "" "" "" "" ""
J1744.0+1935 PowerLaw bll HSP 12.843473 0.09838402 0.13969997 6.469790792282513e-09 "" "" "" "" "" "" "" "" "" "" "" "" "" "" ""
J1744.2-0353 LogParabola fsrq LSP 20.86154 0.32702073 0.17529017 1.0651649416593836e-08 "" "" "" "" "" "" "" "" "" "" "" "" "" "" ""
J1744.4+1851 PowerLaw bll HSP 15.021507 0.052155018 3.498876 1.0790800450566878e-09 "" "" "" "" "" "" "" "" "" "" "" "" "" "" ""
J1744.6-5713 PowerLaw bll ISP 34.764606 0.50281703 0.15834875 3.911702974612395e-09 "" "" "" "" "" "" "" "" "" "" "" "" "" "" ""
J1744.8+5540 PowerLaw rdg "" 11.49623 0.0 10.0 1.4313237840944998e-09 "" "" "" "" "" "" "" "" "" "" "" "" "" "" ""
J1744.9-1727 PowerLaw bcu "" 19.669325 0.21891375 0.093740806 1.3800719980547719e-08 "" "" "" "" "" "" "" "" "" "" "" "" "" "" ""
J1745.1+4731 PowerLaw bcu LSP 24.108913 0.78608376 0.37069783 1.2748721324416301e-09 "" "" "" "" "" "" "" "" "" "" "" "" "" "" ""
J1745.4-0753 PowerLaw bll LSP 9.015311 0.0 10.0 1.766600099926495e-08 "" "" "" "" "" "" "" "" "" "" "" "" "" "" ""
J1745.6+3950 PowerLaw bll "" 8.277794 0.0 10.0 1.4375170396341248e-09 "" "" "" "" "" "" "" "" "" "" "" "" "" "" ""
J1746.8-5235 LogParabola bcu LSP 237.65852 1.5477418 0.3416796 1.1406340888294111e-08 "" "" "" "" "" "" "" "" "" "" "" "" "" "" ""
J1747.1-5453 PowerLaw bcu LSP 34.95367 0.7769817 0.23374245 6.378371914805552e-09 "" "" "" "" "" "" "" "" "" "" "" "" "" "" ""
J1747.2+4937 PowerLaw bll HSP 19.433857 0.549602 0.3757438 7.990809693806121e-10 "" "" "" "" "" "" "" "" "" "" "" "" "" "" ""
J1747.4+2330 LogParabola fsrq "" 15.251889 0.32398948 0.21308002 9.150163370591944e-09 "" "" "" "" "" "" "" "" "" "" "" "" "" "" ""
J1747.4+2759 PowerLaw bcu LSP 70.174 1.188443 0.30888796 3.938824252158188e-09 "" "" "" "" "" "" "" "" "" "" "" "" "" "" ""
J1747.6-5308 PowerLaw bcu "" 18.757706 0.3587081 0.3801629 5.541027379220669e-09 "" "" "" "" "" "" "" "" "" "" "" "" "" "" ""
J1747.6-4211 LogParabola bcu LSP 30.024672 0.77605915 0.23750542 4.168929294637477e-09 "" "" "" "" "" "" "" "" "" "" "" "" "" "" ""
J1747.9+4704 LogParabola bll "" 11.266673 0.017841808 3.5941558 9.445194567260086e-10 "" "" "" "" "" "" "" "" "" "" "" "" "" "" ""
J1748.0+3403 LogParabola fsrq LSP 61.384003 0.5717244 0.14946724 4.492480522524709e-09 "" "" "" "" "" "" "" "" "" "" "" "" "" "" ""
J1748.1+2702 PowerLaw bcu HSP 25.047184 0.7866764 0.29798463 2.012430630069659e-09 "" "" "" "" "" "" "" "" "" "" "" "" "" "" ""
J1748.5-0854 PowerLaw bcu "" 11.4024935 0.0 10.0 2.409861849960621e-09 "" "" "" "" "" "" "" "" "" "" "" "" "" "" ""
J1748.6+7005 LogParabola bll ISP 538.252 0.39159352 0.08511287 3.9279650903646074e-08 0.5915735167669819 0.8373056069920753 0.0363659464458128 0.9150440464764936 0.03148509285592253 0.18452380952380953 1.0294269639773441 0.014021927953579363 1.0146068026468895 0.01996347185653231 0.016216216216216217 0.6754269602704641 0.004009412251211729 0.8218436349272678 0.014544181360670481
J1749.0-2327 LogParabola bcu "" 13.154483 0.14936808 0.33779365 1.841226254555152e-08 "" "" "" "" "" "" "" "" "" "" "" "" "" "" ""
J1749.0+4321 LogParabola bll LSP 38.622154 0.24733686 0.07237394 1.0210126663862323e-08 "" "" "" "" "" "" "" "" "" "" 0.48031496062992124 -0.23667046818169196 0.12815805733671956 0.0 0.1
J1750.2+4704 PowerLaw bll ISP 10.344665 0.0 10.0 8.540756272534093e-10 "" "" "" "" "" "" "" "" "" "" "" "" "" "" ""
J1751.5+0938 LogParabola bll LSP 939.7106 0.60481155 0.13030782 6.821950087414627e-08 "" "" "" "" "" 0.608 2.7393387296397798 0.032747931567857415 1.655094779654561 0.03021796163091694 0.06896551724137931 1.9428812743884394 0.005690952970207398 1.3938727611903603 0.017250768080488154
J1751.6+2921 LogParabola bcu "" 190.18346 2.0512793 0.4569655 5.300079786017341e-09 "" "" "" "" "" "" "" "" "" "" "" "" "" "" ""
J1751.6-1750 PowerLaw bcu "" 8.518581 0.0 10.0 1.3056644052134811e-08 "" "" "" "" "" "" "" "" "" "" "" "" "" "" ""
J1752.1+4531 PowerLaw bcu LSP 17.010815 0.0 10.0 1.899479546885582e-09 "" "" "" "" "" "" "" "" "" "" "" "" "" "" ""
J1752.6-1010 LogParabola bcu LSP 14.0545025 0.34489164 0.33140275 4.944474289358195e-09 "" "" "" "" "" "" "" "" "" "" "" "" "" "" ""
J1753.3-3325 LogParabola bcu "" 7.0623665 0.0 10.0 6.2577046895645846e-09 "" "" "" "" "" "" "" "" "" "" "" "" "" "" ""
J1753.4-5913 PowerLaw bcu "" 7.2567205 0.0 10.0 1.3645305704121714e-09 "" "" "" "" "" "" "" "" "" "" "" "" "" "" ""
J1753.6-5014 LogParabola bcu LSP 232.91458 1.0825756 0.24080966 1.4333246142681837e-08 "" "" "" "" "" "" "" "" "" "" "" "" "" "" ""
J1753.7+2847 PowerLaw fsrq LSP 104.49172 1.3687913 0.31887227 5.987814883654979e-09 "" "" "" "" "" "" "" "" "" "" "" "" "" "" ""
J1754.2+3212 LogParabola bll ISP 529.3083 0.7857984 0.17047593 1.111583248210328e-08 "" "" "" "" "" "" "" "" "" "" 0.3055555555555556 1.4484010019234659 0.029534435928957117 1.2034953269221556 0.04078139738617928
J1754.5-6425 PowerLaw bll "" 17.724487 0.3138913 0.15645552 9.901603012866555e-09 "" "" "" "" "" "" "" "" "" "" "" "" "" "" ""
J1754.7+3444 LogParabola bcu "" 82.071915 1.1767155 0.28456885 5.516838485334104e-09 "" "" "" "" "" "" "" "" "" "" "" "" "" "" ""
J1756.3+5522 LogParabola bll "" 27.207098 0.40111136 0.13357519 1.6015035419605096e-09 "" "" "" "" "" "" "" "" "" "" "" "" "" "" ""
J1756.6+1553 LogParabola fsrq LSP 11.628006 0.0 10.0 1.4097211386625205e-10 "" "" "" "" "" "" "" "" "" "" "" "" "" "" ""
