4LAC_variability_analysis/resulting_catalogs/df_4lac_luana_dr3.ecsv
# %ECSV 1.0
# ---
# datatype:
# - {name: Source_Name, datatype: string}
# - {name: SpectrumType, datatype: string}
# - {name: CLASS, datatype: string}
# - {name: SED_class, datatype: string}
# - {name: Variability_Index, datatype: float32}
# - {name: Frac_Variability, datatype: float32}
# - {name: Unc_Frac_Variability, datatype: float32}
# - {name: Spectrum_Flux_Estimated, datatype: float64}
# - {name: Bright_Ratio_x, datatype: float64}
# - {name: Norm_Excess_Var(3_days), datatype: float64}
# - {name: Unc_Norm_Excess_Var(3_days), datatype: float64}
# - {name: Frac_Variability(3_days), datatype: float64}
# - {name: Unc_Frac_Variability(3_days), datatype: float64}
# - {name: Bright_Ratio_y, datatype: float64}
# - {name: Norm_Excess_Var(weekly), datatype: float64}
# - {name: Unc_Norm_Excess_Var(weekly), datatype: float64}
# - {name: Frac_Variability(weekly), datatype: float64}
# - {name: Unc_Frac_Variability(weekly), datatype: float64}
# - {name: Bright_Ratio, datatype: float64}
# - {name: Norm_Excess_Var(monthly), datatype: float64}
# - {name: Unc_Norm_Excess_Var(monthly), datatype: float64}
# - {name: Frac_Variability(monthly), datatype: float64}
# - {name: Unc_Frac_Variability(monthly), datatype: float64}
# schema: astropy-2.0
Source_Name SpectrumType CLASS SED_class Variability_Index Frac_Variability Unc_Frac_Variability Spectrum_Flux_Estimated Bright_Ratio_x Norm_Excess_Var(3_days) Unc_Norm_Excess_Var(3_days) Frac_Variability(3_days) Unc_Frac_Variability(3_days) Bright_Ratio_y Norm_Excess_Var(weekly) Unc_Norm_Excess_Var(weekly) Frac_Variability(weekly) Unc_Frac_Variability(weekly) Bright_Ratio Norm_Excess_Var(monthly) Unc_Norm_Excess_Var(monthly) Frac_Variability(monthly) Unc_Frac_Variability(monthly)
[from data line 1147]
J0704.8+4907 LogParabola bcu LSP 85.463486 0.63517505 0.15437756 1.0418099997664723e-08 "" "" "" "" "" "" "" "" "" "" "" "" "" "" ""
J0705.7-4848 LogParabola bcu ISP 11.072655 0.045065887 0.25113317 9.19529175706317e-09 "" "" "" "" "" "" "" "" "" "" "" "" "" "" ""
J0705.9+5309 PowerLaw bcu LSP 15.823696 0.39238477 0.2785016 1.7845374421040634e-09 "" "" "" "" "" "" "" "" "" "" "" "" "" "" ""
J0706.1+0246 PowerLaw bcu "" 10.7485485 0.0 10.0 5.804885736581566e-10 "" "" "" "" "" "" "" "" "" "" "" "" "" "" ""
J0706.5+3744 LogParabola bll HSP 19.517246 0.16187482 0.074464135 5.474311958763564e-09 "" "" "" "" "" "" "" "" "" "" "" "" "" "" ""
J0706.8+7742 LogParabola bll ISP 218.61331 0.66560566 0.14879626 6.091839453518124e-09 "" "" "" "" "" "" "" "" "" "" 0.6936936936936937 0.8549848883035843 0.09563869059132575 0.9246539289396787 0.08673993862304397
J0706.9+6109 PowerLaw bll LSP 31.57772 0.39697304 0.1238555 7.501709454697306e-09 "" "" "" "" "" "" "" "" "" "" "" "" "" "" ""
J0708.9+4839 PowerLaw rdg "" 13.115783 0.0 10.0 5.212549728035908e-10 "" "" "" "" "" "" "" "" "" "" "" "" "" "" ""
J0709.0+4304 PowerLaw bcu "" 12.592229 0.0 10.0 9.31529461839318e-10 "" "" "" "" "" "" "" "" "" "" "" "" "" "" ""
J0709.1+2241 LogParabola bll ISP 93.697525 0.55525154 0.13346992 7.523789059801521e-09 "" "" "" "" "" "" "" "" "" "" 0.9278350515463918 -1.3058086449478312 0.30627917962887524 0.0 0.1
J0709.2-1527 PowerLaw bll HSP 22.788382 0.5229701 0.21489157 2.2106429844860554e-09 "" "" "" "" "" "" "" "" "" "" "" "" "" "" ""
J0709.3+0540 PowerLaw bcu "" 22.140509 0.4559583 0.19504273 4.459627751555468e-09 "" "" "" "" "" "" "" "" "" "" "" "" "" "" ""
J0709.7-0255 LogParabola fsrq LSP 270.02664 0.6769121 0.1501978 3.2448628188127495e-08 "" "" "" "" "" "" "" "" "" "" "" "" "" "" ""
J0710.4+5908 LogParabola bll HSP 35.25338 0.41293478 0.12213288 1.3456949748736282e-09 "" "" "" "" "" "" "" "" "" "" "" "" "" "" ""
J0710.8-3851 LogParabola fsrq LSP 118.98386 0.7906334 0.1843933 1.3495370516822349e-08 "" "" "" "" "" "" "" "" "" "" "" "" "" "" ""
J0710.9+4733 LogParabola bll LSP 80.649185 0.7356531 0.18060951 9.477006080632828e-09 "" "" "" "" "" "" "" "" "" "" "" "" "" "" ""
J0712.4+5724 PowerLaw bll "" 16.149748 0.8523539 0.5090277 5.390983341161763e-10 "" "" "" "" "" "" "" "" "" "" "" "" "" "" ""
J0712.5+3311 PowerLaw bcu "" 10.366653 0.0 10.0 1.0145687002442705e-09 "" "" "" "" "" "" "" "" "" "" "" "" "" "" ""
J0712.7+5033 LogParabola bll LSP 137.799 0.41072485 0.09570941 1.961227165094812e-08 "" "" "" "" "" "" "" "" "" "" 0.5932203389830508 -0.008243536469795008 0.09565691510303413 0.0 0.1
J0713.0+5738 LogParabola bcu ISP 164.48378 1.7756547 0.39081246 6.296388863772307e-09 "" "" "" "" "" "" "" "" "" "" "" "" "" "" ""
J0713.5+2537 LogParabola bcu "" 9.939978 0.0 10.0 7.594067560637413e-10 "" "" "" "" "" "" "" "" "" "" "" "" "" "" ""
J0713.8+1935 LogParabola fsrq LSP 819.04095 1.117072 0.24108285 2.7989191422254052e-08 "" "" "" "" "" "" "" "" "" "" 0.7314814814814815 1.2445497867722115 0.0645708665340963 1.1155939166077464 0.06436836156123055
J0714.4+1110 PowerLaw bcu "" 17.529713 0.35278133 0.32972515 2.6658405457681805e-09 "" "" "" "" "" "" "" "" "" "" "" "" "" "" ""
J0715.3-6828 PowerLaw bcu "" 15.604732 0.45042136 0.3418703 2.32299971401774e-09 "" "" "" "" "" "" "" "" "" "" "" "" "" "" ""
J0715.6-4528 PowerLaw bll ISP 16.04823 0.21371837 0.14588746 6.99784555787285e-09 "" "" "" "" "" "" "" "" "" "" "" "" "" "" ""
J0717.7-5519 LogParabola bcu HSP 10.295144 0.0 10.0 4.6430963213855406e-10 "" "" "" "" "" "" "" "" "" "" "" "" "" "" ""
J0718.0+4536 LogParabola fsrq LSP 230.27907 0.76387745 0.17070132 1.3977854921975952e-08 "" "" "" "" "" "" "" "" "" "" "" "" "" "" ""
J0718.6-4319 LogParabola bll ISP 15.420535 0.07203071 0.05186632 1.3212047610271924e-08 "" "" "" "" "" "" "" "" "" "" "" "" "" "" ""
J0719.1-7055 PowerLaw bll "" 10.032558 0.0 10.0 1.9032139655884702e-09 "" "" "" "" "" "" "" "" "" "" "" "" "" "" ""
J0719.3+3307 LogParabola fsrq LSP 1061.2396 0.7156194 0.1539528 4.199950464513983e-08 "" "" "" "" "" 0.9525065963060686 1.0846740538565207 0.07032681691584448 1.041476861892054 0.05439696618892113 0.22875816993464052 1.3551750751607425 0.009824972759740784 1.164119871474043 0.022837064642949656
J0719.7-4012 PowerLaw bll "" 3.434742 0.0 10.0 7.768847655989587e-09 "" "" "" "" "" "" "" "" "" "" "" "" "" "" ""
J0720.0-3507 PowerLaw bcu LSP 70.12745 1.3634502 0.33969596 5.78235982161678e-09 "" "" "" "" "" "" "" "" "" "" "" "" "" "" ""
J0720.0-6237 LogParabola bcu LSP 21.121565 0.29036593 0.17219807 1.2687080587189383e-08 "" "" "" "" "" "" "" "" "" "" "" "" "" "" ""
J0721.3-0222 PowerLaw bll "" 9.859727 0.0 10.0 1.325358916774544e-09 "" "" "" "" "" "" "" "" "" "" "" "" "" "" ""
J0721.3+0405 LogParabola fsrq LSP 136.42732 0.5775843 0.13298795 2.7030798168116274e-08 "" "" "" "" "" "" "" "" "" "" "" "" "" "" ""
J0721.9+7120 LogParabola BLL ISP 2863.5242 0.31229538 0.066829555 2.270481918296998e-07 0.05647461494580719 0.5608369289606916 0.0017722723469947288 0.7488904652622382 0.005522889673373934 0.007575757575757576 0.48689127697494466 0.0010788118754806867 0.6977759504131285 0.005250296144488686 0.0 0.34093712008876786 0.0010349969193751386 0.583898210383255 0.007339430457044862
J0722.7+3606 PowerLaw bcu LSP 16.812986 0.43103522 0.262813 4.43685328988125e-09 "" "" "" "" "" "" "" "" "" "" "" "" "" "" ""
J0723.0-0732 PowerLaw bll HSP 13.246231 0.15794829 0.19759575 6.75083478157532e-09 "" "" "" "" "" "" "" "" "" "" "" "" "" "" ""
J0723.4+5841 LogParabola bll "" 13.660012 0.0 10.0 2.812871280124321e-11 "" "" "" "" "" "" "" "" "" "" "" "" "" "" ""
J0723.5+2900 PowerLaw fsrq LSP 52.20106 1.0729648 0.30273977 4.418425196615859e-09 "" "" "" "" "" "" "" "" "" "" "" "" "" "" ""
J0723.7+2050 PowerLaw bll HSP 15.220042 0.2622388 0.22070825 1.8463710599550993e-09 "" "" "" "" "" "" "" "" "" "" "" "" "" "" ""
J0725.2+1425 LogParabola FSRQ LSP 2349.627 1.1580906 0.24773538 6.068982079323168e-08 "" "" "" "" "" "" "" "" "" "" 0.2550335570469799 3.1992804039086864 0.012758608149729745 1.7886532374690982 0.02586017151743818
J0725.5+0216 LogParabola bcu "" 24.516922 0.35129607 0.13815588 3.3857335930810883e-09 "" "" "" "" "" "" "" "" "" "" "" "" "" "" ""
J0725.5-0504 PowerLaw bcu "" 9.059374 0.0 10.0 1.811525445800069e-09 "" "" "" "" "" "" "" "" "" "" "" "" "" "" ""
J0725.6-3530 PowerLaw bcu "" 19.63464 0.655901 0.39195982 1.8420355674292936e-09 "" "" "" "" "" "" "" "" "" "" "" "" "" "" ""
J0725.8-0054 PowerLaw bcu LSP 29.109297 0.28814206 0.09418227 1.1092158597490723e-08 "" "" "" "" "" "" "" "" "" "" "" "" "" "" ""
J0726.1+8114 PowerLaw bcu "" 9.309329 0.0 10.0 3.406885867033573e-10 "" "" "" "" "" "" "" "" "" "" "" "" "" "" ""
J0726.4-4727 LogParabola fsrq LSP 107.271484 0.5768305 0.13590081 2.074430562206927e-08 "" "" "" "" "" "" "" "" "" "" 0.7090909090909091 0.36323038883069264 0.08790690181984182 0.6026859786246007 0.09839439977032226
J0727.1+3734 PowerLaw bll ISP 12.706378 0.0 10.0 6.924528063327941e-10 "" "" "" "" "" "" "" "" "" "" "" "" "" "" ""
J0727.4+5325 PowerLaw bcu LSP 6.7531404 0.0 10.0 4.2727415376203115e-09 "" "" "" "" "" "" "" "" "" "" "" "" "" "" ""
J0728.0-4740 PowerLaw fsrq LSP 7.0867553 0.0 10.0 2.0217260583642107e-09 "" "" "" "" "" "" "" "" "" "" "" "" "" "" ""
J0728.0+6735 PowerLaw bcu LSP 18.91664 0.28260195 0.1439431 7.1604852882755065e-09 "" "" "" "" "" "" "" "" "" "" "" "" "" "" ""
J0728.2+4827 PowerLaw bll ISP 14.966939 0.26792538 0.26058424 3.773405822148529e-09 "" "" "" "" "" "" "" "" "" "" "" "" "" "" ""
J0728.5+6128 LogParabola bcu "" 12.318249 0.1407189 0.2688923 4.294224730415437e-09 "" "" "" "" "" "" "" "" "" "" "" "" "" "" ""
J0729.1-3131 PowerLaw bcu "" 13.237451 0.09920588 0.5759626 4.875403814368952e-09 "" "" "" "" "" "" "" "" "" "" "" "" "" "" ""
J0729.1+5703 PowerLaw fsrq LSP 38.346706 0.88495827 0.27432188 3.1908970287207362e-09 "" "" "" "" "" "" "" "" "" "" "" "" "" "" ""
J0730.1+6852 LogParabola bcu "" 11.927705 0.026480619 2.36498 4.861652843931139e-10 "" "" "" "" "" "" "" "" "" "" "" "" "" "" ""
J0730.3-1141 LogParabola fsrq LSP 2590.958 0.57913643 0.12394973 1.934832102255864e-07 0.4387442572741195 0.5910343205939556 0.015062438911448194 0.7687875653221478 0.01847564242168738 0.14184397163120568 0.6027566681173518 0.006229055248056867 0.776374051676994 0.013079710508488142 0.0 0.5362660386534883 0.001643429913695035 0.7323018767239972 0.009249069023810855
J0730.4+3308 LogParabola bll HSP 9.107821 0.0 10.0 1.2790666851169359e-09 "" "" "" "" "" "" "" "" "" "" "" "" "" "" ""
J0730.5-0535 LogParabola bll ISP 52.810474 0.38871467 0.10611158 1.1424274976343746e-08 "" "" "" "" "" "" "" "" "" "" "" "" "" "" ""
J0730.7-6602 PowerLaw bll "" 23.269806 0.3283074 0.15985227 1.5987852128289773e-09 "" "" "" "" "" "" "" "" "" "" "" "" "" "" ""
J0731.2-1403 LogParabola bll "" 14.502456 0.29320362 0.29752254 1.771431881985544e-09 "" "" "" "" "" "" "" "" "" "" "" "" "" "" ""
J0731.8-3009 PowerLaw bcu "" 19.522028 0.396935 0.2381934 3.4778855115956652e-09 "" "" "" "" "" "" "" "" "" "" "" "" "" "" ""
J0731.9+2805 PowerLaw bll ISP 10.544841 0.0 10.0 1.2508667917227517e-09 "" "" "" "" "" "" "" "" "" "" "" "" "" "" ""
J0732.7-4638 LogParabola bcu LSP 98.20563 0.9372509 0.2230067 9.516160580782808e-09 "" "" "" "" "" "" "" "" "" "" "" "" "" "" ""
J0733.0+4915 PowerLaw bcu "" 11.09409 0.0 10.0 1.5854997118515604e-09 "" "" "" "" "" "" "" "" "" "" "" "" "" "" ""
J0733.1+5910 PowerLaw bcu LSP 8.005109 0.0 10.0 3.4945511869232006e-09 "" "" "" "" "" "" "" "" "" "" "" "" "" "" ""
J0733.4+5152 PowerLaw bcu HSP 14.253026 0.20839241 0.29599386 1.2436510342093513e-09 "" "" "" "" "" "" "" "" "" "" "" "" "" "" ""
J0733.5+3517 PowerLaw bll HSP 12.789018 0.103392705 1.28658 1.793896081728721e-09 "" "" "" "" "" "" "" "" "" "" "" "" "" "" ""
J0733.5-5445 PowerLaw bcu LSP 104.3914 0.89078695 0.21096873 7.0129632901340725e-09 "" "" "" "" "" "" "" "" "" "" "" "" "" "" ""
J0733.6+3649 PowerLaw bcu LSP 31.430828 0.7915157 0.27565414 2.934225756292575e-09 "" "" "" "" "" "" "" "" "" "" "" "" "" "" ""
J0733.7+0205 PowerLaw bcu "" 19.986317 0.54723746 0.35658863 4.788153684465086e-09 "" "" "" "" "" "" "" "" "" "" "" "" "" "" ""
J0733.7+4110 PowerLaw bll ISP 11.364708 0.105629206 0.28778544 3.14593675347751e-09 "" "" "" "" "" "" "" "" "" "" "" "" "" "" ""
J0733.8+0455 LogParabola fsrq LSP 152.34465 0.9658591 0.22263359 9.285917509432524e-09 "" "" "" "" "" "" "" "" "" "" "" "" "" "" ""
J0734.0+5021 LogParabola fsrq LSP 462.67313 1.2503871 0.27133727 1.175310502801262e-08 "" "" "" "" "" "" "" "" "" "" "" "" "" "" ""
J0734.4-7711 LogParabola bcu LSP 192.97269 0.7452308 0.16837029 1.0921492897161769e-08 "" "" "" "" "" "" "" "" "" "" "" "" "" "" ""
J0737.3-8247 PowerLaw bll "" 12.81726 0.09791613 0.21648592 4.130955781409152e-09 "" "" "" "" "" "" "" "" "" "" "" "" "" "" ""
J0738.1+1742 LogParabola bll LSP 208.41606 0.31108257 0.069939725 4.5214137240234854e-08 0.7787274453941121 0.282927782927123 0.05633409550925265 0.531909562733293 0.06091458142542429 0.27056962025316456 0.5700452254774909 0.03580527966794349 0.7550133942371426 0.03810020745565529 0.010810810810810811 0.7295742146739309 0.005087137611715864 0.8541511661725523 0.01644319324576453
J0738.4+1539 PowerLaw bcu "" 11.396311 0.0 10.0 1.1979214546423355e-09 "" "" "" "" "" "" "" "" "" "" "" "" "" "" ""
J0738.9-6736 PowerLaw fsrq LSP 52.725586 0.65013474 0.17643753 1.1550837122013205e-08 "" "" "" "" "" "" "" "" "" "" "" "" "" "" ""
J0739.2+0137 LogParabola fsrq LSP 2811.4902 0.77290916 0.16533817 1.2795924312250288e-07 0.7724268177525968 1.6707024440920668 0.02629393008949294 1.2925565535372396 0.02306912040956308 0.31144465290806755 1.3732317945644605 0.010977187907760741 1.1718497320750902 0.017748435797871054 0.03296703296703297 0.9932117331546048 0.002421405267842336 0.9966000868726657 0.011210168969019182
J0739.7+1743 PowerLaw bcu "" 19.087427 0.47114116 0.24285722 1.1283523544683778e-08 "" "" "" "" "" "" "" "" "" "" "" "" "" "" ""
J0739.8-6722 LogParabola bcu "" 13.907252 0.14777716 1.0235686 6.12127055973629e-11 "" "" "" "" "" "" "" "" "" "" "" "" "" "" ""
J0740.0-0753 PowerLaw bcu "" 23.522957 0.5892347 0.27144197 5.298982609296392e-09 "" "" "" "" "" "" "" "" "" "" "" "" "" "" ""
J0740.4+7300 LogParabola bcu ISP 17.34051 0.57275164 0.5555855 8.658445280851547e-11 "" "" "" "" "" "" "" "" "" "" "" "" "" "" ""
J0740.9+3203 PowerLaw bll HSP 7.714622 0.0 10.0 2.9934234095335904e-09 "" "" "" "" "" "" "" "" "" "" "" "" "" "" ""
J0741.0+3226 PowerLaw bll ISP 10.251093 0.0 10.0 2.3389605808109263e-10 "" "" "" "" "" "" "" "" "" "" "" "" "" "" ""
J0741.2-5140 LogParabola bcu "" 12.3992 0.22174795 0.37666127 5.010550305777021e-09 "" "" "" "" "" "" "" "" "" "" "" "" "" "" ""
J0741.4-4709 LogParabola fsrq LSP 36.678528 0.40624946 0.12739532 1.4412916387750916e-08 "" "" "" "" "" "" "" "" "" "" "" "" "" "" ""
J0742.1+4902 PowerLaw fsrq LSP 68.05886 0.9591676 0.23972648 3.4313333307741068e-09 "" "" "" "" "" "" "" "" "" "" "" "" "" "" ""
J0742.6+5443 LogParabola fsrq LSP 2676.413 1.4839945 0.31726518 3.41711179881971e-08 "" "" "" "" "" "" "" "" "" "" "" "" "" "" ""
J0742.9-5242 LogParabola bcu LSP 43.723034 0.61246705 0.17800964 1.197799825292587e-08 "" "" "" "" "" "" "" "" "" "" "" "" "" "" ""
J0743.0-5622 PowerLaw fsrq LSP 26.168137 0.39360398 0.16937399 1.0391566601135926e-08 "" "" "" "" "" "" "" "" "" "" "" "" "" "" ""
J0743.1+1713 PowerLaw bll LSP 12.098773 0.14271303 0.36722755 4.4481403770294405e-09 "" "" "" "" "" "" "" "" "" "" "" "" "" "" ""
J0743.3-4912 PowerLaw bcu "" 2.9617574 0.0 10.0 6.822736765552755e-09 "" "" "" "" "" "" "" "" "" "" "" "" "" "" ""
J0743.6-3805 PowerLaw bcu LSP 44.803783 1.0018123 0.2898592 4.932759444463091e-09 "" "" "" "" "" "" "" "" "" "" "" "" "" "" ""
J0744.1-6211 LogParabola bcu HSP 8.400432 0.0 10.0 2.2513905413312393e-11 "" "" "" "" "" "" "" "" "" "" "" "" "" "" ""
J0744.1+7434 PowerLaw bll HSP 20.526484 0.3407957 0.13229363 2.1200591519211422e-09 "" "" "" "" "" "" "" "" "" "" "" "" "" "" ""
J0744.2-6918 LogParabola bll "" 29.982313 0.6347341 0.21771936 2.213286669568194e-09 "" "" "" "" "" "" "" "" "" "" "" "" "" "" ""
J0745.4-2447 LogParabola bcu LSP 15.203065 0.33845872 0.24630757 9.552822300042864e-09 "" "" "" "" "" "" "" "" "" "" "" "" "" "" ""
J0746.0-0039 PowerLaw fsrq "" 8.660739 0.0 10.0 4.401001299914917e-09 "" "" "" "" "" "" "" "" "" "" "" "" "" "" ""
J0746.3-0225 LogParabola bll ISP 22.220003 0.41345155 0.15728246 1.3873599831399854e-09 "" "" "" "" "" "" "" "" "" "" "" "" "" "" ""
J0746.4+2546 LogParabola fsrq LSP 99.25295 0.60753876 0.14703032 1.897978965812418e-08 "" "" "" "" "" "" "" "" "" "" "" "" "" "" ""
J0746.5+2730 LogParabola fsrq LSP 42.43465 0.6613832 0.19588558 5.100647017683005e-09 "" "" "" "" "" "" "" "" "" "" "" "" "" "" ""
J0746.5-0710 LogParabola bcu LSP 20.544512 0.27470785 0.12342377 4.966804953941964e-09 "" "" "" "" "" "" "" "" "" "" "" "" "" "" ""
J0746.6-4754 LogParabola bll HSP 180.25992 0.6489832 0.14655955 1.0437652422718602e-08 "" "" "" "" "" "" "" "" "" "" 0.5798319327731093 1.2475738479505687 0.04375123871796796 1.1169484535781267 0.05119829324712091
J0747.2+4529 PowerLaw bcu ISP 14.372856 0.22330698 0.46654442 1.7880529283874162e-09 "" "" "" "" "" "" "" "" "" "" "" "" "" "" ""
J0747.3-3310 PowerLaw bll LSP 131.01733 0.75359267 0.17364618 2.9098897428919735e-08 "" "" "" "" "" "" "" "" "" "" 0.6068376068376068 0.04423564387974503 0.1084625366036109 0.21032271365628827 0.2532189741752964
J0747.5+0905 PowerLaw bll HSP 5.9480567 0.0 10.0 2.3247705805480528e-09 "" "" "" "" "" "" "" "" "" "" "" "" "" "" ""
J0747.5-4927 PowerLaw bll ISP 14.189205 0.13936873 0.21845369 5.630270801568938e-09 "" "" "" "" "" "" "" "" "" "" "" "" "" "" ""
J0747.6+7209 PowerLaw bcu LSP 21.937372 0.4703176 0.2183153 3.5744548443255965e-09 "" "" "" "" "" "" "" "" "" "" "" "" "" "" ""
