4LAC_variability_analysis/resulting_catalogs/df_4lac_luana_dr3.ecsv
# %ECSV 1.0
# ---
# datatype:
# - {name: Source_Name, datatype: string}
# - {name: SpectrumType, datatype: string}
# - {name: CLASS, datatype: string}
# - {name: SED_class, datatype: string}
# - {name: Variability_Index, datatype: float32}
# - {name: Frac_Variability, datatype: float32}
# - {name: Unc_Frac_Variability, datatype: float32}
# - {name: Spectrum_Flux_Estimated, datatype: float64}
# - {name: Bright_Ratio_x, datatype: float64}
# - {name: Norm_Excess_Var(3_days), datatype: float64}
# - {name: Unc_Norm_Excess_Var(3_days), datatype: float64}
# - {name: Frac_Variability(3_days), datatype: float64}
# - {name: Unc_Frac_Variability(3_days), datatype: float64}
# - {name: Bright_Ratio_y, datatype: float64}
# - {name: Norm_Excess_Var(weekly), datatype: float64}
# - {name: Unc_Norm_Excess_Var(weekly), datatype: float64}
# - {name: Frac_Variability(weekly), datatype: float64}
# - {name: Unc_Frac_Variability(weekly), datatype: float64}
# - {name: Bright_Ratio, datatype: float64}
# - {name: Norm_Excess_Var(monthly), datatype: float64}
# - {name: Unc_Norm_Excess_Var(monthly), datatype: float64}
# - {name: Frac_Variability(monthly), datatype: float64}
# - {name: Unc_Frac_Variability(monthly), datatype: float64}
# schema: astropy-2.0
Source_Name SpectrumType CLASS SED_class Variability_Index Frac_Variability Unc_Frac_Variability Spectrum_Flux_Estimated Bright_Ratio_x Norm_Excess_Var(3_days) Unc_Norm_Excess_Var(3_days) Frac_Variability(3_days) Unc_Frac_Variability(3_days) Bright_Ratio_y Norm_Excess_Var(weekly) Unc_Norm_Excess_Var(weekly) Frac_Variability(weekly) Unc_Frac_Variability(weekly) Bright_Ratio Norm_Excess_Var(monthly) Unc_Norm_Excess_Var(monthly) Frac_Variability(monthly) Unc_Frac_Variability(monthly)
[from data line 2975]
J1757.0+7032 LogParabola bll "" 23.79206 0.544083 0.28752318 2.631975059152049e-10 "" "" "" "" "" "" "" "" "" "" "" "" "" "" ""
J1758.2+6532 PowerLaw bcu ISP 13.75002 0.16854288 0.3351369 2.6914881544762523e-09 "" "" "" "" "" "" "" "" "" "" "" "" "" "" ""
J1758.3+1429 PowerLaw bcu LSP 23.668365 0.5213714 0.20821767 4.696156487059667e-09 "" "" "" "" "" "" "" "" "" "" "" "" "" "" ""
J1758.3-3028 LogParabola bcu "" 16.94854 0.21786277 0.15852764 1.4338258825028835e-08 "" "" "" "" "" "" "" "" "" "" "" "" "" "" ""
J1758.7-1621 LogParabola bcu "" 28.436878 0.32890394 0.1521954 1.0516643568799609e-08 "" "" "" "" "" "" "" "" "" "" "" "" "" "" ""
J1759.1-4822 LogParabola bcu "" 207.52467 1.3527186 0.30138952 7.537627761083055e-09 "" "" "" "" "" "" "" "" "" "" "" "" "" "" ""
J1759.1-3849 LogParabola bcu "" 22.667494 0.29205093 0.11988834 5.1834438875204395e-09 "" "" "" "" "" "" "" "" "" "" "" "" "" "" ""
J1800.1+2812 PowerLaw bcu HSP 13.861772 0.3163236 0.33513626 1.3842077008505218e-09 "" "" "" "" "" "" "" "" "" "" "" "" "" "" ""
J1800.1+7037 PowerLaw bll ISP 29.259174 0.48737636 0.1807076 3.0769619661740895e-09 "" "" "" "" "" "" "" "" "" "" "" "" "" "" ""
J1800.6+7828 LogParabola bll LSP 1270.2676 0.40755156 0.08758694 8.914258709885908e-08 0.23714094856379425 2.1529811586809178 0.00564927085812747 1.467304044389205 0.009822060284808413 0.07629427792915532 1.852867092905646 0.003121688507866412 1.361200607150043 0.008930016199276756 0.0053475935828877 0.9880295408414222 0.001071929510556151 0.9939967509209586 0.0074347139753111234
J1801.5+4404 LogParabola fsrq LSP 1395.0703 1.1319674 0.24275456 3.375270410390951e-08 "" "" "" "" "" "" "" "" "" "" 0.9381443298969072 5.60749187827824 0.0488634679948669 2.3680143323633494 0.05110157034779426
J1801.5+2123 PowerLaw bcu LSP 10.092429 0.0 10.0 2.748668111957358e-09 "" "" "" "" "" "" "" "" "" "" "" "" "" "" ""
J1801.8+2951 PowerLaw bcu ISP 9.944331 0.0 10.0 6.519918192062164e-10 "" "" "" "" "" "" "" "" "" "" "" "" "" "" ""
J1802.6-3940 LogParabola fsrq LSP 3345.9443 1.4684176 0.3138023 7.288634066410641e-08 "" "" "" "" "" "" "" "" "" "" "" "" "" "" ""
J1803.4-6510 LogParabola fsrq LSP 42.741432 0.626874 0.1839157 5.784478490594432e-09 "" "" "" "" "" "" "" "" "" "" "" "" "" "" ""
J1803.5+2756 PowerLaw bcu ISP 20.035683 0.42952234 0.33737543 2.1234922257031767e-09 "" "" "" "" "" "" "" "" "" "" "" "" "" "" ""
J1803.9+0342 PowerLaw fsrq LSP 48.66923 1.2589157 0.364252 2.852818009773238e-09 "" "" "" "" "" "" "" "" "" "" "" "" "" "" ""
J1806.2+6143 PowerLaw bcu LSP 19.481522 0.427537 0.19819373 4.804152531888218e-09 "" "" "" "" "" "" "" "" "" "" "" "" "" "" ""
J1806.3+5345 PowerLaw bcu ISP 27.874947 0.4351531 0.14972639 6.703515228897049e-09 "" "" "" "" "" "" "" "" "" "" "" "" "" "" ""
J1806.8+6949 LogParabola bll LSP 133.38974 0.18745932 0.043599475 5.698711699169055e-08 0.8669354838709677 -0.6177127795354007 0.06122443720181155 0.0 0.1 0.26424050632911394 0.15585756660765782 0.02002916745731005 0.3947880021070268 0.03375573989850898 0.010752688172043012 0.17126305022215899 0.0052690139348026644 0.41383940148584086 0.017610256319184375
J1806.9-8038 PowerLaw bcu LSP 8.114001 0.0 10.0 1.0652742167251561e-09 "" "" "" "" "" "" "" "" "" "" "" "" "" "" ""
J1807.2+6429 PowerLaw bll ISP 33.582443 0.5906199 0.20972385 1.8269553148949578e-09 "" "" "" "" "" "" "" "" "" "" "" "" "" "" ""
J1807.9-6412 PowerLaw fsrq LSP 34.00327 0.8690185 0.275568 5.923811191062604e-09 "" "" "" "" "" "" "" "" "" "" "" "" "" "" ""
J1807.9+4650 PowerLaw bll LSP 12.642392 0.12797071 0.7350869 8.450378013928697e-10 "" "" "" "" "" "" "" "" "" "" "" "" "" "" ""
J1808.1-5013 PowerLaw fsrq LSP 42.086987 0.6540239 0.18268517 1.1595876568718465e-08 "" "" "" "" "" "" "" "" "" "" "" "" "" "" ""
J1808.2+3500 PowerLaw bll ISP 41.34017 0.5218441 0.14808935 6.9476641518821205e-09 "" "" "" "" "" "" "" "" "" "" "" "" "" "" ""
J1808.8+2419 PowerLaw bcu HSP 17.904612 0.40062526 0.37820956 1.8509125741026653e-09 "" "" "" "" "" "" "" "" "" "" "" "" "" "" ""
J1808.8+3522 LogParabola bll "" 6.0808125 0.0 10.0 5.397622169772781e-10 "" "" "" "" "" "" "" "" "" "" "" "" "" "" ""
J1809.3+2042 PowerLaw bll "" 15.567385 0.23604707 0.16470891 3.6287139643913685e-09 "" "" "" "" "" "" "" "" "" "" "" "" "" "" ""
J1809.7+2910 LogParabola bll "" 43.38662 0.33894488 0.09898201 3.854321084723596e-09 "" "" "" "" "" "" "" "" "" "" 0.7090909090909091 0.1231375590430845 0.11673603817438737 0.35090961662953113 0.17888104915790431
J1810.7+5335 LogParabola bll HSP 10.1809845 0.0 10.0 1.4968504892417862e-09 "" "" "" "" "" "" "" "" "" "" "" "" "" "" ""
J1811.0+1608 PowerLaw bll ISP 46.096153 1.0036032 0.27774855 3.229946719292679e-09 "" "" "" "" "" "" "" "" "" "" "" "" "" "" ""
J1811.2-2759 PowerLaw bcu "" 13.100319 0.0 10.0 7.4036876712300886e-09 "" "" "" "" "" "" "" "" "" "" "" "" "" "" ""
J1811.3+0340 LogParabola bll HSP 35.390907 0.33613092 0.10113213 4.284861245340345e-09 "" "" "" "" "" "" "" "" "" "" 0.9081632653061225 -1.16348989946584 0.25835467013924174 0.0 0.1
J1812.9+4249 PowerLaw bcu LSP 13.277687 0.32611117 0.22795889 4.154242128589571e-09 "" "" "" "" "" "" "" "" "" "" "" "" "" "" ""
J1813.5+3144 LogParabola bll HSP 303.69852 0.9961169 0.21849352 1.4408623615458594e-08 "" "" "" "" "" "" "" "" "" "" 0.39552238805970147 1.7298255099581932 0.03179392064928056 1.3152283109628506 0.04217759806761699
J1813.6+0614 LogParabola bll LSP 25.437561 0.25500518 0.09715639 5.509932004841123e-09 "" "" "" "" "" "" "" "" "" "" "" "" "" "" ""
J1814.0+3828 PowerLaw bll HSP 16.143227 0.33924356 0.34469184 1.9484059910484126e-09 "" "" "" "" "" "" "" "" "" "" "" "" "" "" ""
J1814.2+4114 PowerLaw fsrq LSP 16.65842 0.32935572 0.34634995 3.2011303523009243e-09 "" "" "" "" "" "" "" "" "" "" "" "" "" "" ""
J1814.4+2953 PowerLaw fsrq "" 38.550037 1.0115136 0.2905423 4.7758393013767066e-09 "" "" "" "" "" "" "" "" "" "" "" "" "" "" ""
J1815.2-2715 LogParabola bcu "" 11.675457 0.0 10.0 7.30504879731228e-09 "" "" "" "" "" "" "" "" "" "" "" "" "" "" ""
J1816.9-4942 LogParabola fsrq LSP 217.22546 0.8293876 0.1853197 1.3172102468331174e-08 "" "" "" "" "" "" "" "" "" "" "" "" "" "" ""
J1818.6+0903 LogParabola fsrq LSP 151.9584 0.6093733 0.14126888 1.8773134922991902e-08 "" "" "" "" "" "" "" "" "" "" "" "" "" "" ""
J1819.1+2133 PowerLaw bll ISP 9.541585 0.0 10.0 3.2052956665496994e-09 "" "" "" "" "" "" "" "" "" "" "" "" "" "" ""
J1820.3+3624 PowerLaw bll HSP 22.596542 0.5593312 0.2161944 1.485523888700078e-09 "" "" "" "" "" "" "" "" "" "" "" "" "" "" ""
J1821.6+6819 LogParabola bcu LSP 690.2911 1.1264535 0.24337307 2.3533502272793678e-08 "" "" "" "" "" "" "" "" "" "" 0.8613861386138614 1.1302744717349449 0.07485968134822199 1.0631436740793527 0.07110666762328177
J1822.0+1600 LogParabola bcu "" 13.602129 0.070106186 0.7268084 6.006270116779819e-09 "" "" "" "" "" "" "" "" "" "" "" "" "" "" ""
J1823.3-3720 LogParabola bcu "" 11.5072 0.0 10.0 3.194209228046689e-09 "" "" "" "" "" "" "" "" "" "" "" "" "" "" ""
J1823.5+6858 LogParabola bll ISP 32.78228 0.30694684 0.09311077 7.193378100717193e-09 "" "" "" "" "" "" "" "" "" "" "" "" "" "" ""
J1823.6-3453 LogParabola bcu HSP 56.56068 0.3045537 0.081512354 7.859812515779584e-09 "" "" "" "" "" "" "" "" "" "" 0.47244094488188976 -0.43937169116850117 0.1555794295161739 0.0 0.1
J1824.1+5651 LogParabola bll LSP 305.14993 0.41760546 0.09217024 3.975181779253688e-08 "" "" "" "" "" 0.9851116625310173 -0.20229931143517924 0.1073055419578877 0.0 0.1 0.10588235294117647 0.4647592728471753 0.014378090110691268 0.6817325522865806 0.029100893387234445
J1824.5+0107 PowerLaw bcu LSP 37.89466 0.41668722 0.16244148 3.316963059787052e-08 "" "" "" "" "" "" "" "" "" "" "" "" "" "" ""
J1824.5+4311 PowerLaw bcu HSP 8.866308 0.0 10.0 1.9939952033963937e-09 "" "" "" "" "" "" "" "" "" "" "" "" "" "" ""
J1824.7-3243 LogParabola agn "" 13.139382 0.0 10.0 2.5660610207979093e-09 "" "" "" "" "" "" "" "" "" "" "" "" "" "" ""
J1825.1-5231 LogParabola bcu LSP 402.6195 1.1779103 0.25678658 1.5989069483370383e-08 "" "" "" "" "" "" "" "" "" "" "" "" "" "" ""
J1826.0-5037 PowerLaw bcu "" 11.030457 0.0 10.0 1.9132411725754644e-09 "" "" "" "" "" "" "" "" "" "" "" "" "" "" ""
J1827.5+2015 PowerLaw bcu LSP 8.002597 0.0 10.0 1.5580452158199722e-09 "" "" "" "" "" "" "" "" "" "" "" "" "" "" ""
J1827.6-4029 LogParabola bcu "" 6.213676 0.0 10.0 9.139195661160579e-10 "" "" "" "" "" "" "" "" "" "" "" "" "" "" ""
J1828.0+2634 PowerLaw bcu ISP 16.891489 0.52026665 0.3213891 1.3169917850273148e-09 "" "" "" "" "" "" "" "" "" "" "" "" "" "" ""
J1828.7+3230 LogParabola bcu "" 20.715832 0.22736697 0.12539968 2.073793510935261e-09 "" "" "" "" "" "" "" "" "" "" "" "" "" "" ""
J1829.0-2417 PowerLaw bll "" 18.91922 0.38568738 0.18797418 7.64648541638483e-09 "" "" "" "" "" "" "" "" "" "" "" "" "" "" ""
J1829.1+2729 LogParabola bcu LSP 38.803368 0.36617008 0.11194243 1.19130107860415e-08 "" "" "" "" "" "" "" "" "" "" "" "" "" "" ""
J1829.2-5813 LogParabola fsrq "" 2803.7007 1.0819348 0.2314499 7.818556398486563e-08 "" "" "" "" "" "" "" "" "" "" 0.5583333333333333 3.470139152474292 0.011913881464311892 1.8628309511263474 0.024956888788334387
J1829.3+5402 LogParabola bll HSP 21.650486 0.26611128 0.114888646 1.4766066716226171e-09 "" "" "" "" "" "" "" "" "" "" "" "" "" "" ""
J1829.5+4845 LogParabola css LSP 83.62836 0.23906766 0.058336657 3.394336460144482e-08 "" "" "" "" "" "" "" "" "" "" 0.1393939393939394 0.3037996410468717 0.02057675232310567 0.5511802255586385 0.03738093450460422
J1829.9+3934 PowerLaw bcu "" 33.906662 0.5579476 0.1778046 4.6574297810766285e-09 "" "" "" "" "" "" "" "" "" "" "" "" "" "" ""
J1830.0-5225 LogParabola bll LSP 19.273632 0.47765398 0.23712926 4.4550004662807767e-10 "" "" "" "" "" "" "" "" "" "" "" "" "" "" ""
J1830.0+1324 PowerLaw bll ISP 37.732994 0.6078868 0.18622549 4.950777630756135e-09 "" "" "" "" "" "" "" "" "" "" "" "" "" "" ""
J1830.1+0617 LogParabola fsrq LSP 252.85811 1.9994402 0.44317445 7.645460125823435e-09 "" "" "" "" "" "" "" "" "" "" "" "" "" "" ""
J1830.2-4443 LogParabola bcu LSP 423.6002 1.0725873 0.23447472 2.0229520817068458e-08 "" "" "" "" "" "" "" "" "" "" "" "" "" "" ""
J1830.7-2713 LogParabola bcu "" 10.352023 0.0 10.0 6.119904904841197e-09 "" "" "" "" "" "" "" "" "" "" "" "" "" "" ""
J1831.9+3820 PowerLaw bll "" 10.579666 0.0 10.0 1.1647549283338152e-09 "" "" "" "" "" "" "" "" "" "" "" "" "" "" ""
J1832.6-5658 PowerLaw bll ISP 33.438347 0.29911065 0.091912396 1.2567004186088963e-08 "" "" "" "" "" "" "" "" "" "" "" "" "" "" ""
J1833.6-2103 LogParabola FSRQ LSP 39822.453 1.4218992 0.3032021 6.847659524212621e-07 0.188212927756654 2.9592792714718303 0.018722074324074377 1.7202555831828683 0.01830651565642449 0.07343124165554073 2.9974015207809286 0.008972898509521945 1.7313005287300436 0.015171542769772306 0.0 2.6883082521335107 0.0003101226929739534 1.6396061271334377 0.004005604023048268
J1834.2+3136 PowerLaw fsrq LSP 37.74758 0.6286706 0.18573594 4.3500899712212125e-09 "" "" "" "" "" "" "" "" "" "" "" "" "" "" ""
J1834.7-5858 PowerLaw bll LSP 26.518602 0.69994396 0.28079644 5.5544517351148614e-09 "" "" "" "" "" "" "" "" "" "" "" "" "" "" ""
J1835.5+1349 PowerLaw bll "" 16.62687 0.31766054 0.39553323 3.987294062576101e-09 "" "" "" "" "" "" "" "" "" "" "" "" "" "" ""
J1836.4+3137 PowerLaw bll ISP 24.603437 0.34759322 0.1427577 1.1873101741842125e-08 "" "" "" "" "" "" "" "" "" "" "" "" "" "" ""
J1836.5+1948 PowerLaw bcu LSP 11.953252 0.086070545 0.5327746 4.023585306756508e-09 "" "" "" "" "" "" "" "" "" "" "" "" "" "" ""
J1837.0+5347 PowerLaw bcu LSP 16.755095 0.19603004 0.11840357 1.0740680112204053e-08 "" "" "" "" "" "" "" "" "" "" "" "" "" "" ""
J1837.3+1052 PowerLaw bcu "" 36.795067 0.77768373 0.2836506 6.680920826216158e-09 "" "" "" "" "" "" "" "" "" "" "" "" "" "" ""
J1837.4-1646 LogParabola bcu "" 12.997303 0.30221787 0.29200497 6.178974673194087e-09 "" "" "" "" "" "" "" "" "" "" "" "" "" "" ""
J1838.0-5959 LogParabola bll ISP 14.123436 0.2932192 0.2414468 4.4589059843392436e-10 "" "" "" "" "" "" "" "" "" "" "" "" "" "" ""
J1838.4-6023 PowerLaw bll "" 21.76625 0.3529396 0.3340658 1.5003641166341375e-09 "" "" "" "" "" "" "" "" "" "" "" "" "" "" ""
J1838.5+5733 PowerLaw bll "" 12.638099 0.0 10.0 7.569224511047449e-10 "" "" "" "" "" "" "" "" "" "" "" "" "" "" ""
J1838.8+4802 LogParabola bll HSP 259.66443 0.4606858 0.10240048 1.3902299998424718e-08 "" "" "" "" "" 0.797752808988764 -0.45491282947659106 0.08585812408933109 0.0 0.1 0.12574850299401197 0.20269091582955856 0.019482491410467637 0.4502120787246368 0.03818371609268599
J1838.9-3457 LogParabola bcu LSP 16.153055 0.17454787 0.1559318 5.332255128175542e-09 "" "" "" "" "" "" "" "" "" "" "" "" "" "" ""
J1839.6-7107 LogParabola fsrq LSP 79.26127 0.82008 0.20219372 1.229712290581616e-08 "" "" "" "" "" "" "" "" "" "" "" "" "" "" ""
J1840.3-3037 LogParabola bcu "" 12.999014 0.31420833 0.3246968 3.574554846798789e-09 "" "" "" "" "" "" "" "" "" "" "" "" "" "" ""
J1840.5+3707 LogParabola bcu LSP 11.138716 0.0 10.0 6.657662290356056e-09 "" "" "" "" "" "" "" "" "" "" "" "" "" "" ""
J1840.6-5545 LogParabola bcu "" 130.47386 1.8049515 0.41467378 4.194865855931747e-09 "" "" "" "" "" "" "" "" "" "" "" "" "" "" ""
J1841.0+6115 PowerLaw bcu "" 70.8828 0.8836349 0.2302471 6.266563099609757e-09 "" "" "" "" "" "" "" "" "" "" "" "" "" "" ""
J1841.3+2909 PowerLaw bll HSP 10.484912 0.0 10.0 2.3686213084633374e-09 "" "" "" "" "" "" "" "" "" "" "" "" "" "" ""
J1841.8+3218 LogParabola bll HSP 48.719627 0.64496166 0.17450559 9.728531043749278e-10 "" "" "" "" "" "" "" "" "" "" "" "" "" "" ""
J1842.3+6810 PowerLaw fsrq LSP 24.270681 0.31970087 0.13242657 1.1061344577397632e-08 "" "" "" "" "" "" "" "" "" "" "" "" "" "" ""
J1842.4-5840 PowerLaw bll "" 54.31739 0.91449004 0.26234522 1.0207706915140329e-09 "" "" "" "" "" "" "" "" "" "" "" "" "" "" ""
J1842.4+7613 PowerLaw bcu "" 20.793789 0.5520809 0.27952573 3.1106976214571897e-09 "" "" "" "" "" "" "" "" "" "" "" "" "" "" ""
J1843.4-4835 PowerLaw rdg "" 4.580828 0.0 10.0 1.39657310319882e-09 "" "" "" "" "" "" "" "" "" "" "" "" "" "" ""
J1843.8-2011 LogParabola bcu "" 17.0888 0.25544146 0.19856459 1.7269143518551162e-09 "" "" "" "" "" "" "" "" "" "" "" "" "" "" ""
J1844.4+1547 LogParabola bll HSP 93.75865 0.4556122 0.109152526 1.346094825691294e-08 "" "" "" "" "" "" "" "" "" "" 0.5203252032520326 0.40477068793468973 0.07138878157129847 0.6362159129844912 0.0821117410517646
J1844.8-3248 PowerLaw bcu ISP 12.290644 0.0 10.0 7.89781285358459e-10 "" "" "" "" "" "" "" "" "" "" "" "" "" "" ""
J1844.9+5709 LogParabola bll "" 10.888286 0.0 10.0 4.9373251405453265e-09 "" "" "" "" "" "" "" "" "" "" "" "" "" "" ""
J1845.0+1613 PowerLaw bcu LSP 65.80314 0.9187895 0.23246677 1.3424073324873311e-08 "" "" "" "" "" "" "" "" "" "" "" "" "" "" ""
J1846.7+7238 PowerLaw bcu HSP 23.65497 0.56370497 0.2621206 7.977814227181311e-10 "" "" "" "" "" "" "" "" "" "" "" "" "" "" ""
J1847.6+5219 PowerLaw bcu "" 13.679377 0.0786678 0.7606237 2.4405690376164673e-09 "" "" "" "" "" "" "" "" "" "" "" "" "" "" ""
J1848.1-4230 PowerLaw bcu HSP 13.370069 0.2105512 0.40109947 4.2202796369862624e-09 "" "" "" "" "" "" "" "" "" "" "" "" "" "" ""
J1848.4+3217 LogParabola FSRQ LSP 649.74146 1.1179153 0.24168858 2.7731668972612424e-08 "" "" "" "" "" "" "" "" "" "" "" "" "" "" ""
J1848.5+6537 PowerLaw bll "" 25.632603 0.6809325 0.27889788 5.398135399627899e-10 "" "" "" "" "" "" "" "" "" "" "" "" "" "" ""
J1848.5+3243 LogParabola fsrq LSP 579.0758 1.0701126 0.23137107 3.808449496201394e-08 "" "" "" "" "" "" "" "" "" "" 0.8514851485148515 2.0971933541979486 0.06937057496551913 1.4481689660388213 0.06427809786034112
J1848.6-2711 LogParabola bcu "" 14.598254 0.23027693 0.24661587 6.887287852612666e-09 "" "" "" "" "" "" "" "" "" "" "" "" "" "" ""
J1848.9+4247 PowerLaw bll ISP 19.028542 0.43363044 0.19612144 2.2337284631227843e-09 "" "" "" "" "" "" "" "" "" "" "" "" "" "" ""
