4LAC_variability_analysis/resulting_catalogs/df_filtered_4lac_luana_dr3.ecsv
# %ECSV 1.0
# ---
# datatype:
# - {name: Source_Name, datatype: string}
# - {name: SpectrumType, datatype: string}
# - {name: CLASS, datatype: string}
# - {name: SED_class, datatype: string}
# - {name: Variability_Index, datatype: float32}
# - {name: Frac_Variability, datatype: float32}
# - {name: Unc_Frac_Variability, datatype: float32}
# - {name: Spectrum_Flux_Estimated, datatype: float64}
# - {name: Bright_Ratio_x, datatype: float64}
# - {name: Norm_Excess_Var(3_days), datatype: float64}
# - {name: Unc_Norm_Excess_Var(3_days), datatype: float64}
# - {name: Frac_Variability(3_days), datatype: float64}
# - {name: Unc_Frac_Variability(3_days), datatype: float64}
# - {name: Bright_Ratio_y, datatype: float64}
# - {name: Norm_Excess_Var(weekly), datatype: float64}
# - {name: Unc_Norm_Excess_Var(weekly), datatype: float64}
# - {name: Frac_Variability(weekly), datatype: float64}
# - {name: Unc_Frac_Variability(weekly), datatype: float64}
# - {name: Bright_Ratio, datatype: float64}
# - {name: Norm_Excess_Var(monthly), datatype: float64}
# - {name: Unc_Norm_Excess_Var(monthly), datatype: float64}
# - {name: Frac_Variability(monthly), datatype: float64}
# - {name: Unc_Frac_Variability(monthly), datatype: float64}
# schema: astropy-2.0
Source_Name SpectrumType CLASS SED_class Variability_Index Frac_Variability Unc_Frac_Variability Spectrum_Flux_Estimated Bright_Ratio_x Norm_Excess_Var(3_days) Unc_Norm_Excess_Var(3_days) Frac_Variability(3_days) Unc_Frac_Variability(3_days) Bright_Ratio_y Norm_Excess_Var(weekly) Unc_Norm_Excess_Var(weekly) Frac_Variability(weekly) Unc_Frac_Variability(weekly) Bright_Ratio Norm_Excess_Var(monthly) Unc_Norm_Excess_Var(monthly) Frac_Variability(monthly) Unc_Frac_Variability(monthly)
J0001.2-0747 PowerLaw bll LSP 46.780693 0.40656525 0.11186972 9.825298762067532e-09 "" "" "" "" "" "" "" "" "" "" 0.8461538461538461 -0.1005589022509055 0.022186776836870342 0.0 0.1
J0001.5+2113 LogParabola fsrq ISP 1910.9358 0.9961379 0.21347848 6.391698902983224e-08 "" "" "" "" "" "" "" "" "" "" 0.5252525252525253 1.0352761691259023 0.036008389587112145 1.0174852181363139 0.017694797401119615
J0003.3-1928 LogParabola bcu LSP 49.879936 0.5918794 0.15997198 3.7156805885832167e-09 "" "" "" "" "" "" "" "" "" "" "" "" "" "" ""
J0004.3+4614 LogParabola fsrq LSP 139.03676 1.0162235 0.2342373 1.0867870933627991e-08 "" "" "" "" "" "" "" "" "" "" "" "" "" "" ""
J0004.4-4737 PowerLaw fsrq LSP 153.28648 0.82349813 0.18814608 1.0707918289380977e-08 "" "" "" "" "" "" "" "" "" "" "" "" "" "" ""
J0005.9+3824 LogParabola fsrq LSP 41.211475 0.36480123 0.107505776 1.4959579006631366e-08 "" "" "" "" "" "" "" "" "" "" "" "" "" "" ""
J0007.7+4008 LogParabola bcu "" 35.662487 0.51003826 0.15463914 2.493900431738488e-09 "" "" "" "" "" "" "" "" "" "" "" "" "" "" ""
J0009.3+5030 LogParabola bll HSP 204.73532 0.40872404 0.092225395 1.6757091625038766e-08 "" "" "" "" "" 0.6666666666666666 -0.04893817678158725 0.016023388099598926 0.0 0.1 0.06060606060606061 0.12064958925756301 0.022296397617964404 0.34734649740218054 0.032095325251183075
J0010.6+2043 PowerLaw fsrq LSP 30.502176 0.82655686 0.2866108 3.0114394507446147e-09 "" "" "" "" "" "" "" "" "" "" "" "" "" "" ""
J0010.6-3025 LogParabola fsrq LSP 168.7764 0.8408478 0.1900444 9.545340735816214e-09 "" "" "" "" "" "" "" "" "" "" "" "" "" "" ""
J0011.4+0057 LogParabola fsrq LSP 231.06699 0.9843933 0.2190029 1.1995542883639901e-08 "" "" "" "" "" "" "" "" "" "" 0.96 0.5526671889143475 0.05810301322357782 0.74341589229337 0.039078404044023955
J0014.1+1910 PowerLaw bll LSP 47.450222 0.8344805 0.22594748 4.933940172007191e-09 "" "" "" "" "" "" "" "" "" "" "" "" "" "" ""
J0014.3-0500 PowerLaw bcu LSP 24.513874 0.3875091 0.14616913 7.878678226142915e-09 "" "" "" "" "" "" "" "" "" "" "" "" "" "" ""
J0014.9+3212 LogParabola bcu LSP 42.14543 0.5126944 0.14218675 1.0222180651213596e-08 "" "" "" "" "" "" "" "" "" "" "" "" "" "" ""
J0016.2-0016 LogParabola fsrq LSP 101.33365 0.5474806 0.13025038 2.0704692135185972e-08 "" "" "" "" "" "" "" "" "" "" "" "" "" "" ""
J0017.0-0649 PowerLaw bcu LSP 40.29398 0.39170718 0.12806079 7.210025157037974e-09 "" "" "" "" "" "" "" "" "" "" "" "" "" "" ""
J0017.5-0514 LogParabola FSRQ LSP 277.9689 0.9674734 0.21379916 2.1430295929193944e-08 "" "" "" "" "" "" "" "" "" "" "" "" "" "" ""
J0019.2-5640 PowerLaw bcu LSP 109.07163 1.0706934 0.25392365 4.062915812609721e-09 "" "" "" "" "" "" "" "" "" "" "" "" "" "" ""
J0019.6+7327 LogParabola fsrq LSP 428.9323 1.2626213 0.2755288 2.8318728063001814e-08 "" "" "" "" "" "" "" "" "" "" "" "" "" "" ""
J0021.5-2552 LogParabola bll ISP 34.189217 0.28834793 0.09045195 6.9503217202199885e-09 "" "" "" "" "" "" "" "" "" "" 0.7590361445783133 -0.05821668790411321 0.026993370171512668 0.0 0.1
J0021.9-5140 PowerLaw bll ISP 29.640602 0.2602695 0.09101473 5.634738821678656e-09 "" "" "" "" "" "" "" "" "" "" 0.922077922077922 0.048113678673478676 0.04412491370737552 0.21934830446912207 0.10058184359840137
J0022.5+0608 LogParabola bll LSP 218.54457 0.45973346 0.10273961 2.687140355246071e-08 "" "" "" "" "" 0.6789473684210526 0.028297544228280753 0.01929215989317006 0.1682187392304459 0.05734248152562057 0.05454545454545454 0.22844542646933788 0.02616560462943404 0.47795964941544794 0.027372189955192854
J0023.7-6820 LogParabola fsrq LSP 41.90163 0.39624077 0.113331325 1.3452104351854601e-08 "" "" "" "" "" "" "" "" "" "" "" "" "" "" ""
J0023.7+4457 LogParabola fsrq "" 118.54512 0.59952384 0.1400515 1.3935794025668095e-08 "" "" "" "" "" "" "" "" "" "" 0.8289473684210527 0.04614906170414006 0.02886880674863476 0.21482332672254206 0.06719197395616316
J0024.4+4647 PowerLaw bcu "" 31.768759 0.60275215 0.21110031 4.666566151657427e-09 "" "" "" "" "" "" "" "" "" "" "" "" "" "" ""
J0024.7+0349 PowerLaw fsrq "" 105.34175 1.9864906 0.4791569 3.3430288908323323e-09 "" "" "" "" "" "" "" "" "" "" "" "" "" "" ""
J0025.7-4801 LogParabola bcu LSP 96.9369 1.2823898 0.30014652 1.5773068048065511e-09 "" "" "" "" "" "" "" "" "" "" "" "" "" "" ""
J0029.0-7044 PowerLaw bll LSP 58.97206 0.5186039 0.1371657 6.884674936972755e-09 "" "" "" "" "" "" "" "" "" "" "" "" "" "" ""
J0030.2-1647 LogParabola bll HSP 40.59725 0.7573207 0.22829282 5.927345967696193e-10 "" "" "" "" "" "" "" "" "" "" "" "" "" "" ""
J0030.3-4224 LogParabola fsrq LSP 138.98315 0.37055287 0.08603619 2.8809500542311667e-08 "" "" "" "" "" 0.8242074927953891 0.4686731478946299 0.03145314687555763 0.6845970697385652 0.022972013952359597 0.15714285714285714 0.6528141552908103 0.03510873103374639 0.8079691549129895 0.021726529298960223
J0030.6-0212 LogParabola fsrq LSP 821.95544 0.86677736 0.18714087 3.311832085087464e-08 "" "" "" "" "" "" "" "" "" "" 0.5096153846153846 0.5853330356720342 0.032836652064883884 0.7650706082918323 0.021459883381350936
J0032.3-5522 LogParabola bcu "" 308.65665 1.4966433 0.32826984 3.747544987899102e-09 "" "" "" "" "" "" "" "" "" "" "" "" "" "" ""
J0033.5-1921 LogParabola bll HSP 92.86173 0.2741329 0.0667558 9.815004089456027e-09 "" "" "" "" "" 0.5365853658536586 -0.11614112308194047 0.01401932502246622 0.0 0.1 0.034482758620689655 0.10272164603552827 0.02254466377850694 0.32050217789514046 0.03517084334116902
J0033.9+3858 LogParabola bcu LSP 33.331326 0.68494487 0.20850971 2.2168066041614014e-09 "" "" "" "" "" "" "" "" "" "" "" "" "" "" ""
J0034.0-4116 PowerLaw bcu LSP 39.682926 0.74232674 0.2096706 5.645882093026922e-09 "" "" "" "" "" "" "" "" "" "" "" "" "" "" ""
J0035.2+1514 LogParabola bll ISP 35.077538 0.28743574 0.08924297 3.5909723182211974e-09 "" "" "" "" "" "" "" "" "" "" 0.29411764705882354 -0.10371094572383703 0.019211060461861117 0.0 0.1
J0035.8+6131 PowerLaw bcu "" 28.802801 0.57795507 0.19344969 1.7449067140857927e-08 "" "" "" "" "" "" "" "" "" "" "" "" "" "" ""
J0035.9+5950 LogParabola bll HSP 252.02275 0.4945189 0.10990695 1.201110323756939e-08 "" "" "" "" "" 0.8495821727019499 -0.018245951301224552 0.028489697731862187 0.0 0.1 0.11392405063291139 0.1779320198646766 0.029378367225281424 0.4218198903141916 0.03482335458790126
J0036.9+1832 PowerLaw bcu "" 97.43484 1.1231472 0.27078244 6.100059977556044e-09 "" "" "" "" "" "" "" "" "" "" "" "" "" "" ""
J0037.8+1239 PowerLaw bll HSP 64.20117 0.5054583 0.1291106 1.1508548357836818e-08 "" "" "" "" "" "" "" "" "" "" "" "" "" "" ""
J0038.2-2459 LogParabola fsrq LSP 2709.9248 1.3562248 0.28996694 3.656834326211453e-08 "" "" "" "" "" "" "" "" "" "" 0.7040816326530612 1.1935884594208066 0.02959481161922256 1.092514741054237 0.01354435345680766
J0039.1+4330 LogParabola bcu ISP 31.704056 0.65184945 0.23183614 9.130174502164304e-10 "" "" "" "" "" "" "" "" "" "" "" "" "" "" ""
J0043.8+3425 LogParabola fsrq LSP 224.46927 0.4441203 0.099531844 1.659317067298205e-08 "" "" "" "" "" 0.47835497835497837 0.10242173530733698 0.019911465398432898 0.3200339596157523 0.031108363347345278 0.07317073170731707 0.29706004333425623 0.025059828010555042 0.5450321488997288 0.02298931178751932
J0044.2-8424 PowerLaw fsrq LSP 53.470932 0.80801016 0.21877652 5.8002285977593074e-09 "" "" "" "" "" "" "" "" "" "" "" "" "" "" ""
J0045.1-3706 PowerLaw fsrq LSP 155.56012 0.7487317 0.17197135 1.2965655124963251e-08 "" "" "" "" "" "" "" "" "" "" "" "" "" "" ""
J0045.3+2128 LogParabola bll HSP 250.93938 0.8666426 0.19069557 5.343042545879169e-09 "" "" "" "" "" "" "" "" "" "" 0.3629032258064516 0.409771327344605 0.057036628905176065 0.6401338354942698 0.044550550012042466
J0045.7+1217 PowerLaw bll "" 33.83813 0.2989295 0.094101235 7.743249720949579e-09 "" "" "" "" "" "" "" "" "" "" 0.40186915887850466 -0.056459417009180876 0.025425849296430304 0.0 0.1
J0047.0+5657 LogParabola bll LSP 102.43012 0.7081358 0.16647492 5.4534362798586395e-09 "" "" "" "" "" "" "" "" "" "" 0.987012987012987 -0.01470722093817019 0.03606350415460393 0.0 0.1
J0047.9+3947 PowerLaw bll "" 73.099915 0.48492384 0.12252718 6.1150915323927715e-09 "" "" "" "" "" "" "" "" "" "" "" "" "" "" ""
J0047.9+2233 PowerLaw fsrq LSP 136.75381 1.3932493 0.31801954 7.672984931576866e-09 "" "" "" "" "" "" "" "" "" "" "" "" "" "" ""
J0049.7+0237 LogParabola bll LSP 236.63927 0.50197613 0.112902254 1.8051977520196372e-08 "" "" "" "" "" 0.930835734870317 0.09907205608675593 0.023103265425317557 0.3147571382617969 0.03670014531346639 0.1875 0.19959885003802907 0.02849612175168388 0.4467648710877222 0.03189163203712213
J0050.0-5736 PowerLaw fsrq LSP 741.8053 1.2299153 0.26537967 2.321036693711337e-08 "" "" "" "" "" "" "" "" "" "" 0.5876288659793815 0.7443672072925377 0.05037631032703168 0.8627671802360922 0.02919461442265713
J0050.4-0452 LogParabola fsrq LSP 224.74948 0.7686617 0.17082424 1.6572329695841097e-08 "" "" "" "" "" "" "" "" "" "" 0.8271604938271605 0.328094238299871 0.04706852656661536 0.5727951102269214 0.04108670423877087
J0050.7-0929 LogParabola BLL ISP 173.04103 0.2895267 0.065945946 3.1433391421994014e-08 0.8388235294117647 -0.05891586474182885 0.012473041714916243 0.0 0.1 0.26964285714285713 0.09562584772213492 0.01872166286118433 0.3092342926037391 0.030271000514769487 0.016483516483516484 0.1872441641290836 0.018336128978358453 0.4327171872355934 0.021187197457418445
J0051.1-0648 LogParabola fsrq LSP 187.1347 0.74358106 0.16811486 1.4987931577000044e-08 "" "" "" "" "" "" "" "" "" "" "" "" "" "" ""
J0051.2-6242 LogParabola bll HSP 166.1224 0.48359662 0.10924634 5.293204354102136e-09 "" "" "" "" "" 0.9441340782122905 -0.12117965654067613 0.01914632833853658 0.0 0.1 0.06962025316455696 0.13045046532602905 0.030393857042708375 0.3611792703437298 0.04207586029755102
J0051.5-4220 LogParabola fsrq LSP 109.69057 0.6494442 0.15332252 1.512173743085013e-08 "" "" "" "" "" "" "" "" "" "" "" "" "" "" ""
J0055.1-1219 LogParabola bcu LSP 170.33379 0.83226466 0.1893077 7.925088531901094e-09 "" "" "" "" "" "" "" "" "" "" "" "" "" "" ""
J0056.3-0935 PowerLaw bll ISP 42.58103 0.3573879 0.10387957 5.615531103973275e-09 "" "" "" "" "" "" "" "" "" "" 0.5483870967741935 -0.03705173036762341 0.036692825646912036 0.0 0.1
J0056.4-2118 LogParabola bll ISP 37.195053 0.28900564 0.087315865 4.464391117589836e-09 "" "" "" "" "" "" "" "" "" "" 0.288135593220339 -0.041259247450938195 0.02898690299641748 0.0 0.1
J0056.6-5317 PowerLaw bcu ISP 33.362465 0.68480986 0.21572877 2.482686287234244e-09 "" "" "" "" "" "" "" "" "" "" "" "" "" "" ""
J0058.0-0539 PowerLaw fsrq LSP 70.91955 0.57147014 0.14721848 1.0852499180696768e-08 "" "" "" "" "" "" "" "" "" "" "" "" "" "" ""
J0058.0-3233 LogParabola bll LSP 75.64645 0.34841296 0.08621674 9.226519208071519e-09 "" "" "" "" "" "" "" "" "" "" 0.26119402985074625 0.08449134104006858 0.030005149369518837 0.2906739428295364 0.05161307043458509
J0058.4+3315 PowerLaw fsrq LSP 85.0194 1.3511356 0.3256 3.4301536308574856e-09 "" "" "" "" "" "" "" "" "" "" "" "" "" "" ""
J0100.3+0745 LogParabola bll ISP 69.08232 0.31829095 0.08114371 7.693708520864806e-09 "" "" "" "" "" "" "" "" "" "" 0.15172413793103448 0.5264316959742987 0.11031358733649362 0.7255561287552458 0.07602002309989864
J0102.4+4214 LogParabola fsrq LSP 168.48021 0.9150152 0.20795405 1.422642976126584e-08 "" "" "" "" "" "" "" "" "" "" "" "" "" "" ""
J0102.8+5824 LogParabola fsrq LSP 955.4202 0.877021 0.18849501 5.908612182150528e-08 0.8474358974358974 0.23166853185363845 0.015816663297375834 0.48131957352017013 0.016430521598882187 0.3207171314741036 0.4227386958835942 0.020724051025959204 0.650183586292052 0.015937076437246674 0.03468208092485549 0.5672047259808474 0.02231970367284395 0.7531299529170562 0.014817963079541774
J0103.5+5337 LogParabola bll "" 43.887676 0.43949983 0.124967664 2.1767664985700668e-09 "" "" "" "" "" "" "" "" "" "" 0.8536585365853658 -0.16457033784781833 0.016880583397513915 0.0 0.1
J0103.8+1321 PowerLaw bll "" 41.098812 0.89384323 0.263389 2.3868263945808493e-09 "" "" "" "" "" "" "" "" "" "" "" "" "" "" ""
J0104.8-2416 LogParabola fsrq LSP 86.89989 0.66464436 0.16205388 1.100375262957302e-08 "" "" "" "" "" "" "" "" "" "" "" "" "" "" ""
J0105.1+3929 PowerLaw bll LSP 102.91723 0.78234667 0.1856753 7.655891582866501e-09 "" "" "" "" "" "" "" "" "" "" "" "" "" "" ""
J0107.4+0334 PowerLaw bll LSP 51.945957 0.85697 0.24898925 3.347420165880097e-09 "" "" "" "" "" "" "" "" "" "" "" "" "" "" ""
J0108.6+0134 LogParabola fsrq LSP 7107.277 0.85781705 0.18312162 2.097444350944693e-07 0.1307490144546649 1.1736060084742557 0.011078838538721403 1.0833309782676095 0.005113321210678356 0.0560875512995896 1.3467085414685889 0.012156637673038621 1.1604777212288864 0.005237772966535439 0.010869565217391304 1.3479531800998055 0.01142484415058442 1.1610138587027312 0.004920201453645897
J0109.7+6133 LogParabola fsrq LSP 1024.9794 1.087106 0.23398246 6.044853584552656e-08 "" "" "" "" "" "" "" "" "" "" 0.3944954128440367 0.7379431386024126 0.03354496684419852 0.8590361683901397 0.019524769781849124
J0111.5-2546 PowerLaw bcu ISP 27.98214 0.77155095 0.2839496 2.6943307429212795e-09 "" "" "" "" "" "" "" "" "" "" "" "" "" "" ""
J0112.0-6634 LogParabola fsrq LSP 34.180763 0.34571588 0.10994588 1.0850909832050628e-08 "" "" "" "" "" "" "" "" "" "" "" "" "" "" ""
J0112.1+2245 LogParabola BLL LSP 475.1801 0.2763648 0.060319703 8.296356202413283e-08 0.2182890855457227 0.2530850274336999 0.012100176830393704 0.5030755683132505 0.012026202018678909 0.07262569832402235 0.3524254348152611 0.013435527158879097 0.5936543058171659 0.0113159519161451 0.0053475935828877 0.3429960180165634 0.012171663943343205 0.5856586190064681 0.010391432438910952
J0112.8+3208 LogParabola fsrq LSP 1211.0096 0.7968676 0.1713113 4.726379057370367e-08 "" "" "" "" "" 0.7771883289124668 4.171465653600444 0.04393614706484469 2.042416620966556 0.010755921836371536 0.24786324786324787 4.935440669405997 0.04931330670083625 2.2215851704145844 0.011098675701826363
J0113.1-3553 LogParabola fsrq LSP 150.41382 0.9041533 0.2054317 7.460640111501069e-09 "" "" "" "" "" "" "" "" "" "" "" "" "" "" ""
J0113.4+4948 LogParabola fsrq LSP 460.0459 1.0018237 0.21734662 1.768009055001285e-08 "" "" "" "" "" "" "" "" "" "" 0.5977011494252874 0.9101222725010633 0.06745262066805308 0.9540032874686876 0.035352404731764105
J0114.0+6418 PowerLaw bcu ISP 32.99492 0.83072656 0.26725054 4.506342583454529e-09 "" "" "" "" "" "" "" "" "" "" "" "" "" "" ""
J0114.8+1326 LogParabola bll ISP 55.35423 0.33702052 0.09024953 1.0213828002611104e-08 "" "" "" "" "" "" "" "" "" "" 0.32456140350877194 0.05913573048218332 0.026278744983791187 0.24317839230117325 0.05403182563861452
J0115.1+2622 PowerLaw bcu ISP 26.395409 0.7734215 0.3636392 1.7551689753340223e-09 "" "" "" "" "" "" "" "" "" "" "" "" "" "" ""
J0115.1-0129 PowerLaw fsrq LSP 48.738384 0.6641062 0.17883822 1.1878302504034177e-08 "" "" "" "" "" "" "" "" "" "" "" "" "" "" ""
J0115.8+2519 PowerLaw bll HSP 304.21786 0.73455894 0.1616985 1.4356177236223592e-08 "" "" "" "" "" "" "" "" "" "" 0.5221238938053098 0.2701852863022294 0.04197979086117855 0.519793503520609 0.040381219250380754
J0116.0-1136 PowerLaw fsrq LSP 326.32373 0.96741605 0.21225941 1.8927154763695183e-08 "" "" "" "" "" "" "" "" "" "" "" "" "" "" ""
J0117.8-2109 LogParabola fsrq LSP 173.52144 0.9522894 0.21574171 9.668764487409899e-09 "" "" "" "" "" "" "" "" "" "" "" "" "" "" ""
J0118.7-0848 LogParabola bcu LSP 31.197487 0.58403265 0.19153893 5.737608969434808e-09 "" "" "" "" "" "" "" "" "" "" "" "" "" "" ""
J0118.9-2141 LogParabola fsrq LSP 369.026 0.472508 0.10375274 4.7448033420430226e-08 "" "" "" "" "" 0.9126760563380282 0.31763897938144575 0.03043372033957987 0.5635946942452934 0.026999651212413822 0.20833333333333334 0.5510394779250143 0.03535735958857635 0.7423203337677167 0.02381543248931142
