4LAC_variability_analysis/resulting_catalogs/df_filtered_4lac_luana_dr3.ecsv
# %ECSV 1.0
# ---
# datatype:
# - {name: Source_Name, datatype: string}
# - {name: SpectrumType, datatype: string}
# - {name: CLASS, datatype: string}
# - {name: SED_class, datatype: string}
# - {name: Variability_Index, datatype: float32}
# - {name: Frac_Variability, datatype: float32}
# - {name: Unc_Frac_Variability, datatype: float32}
# - {name: Spectrum_Flux_Estimated, datatype: float64}
# - {name: Bright_Ratio_x, datatype: float64}
# - {name: Norm_Excess_Var(3_days), datatype: float64}
# - {name: Unc_Norm_Excess_Var(3_days), datatype: float64}
# - {name: Frac_Variability(3_days), datatype: float64}
# - {name: Unc_Frac_Variability(3_days), datatype: float64}
# - {name: Bright_Ratio_y, datatype: float64}
# - {name: Norm_Excess_Var(weekly), datatype: float64}
# - {name: Unc_Norm_Excess_Var(weekly), datatype: float64}
# - {name: Frac_Variability(weekly), datatype: float64}
# - {name: Unc_Frac_Variability(weekly), datatype: float64}
# - {name: Bright_Ratio, datatype: float64}
# - {name: Norm_Excess_Var(monthly), datatype: float64}
# - {name: Unc_Norm_Excess_Var(monthly), datatype: float64}
# - {name: Frac_Variability(monthly), datatype: float64}
# - {name: Unc_Frac_Variability(monthly), datatype: float64}
# schema: astropy-2.0
Source_Name SpectrumType CLASS SED_class Variability_Index Frac_Variability Unc_Frac_Variability Spectrum_Flux_Estimated Bright_Ratio_x Norm_Excess_Var(3_days) Unc_Norm_Excess_Var(3_days) Frac_Variability(3_days) Unc_Frac_Variability(3_days) Bright_Ratio_y Norm_Excess_Var(weekly) Unc_Norm_Excess_Var(weekly) Frac_Variability(weekly) Unc_Frac_Variability(weekly) Bright_Ratio Norm_Excess_Var(monthly) Unc_Norm_Excess_Var(monthly) Frac_Variability(monthly) Unc_Frac_Variability(monthly)
[from data line 290]
J0438.4-1254 PowerLaw fsrq LSP 35.861572 0.6104435 0.2076831 4.4807141901169664e-09 "" "" "" "" "" "" "" "" "" "" "" "" "" "" ""
J0438.9-4521 LogParabola bll LSP 42.5114 0.25965118 0.07574456 1.4753593302523576e-08 "" "" "" "" "" "" "" "" "" "" 0.5798319327731093 0.0829887911517548 0.09517315851695117 0.28807775192082224 0.17407468926883274
J0442.6-0017 LogParabola fsrq LSP 1111.8416 0.6382951 0.13734981 7.811315112897033e-08 "" "" "" "" "" 0.8130630630630631 2.455535827218773 0.03532427785080001 1.5670149416067394 0.03171421492088512 0.15337423312883436 1.68150630104358 0.007489864469956518 1.2967290777350449 0.01980982854693129
J0443.3-6652 LogParabola fsrq LSP 58.51896 0.64657843 0.1696361 5.255514068993893e-09 "" "" "" "" "" "" "" "" "" "" "" "" "" "" ""
J0445.1-6012 LogParabola fsrq "" 26.273516 0.48429844 0.23204803 6.11275648195813e-10 "" "" "" "" "" "" "" "" "" "" "" "" "" "" ""
J0447.4-2747 LogParabola bcu "" 28.690817 0.84675395 0.33939958 2.9040602720890115e-10 "" "" "" "" "" "" "" "" "" "" "" "" "" "" ""
J0449.1+1121 LogParabola fsrq LSP 247.02347 0.4483518 0.09973059 6.001395313225032e-08 "" "" "" "" "" 0.8985849056603774 -0.24486257500317152 0.0984280509413175 0.0 0.1 0.11242603550295859 0.5628585681653387 0.010766696097062467 0.7502390073605469 0.024555012238378696
J0449.2+6329 LogParabola fsrq LSP 443.66812 1.267904 0.27571973 1.5920153710237737e-08 "" "" "" "" "" "" "" "" "" "" "" "" "" "" ""
J0449.4-4350 LogParabola bll HSP 562.9994 0.2949144 0.06405708 6.54730206002547e-08 0.1891373801916933 0.2798363739951282 0.012428044377188793 0.528995627576569 0.018473429408666645 0.049738219895287955 0.30785388189392093 0.006471896339138051 0.5548458181278119 0.013973688527842155 0.0 0.2788866758444392 0.0023793437918408888 0.528097221962433 0.011271674394168128
J0450.3-4419 PowerLaw bcu "" 51.92343 0.47811782 0.12828149 2.1530769589751694e-08 "" "" "" "" "" "" "" "" "" "" 0.9183673469387755 -0.29271360561526194 0.1512651116060423 0.0 0.1
J0451.8-4651 LogParabola fsrq LSP 208.59842 1.3548473 0.30084696 5.725135465767741e-09 "" "" "" "" "" "" "" "" "" "" "" "" "" "" ""
J0453.1-2806 LogParabola fsrq LSP 334.34198 0.41732803 0.09191582 5.3309843826620934e-08 "" "" "" "" "" 0.8674418604651163 0.06350192288919165 0.07181558202337818 0.25199587871469575 0.14653639006336283 0.189873417721519 0.5034043942308916 0.011815534219910802 0.7095099676755018 0.025966970670780885
J0455.7-4617 PowerLaw fsrq LSP 186.21115 0.50094324 0.11292899 3.1066811785130653e-08 "" "" "" "" "" "" "" "" "" "" 0.4351145038167939 0.13473323358373504 0.07540689676664056 0.3670602587910261 0.11819671392791012
J0456.2+2702 PowerLaw bcu LSP 63.187252 1.0315882 0.26125544 1.47730402910199e-08 "" "" "" "" "" "" "" "" "" "" "" "" "" "" ""
J0456.4-4043 PowerLaw bcu LSP 20.495195 0.4486619 0.384365 2.08277307819323e-09 "" "" "" "" "" "" "" "" "" "" "" "" "" "" ""
J0457.0+0646 PowerLaw fsrq LSP 85.86719 1.2994728 0.31597915 7.766292907580183e-09 "" "" "" "" "" "" "" "" "" "" "" "" "" "" ""
J0457.0-2324 LogParabola FSRQ LSP 4184.4746 0.44542956 0.0952493 2.5555644073843464e-07 0.08203350664355864 0.5170556734630187 0.002225441698553537 0.7190658338865912 0.006223497799696768 0.02038216560509554 0.4694384131874107 0.0012946686602455083 0.6851557583406934 0.005761549327044442 0.0 0.38366896391785404 0.0005029985250168998 0.6194101742124148 0.005095638893803494
J0501.2-0158 LogParabola fsrq LSP 1832.3942 0.59450626 0.1275161 1.0471448223996745e-07 0.8385518590998043 1.0242769952431836 0.03322175336441385 1.0120657069791386 0.028468457143136842 0.4143646408839779 1.1077659753809896 0.016910977256787158 1.0525046201233463 0.022252988778545178 0.10588235294117647 0.9552025642049824 0.003921576579357072 0.9773446496528143 0.014322481641351791
J0502.4+0609 PowerLaw fsrq LSP 41.479782 0.62800485 0.17870459 1.4598122955958248e-08 "" "" "" "" "" "" "" "" "" "" "" "" "" "" ""
J0502.5+1340 PowerLaw bll LSP 30.870779 0.79266256 0.25421196 4.530924352429465e-09 "" "" "" "" "" "" "" "" "" "" "" "" "" "" ""
J0502.5+3438 LogParabola bcu "" 78.00671 0.40068516 0.10036098 2.2494677688142778e-08 "" "" "" "" "" "" "" "" "" "" "" "" "" "" ""
J0505.3+0459 LogParabola fsrq LSP 3154.649 1.2163143 0.25989863 1.0363981448662065e-07 "" "" "" "" "" "" "" "" "" "" 0.36231884057971014 3.608471249299682 0.008820332334431863 1.8995976545836442 0.021395747522240993
J0505.6+6405 LogParabola bcu LSP 219.46454 1.3279122 0.29681545 5.817925726682774e-09 "" "" "" "" "" "" "" "" "" "" "" "" "" "" ""
J0505.8-0419 PowerLaw fsrq LSP 65.3115 0.6963327 0.17559911 1.171336992593226e-08 "" "" "" "" "" "" "" "" "" "" "" "" "" "" ""
J0505.8-3817 PowerLaw bll "" 27.222918 0.52732474 0.1952591 1.7912349353092228e-09 "" "" "" "" "" "" "" "" "" "" "" "" "" "" ""
J0507.7-6104 LogParabola fsrq LSP 78.367836 0.530777 0.12693568 1.6954584793191445e-08 "" "" "" "" "" "" "" "" "" "" 0.88 0.10917491662506583 0.13886123258980357 0.33041627778465427 0.2191470665053236
J0507.9+6737 LogParabola bll HSP 68.07339 0.29681376 0.07453797 4.832255998100869e-09 "" "" "" "" "" "" "" "" "" "" 0.13253012048192772 0.09092995938652318 0.03239684014047829 0.3015459490467799 0.06672471192568644
J0509.4+1012 LogParabola fsrq LSP 80.55516 0.5828539 0.14553124 1.616733742779401e-08 "" "" "" "" "" "" "" "" "" "" "" "" "" "" ""
J0509.4+0542 LogParabola bll ISP 1232.4537 0.60248905 0.12942827 7.877273367219259e-08 0.702262443438914 0.28351337814892225 0.04219746567697409 0.5324597432190741 0.047449708731508125 0.24036979969183359 0.49816391325517273 0.021166113650792802 0.7058072777006289 0.02739725736121914 0.010752688172043012 0.43917609412379693 0.009199795217278246 0.6627036246496596 0.02278837848155826
J0509.9-6417 PowerLaw bll HSP 26.126818 0.3680643 0.1386659 2.615523629033756e-09 "" "" "" "" "" "" "" "" "" "" "" "" "" "" ""
J0510.0+1800 LogParabola fsrq LSP 1997.0156 1.5439441 0.33032906 4.185789445560867e-08 "" "" "" "" "" "" "" "" "" "" "" "" "" "" ""
J0510.4-1809 PowerLaw bcu LSP 31.219648 0.74261326 0.23785354 4.164739662148635e-09 "" "" "" "" "" "" "" "" "" "" "" "" "" "" ""
J0512.8+4041 PowerLaw bcu LSP 51.034824 0.4700901 0.12710379 1.6651402221792074e-08 "" "" "" "" "" "" "" "" "" "" "" "" "" "" ""
J0515.6-4556 LogParabola fsrq LSP 1264.4159 1.3293246 0.28511232 3.340060553684819e-08 "" "" "" "" "" "" "" "" "" "" 0.6068376068376068 2.9480744700045944 0.019100409205433988 1.716995768778885 0.03178476313213378
J0515.8+1527 LogParabola bll ISP 35.612732 0.3044058 0.09153046 6.527690118632204e-09 "" "" "" "" "" "" "" "" "" "" 0.7407407407407407 -0.5353582163469085 0.16590249463651208 0.0 0.1
J0516.7-6207 LogParabola bll LSP 240.75616 0.42932096 0.09560028 2.548765923824359e-08 "" "" "" "" "" 0.8794326241134752 -0.28941314657731854 0.08593484810180556 0.0 0.1 0.11242603550295859 0.24960460501989293 0.023207625290131713 0.4996044485589504 0.04146083037380409
J0516.8-0509 LogParabola fsrq LSP 36.250565 0.65416664 0.20053852 6.792785488017991e-09 "" "" "" "" "" "" "" "" "" "" "" "" "" "" ""
J0521.2+1637 PowerLaw css LSP 57.907944 1.3651752 0.3444942 3.0904553500727905e-09 "" "" "" "" "" "" "" "" "" "" "" "" "" "" ""
J0521.7+2112 LogParabola bll HSP 871.48944 0.44370332 0.09577365 7.749311237283956e-08 0.5587010824313072 0.09189370995293956 0.033633313849085085 0.30313975317160163 0.06003111890681789 0.18722139673105498 0.3850085339168408 0.014984499370136654 0.6204905590875986 0.02279234916534703 0.0053475935828877 0.3404978885595645 0.004146834467150815 0.5835219692175818 0.0150049192507373
J0521.8-3848 PowerLaw bcu "" 129.16632 0.9730909 0.22676042 7.041459589049235e-09 "" "" "" "" "" "" "" "" "" "" "" "" "" "" ""
J0522.9-3628 LogParabola AGN LSP 735.7705 0.34303927 0.07420899 1.1309133609792802e-07 0.6025751072961374 0.6822225184933902 0.030383045414590214 0.8259676255722074 0.028886688157942864 0.2225609756097561 0.717427079114538 0.011924288104062167 0.8470106723734583 0.01862008908592948 0.010752688172043012 0.43296638964433726 0.002419357055378797 0.6580018158366565 0.01128875715857387
J0524.6-2819 LogParabola bcu LSP 51.652546 1.226701 0.33813077 1.3870793580067983e-09 "" "" "" "" "" "" "" "" "" "" "" "" "" "" ""
J0525.8-0052 LogParabola bll LSP 43.878246 0.72999454 0.20722643 1.9717079005285615e-09 "" "" "" "" "" "" "" "" "" "" "" "" "" "" ""
J0526.2-4830 LogParabola fsrq LSP 1190.0673 0.7156373 0.15383986 4.9650503411838486e-08 "" "" "" "" "" 0.8465116279069768 1.3643118114201396 0.032913249571331 1.1680375899003164 0.03197706701374006 0.16049382716049382 1.2614970086362294 0.006677290226180575 1.1231638387324574 0.018741194568975217
J0529.3-7243 PowerLaw bcu LSP 68.01042 0.8168783 0.21010053 6.033508558104319e-09 "" "" "" "" "" "" "" "" "" "" "" "" "" "" ""
J0530.9+1332 LogParabola FSRQ LSP 519.9032 1.0383972 0.22576018 4.673789926524533e-08 "" "" "" "" "" "" "" "" "" "" "" "" "" "" ""
J0532.0-4827 LogParabola BLL ISP 3410.7285 1.6092551 0.34378818 3.7000654167924636e-08 "" "" "" "" "" "" "" "" "" "" "" "" "" "" ""
J0532.6+0732 LogParabola FSRQ LSP 653.2348 0.48124903 0.10417598 9.759463560408605e-08 "" "" "" "" "" 0.594059405940594 0.7716594006535429 0.03443407733716034 0.8784414611421428 0.03520513751643343 0.06818181818181818 0.6450641363680041 0.006871522856926168 0.803158848776507 0.01924847271208172
J0532.8-3941 PowerLaw bcu LSP 52.422855 0.4116672 0.11025063 1.574087148899935e-08 "" "" "" "" "" "" "" "" "" "" "" "" "" "" ""
J0532.9-8325 PowerLaw fsrq LSP 95.06296 1.5830212 0.3697206 2.816109388169762e-09 "" "" "" "" "" "" "" "" "" "" "" "" "" "" ""
J0533.0-8446 PowerLaw bcu LSP 37.95041 1.0735706 0.32770032 2.002911444694779e-09 "" "" "" "" "" "" "" "" "" "" "" "" "" "" ""
J0533.3+4823 LogParabola fsrq LSP 279.10355 0.35495943 0.07900059 5.778667586880445e-08 "" "" "" "" "" "" "" "" "" "" 0.3055555555555556 0.44919046135462876 0.025143090453070827 0.6702167271522166 0.04043686760181349
J0533.8-3749 PowerLaw fsrq LSP 36.34187 0.82514596 0.2472828 3.4388434807402314e-09 "" "" "" "" "" "" "" "" "" "" "" "" "" "" ""
J0536.4-3401 LogParabola fsrq LSP 672.74365 0.71144587 0.15398966 4.4011910787310807e-08 "" "" "" "" "" "" "" "" "" "" 0.7904761904761904 1.4238946912852504 0.07643309593330665 1.1932705859465615 0.07019808818839028
J0538.2-3910 PowerLaw bll HSP 40.78795 0.93666995 0.27808803 1.5663131257994875e-09 "" "" "" "" "" "" "" "" "" "" "" "" "" "" ""
J0538.8-4405 LogParabola BLL LSP 10041.657 0.8018237 0.17111444 1.8729941147124866e-07 0.12575574365175332 0.7620218757990197 0.002816013510101178 0.8729386437768807 0.006979832458671747 0.04155844155844156 0.7285082751220505 0.0016168652442948045 0.8535269621529542 0.006419866495030355 0.0 0.6749497537405004 0.0006491198161963807 0.8215532567889318 0.005783835272685925
J0539.6+1432 LogParabola FSRQ LSP 206.6351 1.2338418 0.27579692 1.847063470386683e-08 "" "" "" "" "" "" "" "" "" "" "" "" "" "" ""
J0539.9-2839 LogParabola fsrq LSP 157.44185 0.40932474 0.09374663 3.742683118759704e-08 "" "" "" "" "" "" "" "" "" "" 0.38235294117647056 1.6576799417549068 0.02355728497981695 1.2875092006486426 0.03592743014562338
J0540.8-5415 PowerLaw fsrq LSP 115.87313 0.8126731 0.19019622 1.615068800633917e-08 "" "" "" "" "" "" "" "" "" "" "" "" "" "" ""
J0542.9-0913 LogParabola bcu LSP 54.99218 0.4969538 0.13215414 2.8630544577108796e-08 "" "" "" "" "" "" "" "" "" "" "" "" "" "" ""
J0543.9-5531 LogParabola bll HSP 145.12607 0.42442927 0.0976074 7.549040446625666e-09 "" "" "" "" "" 0.9049881235154394 -0.1703827115318618 0.0908383094517013 0.0 0.1 0.15337423312883436 0.5629006561769784 0.020472712577358783 0.7502670565718439 0.03511567377262886
J0551.0-1622 LogParabola bcu LSP 43.021027 1.0077006 0.30783597 5.587470069840674e-10 "" "" "" "" "" "" "" "" "" "" "" "" "" "" ""
J0552.8+0313 LogParabola bcu LSP 42.78531 0.7741961 0.22214876 1.1173101326014797e-08 "" "" "" "" "" "" "" "" "" "" "" "" "" "" ""
J0555.1+0304 LogParabola bcu LSP 22.866976 0.46202525 0.18616228 1.2698661752556555e-08 "" "" "" "" "" "" "" "" "" "" "" "" "" "" ""
J0555.6+3947 LogParabola fsrq LSP 207.9144 0.6920767 0.15484786 3.5403333924918275e-08 "" "" "" "" "" "" "" "" "" "" "" "" "" "" ""
J0556.2-4352 LogParabola bll LSP 41.841965 0.55607706 0.15654488 2.018732176222982e-09 "" "" "" "" "" "" "" "" "" "" "" "" "" "" ""
J0601.1-7035 LogParabola fsrq LSP 790.82715 0.80240816 0.1734323 3.286490219776401e-08 "" "" "" "" "" "" "" "" "" "" 0.6785714285714286 1.2394290105477037 0.037263180396671716 1.1132964612122431 0.04676336565240036
J0601.8-2003 PowerLaw fsrq LSP 23.082935 0.30162203 0.123092145 1.3348741284377546e-08 "" "" "" "" "" "" "" "" "" "" "" "" "" "" ""
J0602.0+5315 PowerLaw bll "" 64.10905 0.52736855 0.13299097 6.378618809950822e-09 "" "" "" "" "" "" "" "" "" "" 0.898989898989899 -0.4258513301050395 0.1818218170389827 0.0 0.1
J0603.9+2159 PowerLaw bcu "" 20.782434 0.32397166 0.16341914 2.0235358528675667e-08 "" "" "" "" "" "" "" "" "" "" "" "" "" "" ""
J0607.4+4739 LogParabola bll LSP 109.009094 0.25974014 0.061597195 2.479958092269111e-08 "" "" "" "" "" 0.9325301204819277 -0.6412392989999609 0.10834334686007033 0.0 0.1 0.08045977011494253 0.46299333863252645 0.034732309026213076 0.6804361385409555 0.049197907115217106
J0608.0+6721 LogParabola fsrq LSP 89.0411 0.73008716 0.17514852 7.644999287564645e-09 "" "" "" "" "" "" "" "" "" "" "" "" "" "" ""
J0608.0-0835 LogParabola fsrq LSP 335.96204 0.7566275 0.16623053 3.6382175429867885e-08 "" "" "" "" "" "" "" "" "" "" "" "" "" "" ""
J0608.1-6028 PowerLaw fsrq LSP 39.172615 0.7339304 0.21405938 7.1680010617401426e-09 "" "" "" "" "" "" "" "" "" "" "" "" "" "" ""
J0608.1-1521 LogParabola fsrq LSP 373.10196 1.1403486 0.24975881 2.3956625299892985e-08 "" "" "" "" "" "" "" "" "" "" "" "" "" "" ""
J0608.9-5456 LogParabola bcu LSP 111.13025 0.77707577 0.18351576 1.0542342840692716e-08 "" "" "" "" "" "" "" "" "" "" "" "" "" "" ""
J0609.0-2219 PowerLaw fsrq LSP 25.256601 0.5480215 0.22360578 3.6854681666956703e-09 "" "" "" "" "" "" "" "" "" "" "" "" "" "" ""
J0610.1-1848 LogParabola bll LSP 25.989388 0.39083835 0.13809137 5.861464897101884e-09 "" "" "" "" "" "" "" "" "" "" "" "" "" "" ""
J0610.9-6054 LogParabola fsrq LSP 33.365543 0.54699886 0.17466289 7.148343378773665e-09 "" "" "" "" "" "" "" "" "" "" "" "" "" "" ""
J0611.6-2712 LogParabola bcu "" 437.51813 1.3786103 0.3002089 1.0660600357102008e-08 "" "" "" "" "" "" "" "" "" "" "" "" "" "" ""
J0612.5-3138 PowerLaw fsrq LSP 40.075348 0.51225775 0.14671798 1.1295452244190809e-08 "" "" "" "" "" "" "" "" "" "" "" "" "" "" ""
J0612.8+4122 LogParabola bll ISP 92.30578 0.20574366 0.049380105 2.8490826507324773e-08 "" "" "" "" "" 0.45471014492753625 -0.214439946868276 0.04936594574719427 0.0 0.1 0.03296703296703297 0.09531953242655379 0.011093931117252452 0.30873861505576816 0.02974838416326795
J0614.8+6136 LogParabola bcu "" 34.47391 0.70558476 0.21892047 4.118157823083782e-09 "" "" "" "" "" "" "" "" "" "" "" "" "" "" ""
J0615.3-3117 PowerLaw bll ISP 30.69809 0.5846123 0.18588184 3.8720620514275944e-09 "" "" "" "" "" "" "" "" "" "" "" "" "" "" ""
J0617.2+5701 LogParabola bll LSP 54.811657 0.29502088 0.07767284 9.878757323081283e-09 "" "" "" "" "" "" "" "" "" "" 0.189873417721519 0.10175404851225218 0.03730245905809224 0.3189891040650953 0.07223338079992313
J0618.9-1138 PowerLaw bcu LSP 18.423632 0.49229008 0.2609755 1.009452068025161e-08 "" "" "" "" "" "" "" "" "" "" "" "" "" "" ""
J0620.5-2512 LogParabola bcu LSP 128.08601 0.6636755 0.15456705 1.765897146391605e-08 "" "" "" "" "" "" "" "" "" "" "" "" "" "" ""
J0622.3-2605 LogParabola bll HSP 139.32582 0.437988 0.10127738 1.1670180640315371e-08 "" "" "" "" "" "" "" "" "" "" 0.20512820512820512 0.2766275204243744 0.03362103749639937 0.5259539147343372 0.05219270271745896
J0622.9+3326 LogParabola BCU LSP 2686.062 1.7751473 0.37940803 3.856352174441585e-08 "" "" "" "" "" "" "" "" "" "" "" "" "" "" ""
