4LAC_variability_analysis/resulting_catalogs/df_filtered_4lac_luana_dr3.ecsv
# %ECSV 1.0
# ---
# datatype:
# - {name: Source_Name, datatype: string}
# - {name: SpectrumType, datatype: string}
# - {name: CLASS, datatype: string}
# - {name: SED_class, datatype: string}
# - {name: Variability_Index, datatype: float32}
# - {name: Frac_Variability, datatype: float32}
# - {name: Unc_Frac_Variability, datatype: float32}
# - {name: Spectrum_Flux_Estimated, datatype: float64}
# - {name: Norm_Excess_Var(3-days), datatype: float64}
# - {name: err_Norm_Excess_Var(3-days), datatype: float64}
# - {name: Fvar(3-days), datatype: float64}
# - {name: err_Fvar(3-days), datatype: float64}
# - {name: Norm_Excess_Var(weekly), datatype: float64}
# - {name: err_Norm_Excess_Var(weekly), datatype: float64}
# - {name: Fvar(weekly), datatype: float64}
# - {name: err_Fvar(weekly), datatype: float64}
# - {name: Norm_Excess_Var(monthly), datatype: float64}
# - {name: err_Norm_Excess_Var(monthly), datatype: float64}
# - {name: Fvar(monthly), datatype: float64}
# - {name: err_Fvar(monthly), datatype: float64}
# schema: astropy-2.0
Source_Name SpectrumType CLASS SED_class Variability_Index Frac_Variability Unc_Frac_Variability Spectrum_Flux_Estimated Norm_Excess_Var(3-days) err_Norm_Excess_Var(3-days) Fvar(3-days) err_Fvar(3-days) Norm_Excess_Var(weekly) err_Norm_Excess_Var(weekly) Fvar(weekly) err_Fvar(weekly) Norm_Excess_Var(monthly) err_Norm_Excess_Var(monthly) Fvar(monthly) err_Fvar(monthly)
[from data line 409]
J0656.3-0322 LogParabola fsrq LSP 135.8164 0.5096463 0.11851711 5.172932834453581e-08 "" "" "" "" "" "" "" "" 0.17464403002749107 0.0289392671846152 0.41790433119015535 0.03462427285953063
J0659.6-2742 LogParabola fsrq LSP 34.627018 0.54082495 0.16455257 7.67107613222399e-09 "" "" "" "" "" "" "" "" "" "" "" ""
J0659.9+1709 PowerLaw fsrq "" 42.116932 0.55186373 0.17101216 1.1009954628259958e-08 "" "" "" "" "" "" "" "" "" "" "" ""
J0700.5-6610 LogParabola bll ISP 424.4349 0.36702892 0.08045604 3.725207790964879e-08 -0.08026747746239923 0.009687830617106626 0.0 0.1 0.052396637134111794 0.014195185798611995 0.22890311735341612 0.031006973523858273 0.2277053954188889 0.01858850392960306 0.4771848650354377 0.019477256396451932
J0701.5-4634 LogParabola fsrq LSP 397.77115 0.7874476 0.17175063 2.356718556679919e-08 0.05078630279287111 0.016844393025235316 0.2253581655784212 0.03737249320875778 0.22131071500846647 0.023830318365570553 0.4704367279544258 0.025327867648844742 0.5363932105344181 0.03467682021486508 0.732388701806915 0.02367378151063231
J0702.7-1951 LogParabola bll LSP 165.17406 0.5501567 0.124994725 2.114898000916139e-08 "" "" "" "" 0.12184095181135372 0.03745569279686616 0.3490572328592458 0.05365265244621051 0.32081587559484925 0.04326021856121016 0.5664061048354345 0.03818834065513747
J0703.3-0050 LogParabola bll ISP 40.775215 0.33467096 0.11199546 1.0062363761066438e-08 "" "" "" "" "" "" "" "" 0.32309833197795673 0.06681295654197804 0.568417392395726 0.058771034662028425
J0704.8+4907 LogParabola bcu LSP 85.463486 0.63517505 0.15437756 1.0418099997664723e-08 "" "" "" "" "" "" "" "" 0.18197469744698805 0.06415421660191932 0.4265849240737277 0.07519512877913073
J0706.8+7742 LogParabola bll ISP 218.61331 0.66560566 0.14879626 6.091839453518124e-09 "" "" "" "" 0.05607681048795252 0.03958546196978856 0.23680542748837605 0.08358225229388307 0.45855616186268117 0.059631607142113026 0.6771677501643748 0.04403015879568846
J0709.1+2241 LogParabola bll ISP 93.697525 0.55525154 0.13346992 7.523789059801521e-09 "" "" "" "" 0.5762620020359261 0.06546955728237823 0.759119227813343 0.043122051769762505 0.20865984174133703 0.04416631059538762 0.45679299659839034 0.0483439007649874
J0709.7-0255 LogParabola fsrq LSP 270.02664 0.6769121 0.1501978 3.2448628188127495e-08 "" "" "" "" "" "" "" "" 0.3782159450161353 0.046083244481492286 0.6149926381804381 0.03746650091441543
J0710.4+5908 LogParabola bll HSP 35.25338 0.41293478 0.12213288 1.3456949748736282e-09 "" "" "" "" -0.1830112952585654 0.0636353050617173 0.0 0.1 -0.1772789825549224 0.026616575016003247 0.0 0.1
J0710.8-3851 LogParabola fsrq LSP 118.98386 0.7906334 0.1843933 1.3495370516822349e-08 "" "" "" "" "" "" "" "" 0.3573634275055767 0.06624986980882167 0.597798818588308 0.05541150948179326
J0710.9+4733 LogParabola bll LSP 80.649185 0.7356531 0.18060951 9.477006080632828e-09 "" "" "" "" "" "" "" "" "" "" "" ""
J0712.7+5033 LogParabola bll LSP 137.799 0.41072485 0.09570941 1.961227165094812e-08 "" "" "" "" -0.12169564068159598 0.008227029337156909 0.0 0.1 0.053597224399231765 0.024677816040470733 0.23151074359353555 0.05329734520614233
J0713.0+5738 LogParabola bcu ISP 164.48378 1.7756547 0.39081246 6.296388863772307e-09 "" "" "" "" "" "" "" "" "" "" "" ""
J0713.8+1935 LogParabola fsrq LSP 819.04095 1.117072 0.24108285 2.7989191422254052e-08 0.15920683258208465 0.022199648044249874 0.3990073089331631 0.027818598240224836 0.3028144547809921 0.028549172408954646 0.5502857937299419 0.025940313864403913 0.5815773997345787 0.040955566227221546 0.7626122210760713 0.02685215703036589
J0718.0+4536 LogParabola fsrq LSP 230.27907 0.76387745 0.17070132 1.3977854921975952e-08 "" "" "" "" "" "" "" "" 0.30129440872001473 0.05214532979743242 0.5489029137470621 0.04749959281639131
J0719.3+3307 LogParabola fsrq LSP 1061.2396 0.7156194 0.1539528 4.199950464513983e-08 0.49986352678700074 0.02341844131585722 0.7070102734663767 0.01656159902814406 0.646274375096746 0.02895831121224089 0.8039119199867272 0.018010873139385094 0.9562777417811862 0.031024233893962996 0.9778945453274531 0.015862770705799556
J0720.0-3507 PowerLaw bcu LSP 70.12745 1.3634502 0.33969596 5.78235982161678e-09 "" "" "" "" "" "" "" "" "" "" "" ""
J0720.0-6237 LogParabola bcu LSP 21.121565 0.29036593 0.17219807 1.2687080587189383e-08 "" "" "" "" "" "" "" "" "" "" "" ""
J0721.3+0405 LogParabola fsrq LSP 136.42732 0.5775843 0.13298795 2.7030798168116274e-08 "" "" "" "" 0.07908017207432334 0.028165108447473566 0.28121197000540954 0.05007807535172093 0.1850442169164372 0.03314345451060167 0.4301676614024318 0.03852387973859708
J0721.9+7120 LogParabola BLL ISP 2863.5242 0.31229538 0.066829555 2.270481918296998e-07 0.4843461182732897 0.007135174613711883 0.6959497957994454 0.005126213598148719 0.47638788876936783 0.007129750278756148 0.6902085835233924 0.005164924378627716 0.34093712008876786 0.0085709606182017 0.583898210383255 0.007339430457044862
J0723.5+2900 PowerLaw fsrq LSP 52.20106 1.0729648 0.30273977 4.418425196615859e-09 "" "" "" "" "" "" "" "" "" "" "" ""
J0725.2+1425 LogParabola FSRQ LSP 2349.627 1.1580906 0.24773538 6.068982079323168e-08 1.3358838684317431 0.03682999072467123 1.1558044248192438 0.015932622307805695 1.814134402502466 0.0445355029001155 1.3468980668567558 0.016532618167627043 2.4029426132888863 0.052926189150440346 1.550142771904861 0.017071391780707747
J0725.5+0216 LogParabola bcu "" 24.516922 0.35129607 0.13815588 3.3857335930810883e-09 "" "" "" "" "" "" "" "" "" "" "" ""
J0726.4-4727 LogParabola fsrq LSP 107.271484 0.5768305 0.13590081 2.074430562206927e-08 "" "" "" "" -0.01607816178017502 0.018161427181332502 0.0 0.1 0.18279699860680687 0.030280818550775582 0.4275476565329377 0.03541221439070476
J0729.1+5703 PowerLaw fsrq LSP 38.346706 0.88495827 0.27432188 3.1908970287207362e-09 "" "" "" "" "" "" "" "" "" "" "" ""
J0730.3-1141 LogParabola fsrq LSP 2590.958 0.57913643 0.12394973 1.934832102255864e-07 0.31923169248965777 0.01106462472220389 0.5650059225261783 0.009791600655027858 0.4521921421140457 0.012890890123073463 0.6724523344550495 0.00958498429001674 0.5362660386534883 0.013546221208172955 0.7323018767239972 0.009249069023810855
J0730.5-0535 LogParabola bll ISP 52.810474 0.38871467 0.10611158 1.1424274976343746e-08 "" "" "" "" "" "" "" "" -0.04796546535823783 0.02917883833212073 0.0 0.1
J0732.7-4638 LogParabola bcu LSP 98.20563 0.9372509 0.2230067 9.516160580782808e-09 "" "" "" "" "" "" "" "" "" "" "" ""
J0733.5-5445 PowerLaw bcu LSP 104.3914 0.89078695 0.21096873 7.0129632901340725e-09 "" "" "" "" "" "" "" "" 0.28430671540495195 0.07898317527175415 0.5332041967248119 0.07406466017794452
J0733.6+3649 PowerLaw bcu LSP 31.430828 0.7915157 0.27565414 2.934225756292575e-09 "" "" "" "" "" "" "" "" "" "" "" ""
J0733.8+0455 LogParabola fsrq LSP 152.34465 0.9658591 0.22263359 9.285917509432524e-09 "" "" "" "" "" "" "" "" 0.13703997722873776 0.057149575805594904 0.37018911008934036 0.07718970419173404
J0734.0+5021 LogParabola fsrq LSP 462.67313 1.2503871 0.27133727 1.175310502801262e-08 "" "" "" "" "" "" "" "" 0.5825621553613491 0.05448230303368365 0.7632575943686044 0.035690639330456624
J0734.4-7711 LogParabola bcu LSP 192.97269 0.7452308 0.16837029 1.0921492897161769e-08 "" "" "" "" "" "" "" "" 0.06892949789958622 0.040470137774172556 0.2625442779791367 0.07707297619601625
J0738.1+1742 LogParabola bll LSP 208.41606 0.31108257 0.069939725 4.5214137240234854e-08 0.4515650924129996 0.022646906671636033 0.6719859317076509 0.01685072975715854 0.6436927523503926 0.026649902628984236 0.8023046505850459 0.01660834360710171 0.71525251239468 0.02654798501368459 0.845726026792767 0.015695381348474095
J0739.2+0137 LogParabola fsrq LSP 2811.4902 0.77290916 0.16533817 1.2795924312250288e-07 0.8675451589762652 0.017978652795971106 0.93142104280302 0.009651195307906143 0.9092330631881406 0.019979612511041307 0.9535371325691205 0.010476578115636735 0.9352657778558757 0.01874227451514351 0.9670914009833175 0.009690022316446396
J0739.8-6722 LogParabola bcu "" 13.907252 0.14777716 1.0235686 6.12127055973629e-11 "" "" "" "" "" "" "" "" 0.2577169598088364 0.06393430393947769 0.5076583100953204 0.06296981913629374
J0741.4-4709 LogParabola fsrq LSP 36.678528 0.40624946 0.12739532 1.4412916387750916e-08 "" "" "" "" "" "" "" "" "" "" "" ""
J0742.6+5443 LogParabola fsrq LSP 2676.413 1.4839945 0.31726518 3.41711179881971e-08 0.6571434279876937 0.028623208148561594 0.8106438354713453 0.01765461408333461 1.0171956020311772 0.03603199797420398 1.0085611543338249 0.017863070483814067 1.764925703811961 0.04994509796566801 1.3285050635251494 0.018797481220410316
J0742.9-5242 LogParabola bcu LSP 43.723034 0.61246705 0.17800964 1.197799825292587e-08 "" "" "" "" "" "" "" "" "" "" "" ""
J0743.0-5622 PowerLaw fsrq LSP 26.168137 0.39360398 0.16937399 1.0391566601135926e-08 "" "" "" "" "" "" "" "" "" "" "" ""
J0743.6-3805 PowerLaw bcu LSP 44.803783 1.0018123 0.2898592 4.932759444463091e-09 "" "" "" "" "" "" "" "" "" "" "" ""
J0746.3-0225 LogParabola bll ISP 22.220003 0.41345155 0.15728246 1.3873599831399854e-09 "" "" "" "" "" "" "" "" -0.07077061369006424 0.06515014835733662 0.0 0.1
J0746.4+2546 LogParabola fsrq LSP 99.25295 0.60753876 0.14703032 1.897978965812418e-08 "" "" "" "" "" "" "" "" 0.00237861959607451 0.02714036676259279 0.04877109385767875 0.2782423420909155
J0746.5+2730 LogParabola fsrq LSP 42.43465 0.6613832 0.19588558 5.100647017683005e-09 "" "" "" "" "" "" "" "" "" "" "" ""
J0746.6-4754 LogParabola bll HSP 180.25992 0.6489832 0.14655955 1.0437652422718602e-08 0.07697997375092269 0.025160567657226067 0.2774526513676211 0.04534209266554935 0.33292448432489624 0.037187777269045715 0.5769960869233831 0.03222532882964224 0.6006602568753993 0.04393966100448402 0.7750227460374304 0.028347336403441455
J0747.3-3310 PowerLaw bll LSP 131.01733 0.75359267 0.17364618 2.9098897428919735e-08 "" "" "" "" "" "" "" "" 0.14639503449677907 0.02879605487017674 0.38261604056387793 0.03763048567924484
J0748.0-1638 LogParabola bcu LSP 55.81424 0.45089036 0.12116811 1.9209253755268582e-08 "" "" "" "" "" "" "" "" "" "" "" ""
J0748.3+4928 PowerLaw bll "" 29.300648 0.54526585 0.18969226 4.712764770137574e-09 "" "" "" "" "" "" "" "" "" "" "" ""
J0748.6+2400 PowerLaw fsrq LSP 138.79866 0.7540624 0.17480552 1.5603658057166186e-08 "" "" "" "" "" "" "" "" 0.7392886518210859 0.07675649593731634 0.8598189645623583 0.04463526573665705
J0749.3+4453 LogParabola bcu LSP 59.372066 0.56968606 0.14838612 4.803898089357082e-09 "" "" "" "" "" "" "" "" -0.0628766551223625 0.026606541768322528 0.0 0.1
J0749.9+1823 PowerLaw fsrq LSP 28.885231 0.78609985 0.33378556 4.669196272447467e-09 "" "" "" "" "" "" "" "" "" "" "" ""
J0750.8+1229 LogParabola fsrq "" 276.81546 0.8335049 0.18442592 2.054445230930084e-08 "" "" "" "" 0.06358966576030704 0.0250568812757134 0.2521699144630601 0.049682535145135126 0.27047373614872594 0.03586104156445576 0.520070895310174 0.034477070230076984
J0751.0+7908 LogParabola bcu LSP 126.22777 0.71570706 0.16496612 3.6662038222857917e-09 "" "" "" "" "" "" "" "" 0.17372521858504117 0.05944678243639092 0.4168035731433227 0.07131270731207175
J0751.0-5131 LogParabola bcu "" 695.4201 1.6042237 0.34589392 1.8564554243557615e-08 "" "" "" "" 0.13431983562861885 0.030634080392793993 0.3664967061633963 0.041793118297680294 0.6125715624148445 0.056408721231379924 0.7826695103393542 0.03603610494991808
J0753.9+0923 LogParabola bcu LSP 48.098454 0.9072306 0.25683627 2.31051179823691e-09 "" "" "" "" "" "" "" "" "" "" "" ""
J0754.4-1148 LogParabola bll LSP 30.303535 0.17573488 0.05823046 1.875275008904232e-08 "" "" "" "" -0.1316220626855909 0.016314639887297436 0.0 0.1 -0.0038540883963017513 0.021091806662513403 0.0 0.1
J0754.7+4823 LogParabola bll LSP 97.66634 0.33877474 0.08119764 1.299268904961169e-08 -0.18674238068297366 0.008751943128151914 0.0 0.1 -0.14572741606499093 0.01526605593629058 0.0 0.1 0.07354743231516479 0.023606768619831537 0.271196298490899 0.043523397537492105
J0757.1+0956 LogParabola bll LSP 29.923817 0.16204864 0.057297233 1.9754335351237634e-08 "" "" "" "" -0.05991561310790491 0.02316462030877357 0.0 0.1 0.0035024186594392556 0.02071889417769458 0.05918123570388891 0.17504614369122662
J0800.4-2257 LogParabola bcu LSP 30.912079 0.57306385 0.1812374 4.080025911395448e-09 "" "" "" "" "" "" "" "" "" "" "" ""
J0800.9+4401 LogParabola bll LSP 40.383568 0.62187654 0.1764442 2.588520791495379e-09 "" "" "" "" "" "" "" "" "" "" "" ""
J0801.1+6444 PowerLaw bll "" 55.983616 0.8168754 0.21526495 2.0049832236944443e-09 "" "" "" "" "" "" "" "" 0.869925882299813 0.16616903196125654 0.9326981732049296 0.08907974558922309
J0803.2-0337 PowerLaw fsrq HSP 35.256176 0.29779318 0.094055265 9.570201849385762e-09 "" "" "" "" -0.18446924080466492 0.012544044472998842 0.0 0.1 -0.04448207263429385 0.028253560246895598 0.0 0.1
J0803.5+2046 LogParabola bcu LSP 35.926754 0.86836636 0.2747384 1.9230850674704904e-09 "" "" "" "" "" "" "" "" "" "" "" ""
J0804.0-3629 LogParabola bll "" 37.676113 0.3862495 0.1156813 2.1345150623443755e-09 "" "" "" "" "" "" "" "" -0.07649846906926062 0.037041686089575115 0.0 0.1
J0804.5+0414 LogParabola bcu "" 27.343456 0.47493222 0.16077363 5.654829346641505e-09 "" "" "" "" "" "" "" "" "" "" "" ""
J0805.1+7744 PowerLaw bcu LSP 53.039165 0.7865218 0.21184781 4.7486770030946254e-09 "" "" "" "" "" "" "" "" "" "" "" ""
J0805.2-0110 LogParabola fsrq LSP 107.30842 0.7005384 0.165699 1.1985398262602348e-08 "" "" "" "" "" "" "" "" 0.2200137868780491 0.055710366978245815 0.4690562726134777 0.05938558999311531
J0805.4+6147 LogParabola fsrq LSP 293.298 1.0220742 0.22548725 1.5126612577339317e-08 "" "" "" "" "" "" "" "" "" "" "" ""
J0805.4+7534 LogParabola bll HSP 35.005444 0.18986325 0.056986086 7.370396125111456e-09 -0.1982067432836925 0.007120197736719873 0.0 0.1 -0.09418385206643196 0.015806522541352685 0.0 0.1 0.07782595745618104 0.023827765851986097 0.27897304073365414 0.04270621596503182
J0806.5+4503 PowerLaw fsrq LSP 41.18898 0.8398565 0.23722538 4.4649792105534165e-09 "" "" "" "" "" "" "" "" "" "" "" ""
J0807.1-0541 LogParabola bll ISP 129.8438 0.49667788 0.11517401 1.5884226580652075e-08 "" "" "" "" -0.08689831809312723 0.021341945661394465 0.0 0.1 0.15744551522371547 0.03705242166538497 0.3967940463561865 0.04668973993642594
J0807.2-7630 PowerLaw bcu LSP 27.27682 0.5526772 0.20991307 3.289001991161585e-09 "" "" "" "" "" "" "" "" "" "" "" ""
J0807.7-1206 PowerLaw bcu LSP 27.616507 0.6025338 0.21253635 5.811911043048061e-09 "" "" "" "" "" "" "" "" "" "" "" ""
J0808.2-0751 LogParabola fsrq LSP 1746.6395 0.6894232 0.14783646 8.578182741383808e-08 0.7432134123806136 0.016905523951044353 0.8620982614415909 0.009804870690015734 0.9425056569007536 0.019010061518042385 0.9708273053951221 0.00979065041351787 1.0433726276923934 0.019507273132436928 1.0214561310660353 0.009548757180633057
J0809.3+4053 PowerLaw fsrq LSP 36.881348 0.53372186 0.16498408 6.446176011504185e-09 "" "" "" "" "" "" "" "" "" "" "" ""
J0809.5+5341 LogParabola fsrq LSP 524.0887 0.7913452 0.17229111 1.620072660750268e-08 -0.01607851242089793 0.019144989199184264 0.0 0.1 0.19001586699515466 0.035757366589673614 0.4359080946657846 0.04101479993975469 0.3615220686617034 0.03787644551345264 0.6012670526993005 0.03149719026130892
J0809.8+5218 LogParabola BLL HSP 343.8443 0.4027235 0.088413216 2.5738999707780412e-08 0.017740590833851103 0.015404433260319724 0.13319380929251592 0.057827136794657646 0.15614417582095688 0.01944281130195765 0.3951508266737612 0.024601759618751537 0.3073169700271966 0.02161133087222678 0.554361768186801 0.019492082708835443
J0811.0-7529 LogParabola bll ISP 22.582983 0.1067836 0.04392053 1.3935009318791136e-08 "" "" "" "" -0.1310218773313724 0.01259964443292936 0.0 0.1 0.015129959998725805 0.016479347507328754 0.12300390237194024 0.06698709223670954
