4LAC_variability_analysis/resulting_catalogs/df_filtered_4lac_luana_dr3.ecsv
# %ECSV 1.0
# ---
# datatype:
# - {name: Source_Name, datatype: string}
# - {name: SpectrumType, datatype: string}
# - {name: CLASS, datatype: string}
# - {name: SED_class, datatype: string}
# - {name: Variability_Index, datatype: float32}
# - {name: Frac_Variability, datatype: float32}
# - {name: Unc_Frac_Variability, datatype: float32}
# - {name: Spectrum_Flux_Estimated, datatype: float64}
# - {name: Norm_Excess_Var(3-days), datatype: float64}
# - {name: err_Norm_Excess_Var(3-days), datatype: float64}
# - {name: Fvar(3-days), datatype: float64}
# - {name: err_Fvar(3-days), datatype: float64}
# - {name: Norm_Excess_Var(weekly), datatype: float64}
# - {name: err_Norm_Excess_Var(weekly), datatype: float64}
# - {name: Fvar(weekly), datatype: float64}
# - {name: err_Fvar(weekly), datatype: float64}
# - {name: Norm_Excess_Var(monthly), datatype: float64}
# - {name: err_Norm_Excess_Var(monthly), datatype: float64}
# - {name: Fvar(monthly), datatype: float64}
# - {name: err_Fvar(monthly), datatype: float64}
# - {name: Norm_Excess_Var(monthly-t), datatype: float64}
# - {name: err_Norm_Excess_Var(monthly-t), datatype: float64}
# - {name: Fvar(monthly-t), datatype: float64}
# - {name: err_Fvar(monthly-t), datatype: float64}
# schema: astropy-2.0
Source_Name SpectrumType CLASS SED_class Variability_Index Frac_Variability Unc_Frac_Variability Spectrum_Flux_Estimated Norm_Excess_Var(3-days) err_Norm_Excess_Var(3-days) Fvar(3-days) err_Fvar(3-days) Norm_Excess_Var(weekly) err_Norm_Excess_Var(weekly) Fvar(weekly) err_Fvar(weekly) Norm_Excess_Var(monthly) err_Norm_Excess_Var(monthly) Fvar(monthly) err_Fvar(monthly) Norm_Excess_Var(monthly-t) err_Norm_Excess_Var(monthly-t) Fvar(monthly-t) err_Fvar(monthly-t)
[from data line 1356]
J2250.4-4206 PowerLaw bll ISP 32.830795 0.4211423 0.1324952 4.161483891071606e-09 "" "" "" "" "" "" "" "" "" "" "" "" "" "" "" ""
J2250.7-2806 LogParabola bll LSP 742.793 0.9544878 0.20583293 2.401937127017074e-08 "" "" "" "" "" "" "" "" 0.5248265860375604 0.037670730581766156 0.7244491604229798 0.025999568113083026 1.107502214329875 0.055469887548066456 1.0523793110518065 0.026354512562883223
J2251.2+5550 LogParabola bcu "" 34.235767 1.0714153 0.31538463 4.552703840298147e-10 "" "" "" "" "" "" "" "" "" "" "" "" "" "" "" ""
J2251.5-4928 LogParabola bll ISP 109.20144 0.83707297 0.19644675 1.873654432106215e-09 "" "" "" "" "" "" "" "" 0.025131742351876117 0.05657372703180489 0.15852994149963 0.17843230905354532 -0.05721431465977721 0.04536412506521694 0.0 0.1
J2252.0+4031 PowerLaw bll "" 21.603456 0.1897027 0.08005752 1.2187395750242033e-08 "" "" "" "" "" "" "" "" -0.06674608419961055 0.007005335340701661 0.0 0.1 -0.0074572176678682585 0.027298416467101495 0.0 0.1
J2253.2-1232 LogParabola bcu LSP 28.141129 0.47181478 0.16210587 9.40071354974267e-09 "" "" "" "" "" "" "" "" 0.19441758611114324 0.10928971274304201 0.4409280963049908 0.12393144557910654 0.008873819089461466 0.0739960682610566 0.0942009505762095 0.3927564839231269
J2253.9+1609 LogParabola FSRQ LSP 77426.66 0.96451724 0.20566168 1.6250900446069262e-06 3.596757094914871 0.008098140118499677 1.8965118230358784 0.0021350091310099037 3.5243426323612503 0.0080517782662438 1.8773232626165506 0.0021444836983007124 2.7233119868467157 0.006898067815077 1.650246038276328 0.002090011930064074 2.802362549959674 0.007001564537621148 1.6740258510428307 0.0020912354887648657
J2254.8-2725 PowerLaw bll ISP 55.015587 0.73137957 0.20858422 2.404991051792892e-09 "" "" "" "" "" "" "" "" "" "" "" "" "" "" "" ""
J2256.0-2740 PowerLaw fsrq LSP 25.510717 0.21640544 0.08190797 3.292615253321416e-08 "" "" "" "" 0.020519273385648684 0.026123020418074364 0.14324550040280037 0.09118269106051331 0.06729680635566321 0.02411820778697516 0.2594162800513168 0.046485532407997264 0.18047121177523082 0.03489797615109555 0.42481903414893124 0.0410739318931519
J2258.1-2759 LogParabola fsrq LSP 1454.335 0.84668106 0.1816638 6.40036466120264e-08 0.5736847054848863 0.02596710072028077 0.7574197683483619 0.017141816074397506 0.7938961962276816 0.029443901925415263 0.8910085275841537 0.01652279468370989 1.076988305571553 0.0330596730531398 1.0377804707988838 0.015928066668902747 1.4080980709602215 0.03835110863674683 1.1866330818581714 0.016159632334155096
J2258.5-8247 LogParabola bcu ISP 37.328026 0.5026736 0.15279397 2.9829967538357994e-09 "" "" "" "" "" "" "" "" -0.11215231829623531 "" 0.0 0.1 -0.1750748624684326 0.01652137423655742 0.0 0.1
J2259.8-1552 LogParabola bcu LSP 57.7108 0.6802422 0.17836547 3.5979724113724137e-09 "" "" "" "" "" "" "" "" "" "" "" "" "" "" "" ""
J2300.7-2645 PowerLaw fsrq LSP 54.11468 1.0634604 0.29223844 4.06678697534655e-09 "" "" "" "" "" "" "" "" "" "" "" "" "" "" "" ""
J2301.0-0158 LogParabola fsrq LSP 601.0875 0.9494157 0.20575298 2.4227844971111062e-08 "" "" "" "" 0.37758756655759607 0.030597138665030003 0.614481542894167 0.024896710909264676 0.6337331164632809 0.036786612805170794 0.7960735622185181 0.0231050335993152 1.151553774966954 0.05019942928116335 1.0731047362522235 0.023389808834728895
J2304.3+0618 LogParabola bcu LSP 33.979588 0.66202164 0.21572922 3.976664815767596e-09 "" "" "" "" "" "" "" "" "" "" "" "" "" "" "" ""
J2304.6+3704 PowerLaw bll HSP 39.507015 0.39735016 0.11589052 4.6978355934880204e-09 "" "" "" "" "" "" "" "" 0.05621393280135566 0.0692279876356612 0.237094775989172 0.14599222472709142 -0.03360447342915393 0.05088233805332354 0.0 0.1
J2307.6+1451 LogParabola bll LSP 72.75111 0.90938485 0.23394805 2.2174417244927136e-09 "" "" "" "" "" "" "" "" "" "" "" "" "" "" "" ""
J2311.0+0205 LogParabola bll LSP 167.08553 0.90765697 0.20547672 6.945429808765587e-09 "" "" "" "" "" "" "" "" 0.10046909108501224 0.053777401341333804 0.3169685963703853 0.08483080336213124 0.13067244203871323 0.05724186412876581 0.36148643410052506 0.07917567400724024
J2311.0+3425 LogParabola FSRQ LSP 2396.9778 0.89476496 0.19153967 6.955055231365772e-08 0.43600046430726935 0.018997066454930697 0.6603033123552156 0.014385106131885546 0.6672460903335974 0.022921624172273596 0.8168513269460957 0.014030474956788679 1.0263196461509025 0.027896841704974706 1.0130743537129456 0.013768407818602852 1.4261345133705512 0.06292675309722107 1.194208739446564 0.02634663062605932
J2311.7+2604 PowerLaw bcu LSP 66.74571 0.94921553 0.23703669 6.317715568763338e-09 "" "" "" "" "" "" "" "" "" "" "" "" "" "" "" ""
J2312.5+7241 LogParabola bcu LSP 46.005188 0.9207268 0.2571478 4.0389928443829995e-09 "" "" "" "" "" "" "" "" "" "" "" "" "" "" "" ""
J2313.5+3945 LogParabola bcu "" 131.37738 0.8338393 0.19352068 1.3483105633055358e-08 "" "" "" "" "" "" "" "" 0.02625025801115909 0.025735548147693875 0.16201931369796346 0.07942123553143209 0.19996409975118964 0.13339988061797173 0.44717345600023 0.1491589883388596
J2315.6-5018 PowerLaw bll LSP 57.949837 0.7446451 0.19546674 5.472269022059793e-09 "" "" "" "" "" "" "" "" -0.09018585025064128 "" 0.0 0.1 -0.18392045775812188 0.00894980636313688 0.0 0.1
J2317.4-4533 LogParabola bll HSP 31.65723 0.39042708 0.12647475 2.2912412052004506e-09 "" "" "" "" "" "" "" "" -0.045997966349534535 0.04083399941173219 0.0 0.1 -0.11396287702604474 0.03998714074361835 0.0 0.1
J2318.2+1915 PowerLaw bcu LSP 62.7204 0.6096147 0.15411347 1.5446609353265815e-08 "" "" "" "" "" "" "" "" 0.08165309723163798 0.043354563508655644 0.2857500607727634 0.07586098738073836 0.5239486219557595 0.0990601473512154 0.7238429539311407 0.06842654667923935
J2320.8-0823 LogParabola fsrq LSP 23.201485 0.6960523 0.31758127 1.6078911507033832e-09 "" "" "" "" "" "" "" "" "" "" "" "" "" "" "" ""
J2321.5-1619 LogParabola bll "" 39.59995 0.71682644 0.20341101 6.57649773976896e-10 "" "" "" "" "" "" "" "" "" "" "" "" "" "" "" ""
J2321.7-6438 PowerLaw bll ISP 183.44705 0.8844304 0.19934168 6.344707752038043e-09 "" "" "" "" "" "" "" "" "" "" "" "" "" "" "" ""
J2321.9+3204 LogParabola fsrq LSP 1199.3973 0.9342143 0.20085001 3.490938176946417e-08 "" "" "" "" "" "" "" "" 1.0010189758037218 0.04708563659531954 1.0005093581789837 0.023530832675578168 2.0754391726869237 0.16412712738700472 1.4406384600887634 0.05696332977841373
J2322.6-0735 PowerLaw bcu LSP 61.518944 0.7944486 0.20569055 6.6528623560039036e-09 "" "" "" "" "" "" "" "" "" "" "" "" "" "" "" ""
J2322.8-4916 LogParabola bll HSP 35.560608 0.37331602 0.11807116 1.7270519354736639e-09 "" "" "" "" "" "" "" "" -0.0127120058217587 0.05711911308538065 0.0 0.1 -0.11327024748954909 0.04771972047545235 0.0 0.1
J2323.5-0317 LogParabola fsrq LSP 874.44104 0.6045611 0.13038619 5.801155707048866e-08 0.38249992610972355 0.023620589826117505 0.6184657841058983 0.019096116901814744 0.5725241576031528 0.02613976913218089 0.7566532611461824 0.01727328122037314 0.767360626605595 0.02868331282051969 0.8759912251875558 0.016371917889005334 0.9702025743745627 0.03336667271190099 0.9849886163680079 0.016937593063225134
J2323.6-0617 LogParabola fsrq LSP 189.80086 1.1106684 0.24885307 9.374561759115034e-09 "" "" "" "" "" "" "" "" "" "" "" "" "" "" "" ""
J2323.8+4210 LogParabola bll HSP 46.59272 0.21537288 0.06121569 1.0203897657526847e-08 "" "" "" "" -0.11215601462582128 0.011250145938224676 0.0 0.1 0.0224352331295047 0.020078442631720116 0.14978395484665472 0.06702467781771403 0.07769383977500696 0.025642159912138147 0.27873614723427415 0.04599719154937275
J2324.7-4041 LogParabola bll HSP 71.20445 0.46095696 0.114633426 3.2995735415206844e-09 "" "" "" "" "" "" "" "" -0.06925444749645478 0.023822080633008953 0.0 0.1 -0.007036711172739952 0.04024441845318108 0.0 0.1
J2324.7+0801 PowerLaw bll ISP 25.900467 0.2849192 0.10450956 1.097136734048141e-08 "" "" "" "" "" "" "" "" -0.09338486280047407 "" 0.0 0.1 -0.024484239947735714 0.05404675636945316 0.0 0.1
J2325.2+3957 LogParabola bll LSP 86.03061 0.37754604 0.0915306 1.2164535552856787e-08 "" "" "" "" 0.003930608082741434 0.030277622321608782 0.06269456182749374 0.24146928727980196 0.07034640455947452 0.028462732637481586 0.2652289662904007 0.05365690828489218 0.1745062419311324 0.03714333644574819 0.4177394426327641 0.04445754058038637
J2325.4-4800 PowerLaw bll ISP 133.19888 0.5536882 0.12714717 1.5156065814588678e-08 "" "" "" "" -0.035993189383051065 0.019773056326298097 0.0 0.1 0.09875523847398752 0.025526734173627146 0.3142534621511552 0.0406148813745588 0.2700583614768641 0.03771899094140808 0.5196713975935794 0.03629119393146499
J2325.4-3559 LogParabola fsrq LSP 186.2541 0.42513633 0.096380375 2.2149571317797807e-08 "" "" "" "" 0.12537373277703906 0.026059011999380766 0.3540815340808372 0.03679803871589568 0.15607360228059372 0.02286898040422008 0.3950615170838508 0.028943568805470617 0.2984967117370883 0.030324856033278794 0.5463485258853439 0.02775229967367271
J2325.7+1821 PowerLaw bcu LSP 31.614277 0.4398938 0.14587417 7.525367970012156e-09 "" "" "" "" "" "" "" "" "" "" "" "" "" "" "" ""
J2326.2+0113 PowerLaw bcu LSP 57.76949 1.048492 0.27279612 3.2999885270830565e-09 "" "" "" "" "" "" "" "" "" "" "" "" "" "" "" ""
J2327.5-3259 LogParabola bcu "" 13.567044 0.23040614 0.20679049 3.0481136012574564e-09 "" "" "" "" "" "" "" "" "" "" "" "" "" "" "" ""
J2327.5+0939 LogParabola fsrq LSP 434.73053 0.7418971 0.16231701 4.5613027976802476e-08 "" "" "" "" "" "" "" "" 0.31306119524159914 0.03449137745821001 0.5595187175078231 0.030822362486673877 0.5405828771036476 0.04531688784708491 0.735243413505791 0.03081760884535145
J2328.3-4036 LogParabola fsrq LSP 347.1513 0.6122974 0.13438825 3.410642742585484e-08 "" "" "" "" 0.721227658718904 0.05094701984207202 0.8492512341580105 0.029995258053750962 0.5997928462546461 0.04359335618205969 0.7744629405301755 0.028144249324710685 0.937021657306992 0.054770000909501716 0.9679987899305412 0.028290325090918625
J2329.3-4955 LogParabola FSRQ LSP 16384.979 1.1942681 0.25476465 1.6372106279411433e-07 0.6508127955644183 0.013029213461784709 0.8067296917582855 0.0080753278296893 0.8532920040396434 0.014831240527532447 0.9237380602961228 0.008027838824124015 1.353820969484094 0.017716217554839694 1.1635381254965795 0.007613079952699744 2.03483000834439 0.022038457001607302 1.4264746784799196 0.007724797829952345
J2329.3-4733 PowerLaw fsrq LSP 53.506725 0.6718626 0.17639126 7.478565191412284e-09 "" "" "" "" "" "" "" "" "" "" "" "" "" "" "" ""
J2330.2+7759 LogParabola bcu "" 43.30219 0.6050684 0.16876575 4.1736630631447015e-09 "" "" "" "" "" "" "" "" "" "" "" "" "" "" "" ""
J2330.5+1102 LogParabola fsrq LSP 37.64403 0.6282046 0.1890057 7.651982504038922e-09 "" "" "" "" "" "" "" "" "" "" "" "" "" "" "" ""
J2331.0-2147 LogParabola fsrq LSP 289.81918 0.80587757 0.1775244 2.0398081448726366e-08 "" "" "" "" 0.2479124965057225 0.027979049466023486 0.49790812054607275 0.02809659886179192 0.21583991975681355 0.029413384259430256 0.46458575070358493 0.03165549547622328 0.469794585492532 0.04379931799822137 0.6854156297404751 0.031950918608907045
J2331.3-1558 PowerLaw fsrq LSP 30.641829 0.6942764 0.24623562 4.4404189128924535e-09 "" "" "" "" "" "" "" "" "" "" "" "" "" "" "" ""
J2334.2+0736 PowerLaw fsrq LSP 96.52104 1.1484858 0.27714655 6.915200369669419e-09 "" "" "" "" "" "" "" "" "" "" "" "" "" "" "" ""
J2334.8+1432 LogParabola bll LSP 121.71188 0.84284323 0.19459839 4.042547475885133e-09 "" "" "" "" "" "" "" "" 0.054107161182213696 0.058015300142518995 0.23260946064640986 0.12470537522699514 0.025941627439422046 0.055952038951964427 0.16106404763143775 0.17369499827794987
J2335.4-0128 LogParabola fsrq LSP 64.27955 1.0207074 0.2507459 6.113230135464708e-09 "" "" "" "" "" "" "" "" "" "" "" "" "" "" "" ""
J2336.5-7622 PowerLaw bll "" 22.989252 0.40682313 0.16637242 4.084645175995161e-09 "" "" "" "" "" "" "" "" "" "" "" "" "" "" "" ""
J2336.6-4115 LogParabola fsrq LSP 161.60208 0.734942 0.16730464 1.1694108859410555e-08 "" "" "" "" "" "" "" "" "" "" "" "" "" "" "" ""
J2338.0-0230 PowerLaw fsrq LSP 136.03596 0.57845163 0.13412176 2.4540236942974496e-08 "" "" "" "" "" "" "" "" 0.1166333451179554 0.03463304748529829 0.3415162442958686 0.05070483185463698 0.2813399074258488 0.05021965327554066 0.5304148446507213 0.04733997717259437
J2339.6+0242 LogParabola bcu LSP 29.759596 0.6149073 0.2007117 5.181185675502401e-09 "" "" "" "" "" "" "" "" -0.03406710883625665 0.02955532282152349 0.0 0.1 -0.13319433213784734 0.02618910409557209 0.0 0.1
J2343.7-5624 PowerLaw bcu LSP 47.54724 1.025155 0.29347625 1.952217287779284e-09 "" "" "" "" "" "" "" "" "" "" "" "" "" "" "" ""
J2345.2-1555 LogParabola FSRQ LSP 3702.563 0.89033765 0.19032075 8.977744559241804e-08 0.5384461445483206 0.018728257630429856 0.7337888964466011 0.012761338936254087 0.7689935776033116 0.022071864211878567 0.8769227888493443 0.012584838991834277 1.1106886200031436 0.02687370876002155 1.0538921292063737 0.012749743553099034 1.5816481695660147 0.03293083846799147 1.2576359447654217 0.013092357372997094
J2347.0+5141 LogParabola bll HSP 58.688427 0.20183285 0.052628208 1.4497744907334109e-08 -0.10711611897244487 0.017115780975284794 0.0 0.1 -0.05119201984692615 0.016149464161371564 0.0 0.1 0.05933658406111656 0.01729102997141431 0.2435910180222509 0.035491928462310654 0.12370260721582395 0.021916736530283403 0.35171381436591875 0.031157059568154323
J2348.0-1630 LogParabola fsrq LSP 1646.2932 0.8283717 0.1777093 6.571699116478933e-08 0.3740492773234286 0.01790633839309178 0.6115956812498177 0.014639032731967249 0.522539317304499 0.020511982727817825 0.7228688105766489 0.014187901336796474 0.6591134014393304 0.02229047911429317 0.8118579933949843 0.013728065311693268 0.8432334268189307 0.025827059256763853 0.9182774236683219 0.01406277590577708
J2348.1-4934 PowerLaw bcu LSP 27.786465 0.7400944 0.26060146 3.6077193393750336e-09 "" "" "" "" "" "" "" "" "" "" "" "" "" "" "" ""
J2349.2+4535 PowerLaw bll "" 47.49776 0.7112021 0.19920789 4.730068877590095e-09 "" "" "" "" "" "" "" "" "" "" "" "" "" "" "" ""
J2349.4+0534 PowerLaw fsrq LSP 25.364594 0.5878059 0.21617562 5.484380695696111e-09 "" "" "" "" "" "" "" "" "" "" "" "" "" "" "" ""
J2350.6-3005 PowerLaw bll HSP 30.853954 0.4535907 0.14712651 3.9487538191885905e-09 "" "" "" "" "" "" "" "" "" "" "" "" "" "" "" ""
J2352.0+1750 LogParabola bll ISP 46.650047 0.56932986 0.15848067 2.581178034182222e-09 "" "" "" "" "" "" "" "" "" "" "" "" "" "" "" ""
J2355.7-3351 PowerLaw bcu HSP 19.07168 0.27104938 0.14137977 6.46542642598146e-09 "" "" "" "" "" "" "" "" -0.02104120798196388 0.046153469278529896 0.0 0.1 -0.10070318948341216 0.03886665880266177 0.0 0.1
J2357.8-5311 PowerLaw fsrq LSP 218.9454 1.0637577 0.23617218 1.6614091104368695e-08 "" "" "" "" "" "" "" "" "" "" "" "" "" "" "" ""
J2358.0-4601 PowerLaw bcu LSP 30.538687 0.4773978 0.15740852 5.184782175852929e-09 "" "" "" "" "" "" "" "" "" "" "" "" "" "" "" ""
J2358.3-1021 LogParabola fsrq LSP 195.55394 0.6680762 0.15055147 2.1649299842458675e-08 "" "" "" "" "" "" "" "" 0.15142715151785693 0.035572882283711235 0.38913641761965295 0.045707470019524916 0.3734020920479197 0.05256789845109457 0.6110663565014193 0.043013248800069126
J2358.3+3830 PowerLaw bll "" 42.17311 0.5673469 0.16491899 4.248419656774293e-09 "" "" "" "" "" "" "" "" -0.10959075900691531 "" 0.0 0.1 -0.16102627069835573 0.26760678583224434 0.0 0.1
J2359.0+3922 PowerLaw fsrq LSP 56.146664 0.7799212 0.20391001 7.005793480558941e-09 "" "" "" "" "" "" "" "" "" "" "" "" "" "" "" ""
J2359.2-3134 PowerLaw fsrq LSP 82.691574 1.0123546 0.2485515 5.776904283664661e-09 "" "" "" "" "" "" "" "" "" "" "" "" "" "" "" ""
