4LAC_variability_analysis/resulting_catalogs/df_filtered_4lac_luana_dr3.ecsv
# %ECSV 1.0
# ---
# datatype:
# - {name: Source_Name, datatype: string}
# - {name: SpectrumType, datatype: string}
# - {name: CLASS, datatype: string}
# - {name: SED_class, datatype: string}
# - {name: Variability_Index, datatype: float32}
# - {name: Frac_Variability, datatype: float32}
# - {name: Unc_Frac_Variability, datatype: float32}
# - {name: Spectrum_Flux_Estimated, datatype: float64}
# - {name: Bright_Ratio_x, datatype: float64}
# - {name: Norm_Excess_Var(3_days), datatype: float64}
# - {name: Unc_Norm_Excess_Var(3_days), datatype: float64}
# - {name: Frac_Variability(3_days), datatype: float64}
# - {name: Unc_Frac_Variability(3_days), datatype: float64}
# - {name: Bright_Ratio_y, datatype: float64}
# - {name: Norm_Excess_Var(weekly), datatype: float64}
# - {name: Unc_Norm_Excess_Var(weekly), datatype: float64}
# - {name: Frac_Variability(weekly), datatype: float64}
# - {name: Unc_Frac_Variability(weekly), datatype: float64}
# - {name: Bright_Ratio, datatype: float64}
# - {name: Norm_Excess_Var(monthly), datatype: float64}
# - {name: Unc_Norm_Excess_Var(monthly), datatype: float64}
# - {name: Frac_Variability(monthly), datatype: float64}
# - {name: Unc_Frac_Variability(monthly), datatype: float64}
# schema: astropy-2.0
Source_Name SpectrumType CLASS SED_class Variability_Index Frac_Variability Unc_Frac_Variability Spectrum_Flux_Estimated Bright_Ratio_x Norm_Excess_Var(3_days) Unc_Norm_Excess_Var(3_days) Frac_Variability(3_days) Unc_Frac_Variability(3_days) Bright_Ratio_y Norm_Excess_Var(weekly) Unc_Norm_Excess_Var(weekly) Frac_Variability(weekly) Unc_Frac_Variability(weekly) Bright_Ratio Norm_Excess_Var(monthly) Unc_Norm_Excess_Var(monthly) Frac_Variability(monthly) Unc_Frac_Variability(monthly)
[from data line 618]
J1026.9-1749 LogParabola bll HSP 109.83172 0.5254243 0.12327786 8.04568078524871e-09 "" "" "" "" "" "" "" "" "" "" 0.42857142857142855 0.1964250972756836 0.0494758483106624 0.44319871082358037 0.055816778233315704
J1027.2+7427 LogParabola bcu LSP 231.8197 0.8834449 0.19589837 1.4693126511799263e-08 "" "" "" "" "" "" "" "" "" "" "" "" "" "" ""
J1027.6+8251 PowerLaw bcu "" 27.714838 0.5229811 0.18046112 2.765944540604599e-09 "" "" "" "" "" "" "" "" "" "" "" "" "" "" ""
J1028.3+3108 PowerLaw bll ISP 21.765783 0.49159962 0.316111 1.6346925844014878e-09 "" "" "" "" "" "" "" "" "" "" "" "" "" "" ""
J1028.4-0234 LogParabola fsrq LSP 50.204163 0.62168676 0.16848682 9.374264934708376e-09 "" "" "" "" "" "" "" "" "" "" "" "" "" "" ""
J1031.1+7442 PowerLaw bll ISP 30.521486 0.47440833 0.13795178 6.268188716599461e-09 "" "" "" "" "" "" "" "" "" "" 0.9444444444444444 0.2759562606580737 0.08409811639577704 0.525315391605913 0.08004535726498063
J1031.6+6019 PowerLaw fsrq LSP 134.82387 0.6504064 0.15200582 2.0994629899940734e-08 "" "" "" "" "" "" "" "" "" "" 0.918918918918919 0.1420446275987907 0.04177289126694033 0.3768880836518856 0.055418164010624514
J1032.6+3737 PowerLaw bll ISP 25.485817 0.28292996 0.10712213 6.563614716769068e-09 "" "" "" "" "" "" "" "" "" "" 0.6391752577319587 -0.10041000181445486 0.020312299464754716 0.0 0.1
J1033.1+4115 LogParabola fsrq LSP 150.24303 0.41543454 0.09586866 2.1385025636525835e-08 "" "" "" "" "" "" "" "" "" "" 0.4339622641509434 0.1217394259350631 0.027303800856655208 0.3489117738556025 0.039127084412971
J1033.9+6050 LogParabola FSRQ LSP 953.4672 0.53521377 0.11538536 5.863634565676131e-08 0.7837837837837838 0.537313302663675 0.021641947873261364 0.7330165773457481 0.01476224995594699 0.3787878787878788 0.7013410594913507 0.024404307624661854 0.8374610793889772 0.014570413016965256 0.12101910828025478 0.8111118498790492 0.02552680730943476 0.9006174825524148 0.01417183643664675
J1036.2+2202 PowerLaw fsrq LSP 140.41508 0.71534216 0.16567093 1.5364466886724412e-08 "" "" "" "" "" "" "" "" "" "" "" "" "" "" ""
J1037.4-2933 PowerLaw fsrq LSP 61.594067 0.5731391 0.14951101 1.1927928444730079e-08 "" "" "" "" "" "" "" "" "" "" "" "" "" "" ""
J1037.7-2822 LogParabola fsrq LSP 396.48175 0.7626407 0.1664706 3.333853602555958e-08 "" "" "" "" "" "" "" "" "" "" 0.3904761904761905 0.6404034756410043 0.04806059437792087 0.8002521325438654 0.030028407562716772
J1037.7+5711 LogParabola bll ISP 179.93988 0.29643804 0.06738798 1.398654284751533e-08 0.5018939393939394 -0.019619909881550913 0.012870761757468386 0.0 0.1 0.1273006134969325 0.09458828744359589 0.015433184447722305 0.307552088992411 0.025090358674336833 0.005813953488372093 0.16631634529824327 0.01516766404618808 0.40781901046695124 0.018596072837336792
J1038.2-2425 PowerLaw bcu "" 36.00459 0.79650074 0.25107658 3.964560888267244e-09 "" "" "" "" "" "" "" "" "" "" "" "" "" "" ""
J1038.8-5312 LogParabola fsrq LSP 764.56464 1.9796325 0.42656752 1.7562919166398743e-08 "" "" "" "" "" "" "" "" "" "" "" "" "" "" ""
J1040.5+0617 PowerLaw bll LSP 133.06842 0.87015265 0.20138212 2.2963523144005534e-08 "" "" "" "" "" "" "" "" "" "" 0.2079207920792079 0.28768348030927476 0.0348522033952359 0.5363613337194197 0.032489481627573584
J1043.2+2408 PowerLaw fsrq LSP 67.99225 0.43328348 0.10997813 1.4434035514046998e-08 "" "" "" "" "" "" "" "" "" "" "" "" "" "" ""
J1044.6+8053 LogParabola fsrq LSP 66.095795 0.23743774 0.06132966 3.562644977569871e-08 "" "" "" "" "" "" "" "" "" "" 0.46534653465346537 0.48365953468188055 0.04772817184971191 0.6954563499471987 0.03431428288298438
J1045.8-2928 PowerLaw fsrq LSP 176.53947 1.3645213 0.30882025 1.0503777381503819e-08 "" "" "" "" "" "" "" "" "" "" "" "" "" "" ""
J1047.2-5517 PowerLaw bcu "" 42.069378 0.5195908 0.14768066 2.3667465795526944e-08 "" "" "" "" "" "" "" "" "" "" "" "" "" "" ""
J1047.7+7238 PowerLaw bll ISP 74.86048 0.69096375 0.1729446 6.582713628276945e-09 "" "" "" "" "" "" "" "" "" "" "" "" "" "" ""
J1047.8-6216 LogParabola bcu LSP 100.55631 0.5892255 0.1411354 3.2836286598402263e-08 "" "" "" "" "" 0.8685121107266436 -0.008623418218809279 0.013338475934093968 0.0 0.1 0.06040268456375839 0.054718954821958835 0.015039173460395466 0.23392083024382168 0.03214586200963752
J1048.4+7143 LogParabola FSRQ LSP 11508.978 1.0206561 0.21775928 1.6533792497737738e-07 0.27773406766325726 0.8147377293959038 0.012698327891881358 0.9026282343223614 0.007034085246299931 0.12403100775193798 1.0192825888565398 0.014253758083112094 1.0095952599217866 0.007059144713207318 0.011235955056179775 1.1694059590531125 0.014751918980739865 1.0813907522505972 0.0068208087363601354
J1049.8+1429 LogParabola bcu LSP 86.303635 0.52301913 0.1268904 1.4215138864048533e-08 "" "" "" "" "" "" "" "" "" "" 0.5494505494505495 0.49353526204102377 0.035705322214367397 0.7025206488360494 0.025412293769247005
J1050.1+0432 LogParabola fsrq LSP 400.7382 1.4160784 0.3087505 1.54765351855921e-08 "" "" "" "" "" "" "" "" "" "" "" "" "" "" ""
J1051.4-3139 LogParabola fsrq LSP 31.075956 0.57648367 0.19719562 7.357455166690759e-09 "" "" "" "" "" "" "" "" "" "" "" "" "" "" ""
J1051.6+2109 LogParabola fsrq LSP 23.662893 0.6014085 0.29182833 1.1407986977086287e-09 "" "" "" "" "" "" "" "" "" "" "" "" "" "" ""
J1054.5+2211 PowerLaw bll ISP 34.932976 0.2055219 0.06496374 1.724144498604882e-08 "" "" "" "" "" "" "" "" "" "" 0.2153846153846154 -0.005459512380016968 0.021935312513343994 0.0 0.1
J1056.8+7012 LogParabola fsrq LSP 335.3343 0.8947378 0.19682635 2.8446786487071286e-08 "" "" "" "" "" "" "" "" "" "" 0.7419354838709677 0.6075065731854306 0.06272255086311192 0.7794270800950084 0.04023631745991321
J1057.2+5510 PowerLaw bll HSP 27.173935 0.6529375 0.25668803 1.0748803798319669e-09 "" "" "" "" "" "" "" "" "" "" "" "" "" "" ""
J1057.3-2341 LogParabola fsrq LSP 34.491768 0.47344735 0.14208424 5.591810403347518e-09 "" "" "" "" "" "" "" "" "" "" "" "" "" "" ""
J1058.0+4305 PowerLaw bll LSP 27.49001 0.5114818 0.26808617 1.7367498771899747e-09 "" "" "" "" "" "" "" "" "" "" "" "" "" "" ""
J1058.4+0133 LogParabola BLL LSP 540.1709 0.4124204 0.08960882 8.082155073701342e-08 0.5555555555555556 0.16723501221196757 0.014609098055392074 0.40894377634580475 0.01786198849379059 0.17666666666666667 0.32745647853596554 0.017958703830025242 0.5722381309699359 0.015691635053736705 0.011111111111111112 0.45940961262370933 0.019404205818398166 0.6777976192225149 0.014314159026300694
J1058.5+8115 LogParabola fsrq LSP 142.78212 0.8846229 0.20533054 5.357708088528315e-09 "" "" "" "" "" "" "" "" "" "" "" "" "" "" ""
J1058.6+2817 PowerLaw bll LSP 48.24615 0.48323 0.13104354 7.030222398009887e-09 "" "" "" "" "" "" "" "" "" "" 0.9113924050632911 1.4392579153792193 0.10817090448308822 1.1996907582286442 0.04508282811263949
J1058.6-8003 LogParabola bll LSP 595.51917 0.87948084 0.19081177 1.6864980097561618e-08 "" "" "" "" "" "" "" "" "" "" 0.2831858407079646 0.4846179709828219 0.03928466398314259 0.6961450789762302 0.028215859861363726
J1058.6+5627 LogParabola BLL ISP 185.7362 0.29591414 0.06651917 2.2194507749471543e-08 0.7562642369020501 -0.11708748617251773 0.009158017603951539 0.0 0.1 0.20926243567753003 0.00023509773582400882 0.013148861621849863 0.01533289717646371 0.42877942343582715 0.0053475935828877 0.14306546685180155 0.016031744526767634 0.3782399593535849 0.02119255796527423
J1059.2-1134 LogParabola bll LSP 142.20921 0.26308033 0.06103207 3.598480379985059e-08 0.908256880733945 -0.018461945196136243 0.013790989197591965 0.0 0.1 0.28735632183908044 0.05980523170725242 0.01534331510620201 0.2445510819997581 0.03137036847421756 0.0111731843575419 0.1898240652973706 0.01801918672011736 0.435688036670013 0.020679001032297067
J1059.5+2057 PowerLaw fsrq "" 26.093534 0.5693976 0.2162125 4.231914825064355e-09 "" "" "" "" "" "" "" "" "" "" "" "" "" "" ""
J1102.6+5251 PowerLaw fsrq ISP 71.31319 1.0317193 0.2603589 4.0677882185369255e-09 "" "" "" "" "" "" "" "" "" "" "" "" "" "" ""
J1103.0+1157 LogParabola fsrq ISP 569.6048 0.9734062 0.21103767 2.2890640259489504e-08 "" "" "" "" "" "" "" "" "" "" 0.5686274509803921 0.5117176897065514 0.04324729015000722 0.715344455284691 0.030228297591819435
J1103.9-5357 LogParabola bll LSP 740.23706 0.7090232 0.15327142 3.313023537908986e-08 "" "" "" "" "" 0.47619047619047616 0.15685740363167544 0.018476526753632833 0.3960522738625237 0.02332586879686284 0.043209876543209874 0.3655912844081735 0.023527286070934655 0.6046414511164228 0.019455568277276868
J1104.4+0730 PowerLaw bll ISP 37.220604 0.4501138 0.14129022 6.10306221223637e-09 "" "" "" "" "" "" "" "" "" "" "" "" "" "" ""
J1104.4+3812 LogParabola BLL HSP 1618.0674 0.2806271 0.060205523 1.873190601090564e-07 0.017718715393133997 0.19088876022219892 0.004949862321732599 0.4369081828281532 0.005664648221614452 0.011421319796954314 0.18326932002836374 0.004708398927981345 0.42809966132708366 0.005499185532389336 0.0 0.15223213276463435 0.004069379728476311 0.3901693642056413 0.005214888842901974
J1104.9+5748 PowerLaw bcu "" 24.517689 0.4988621 0.19828579 3.5903231276029213e-09 "" "" "" "" "" "" "" "" "" "" "" "" "" "" ""
J1106.0+2813 LogParabola fsrq LSP 154.57782 0.64525425 0.14721818 1.3532505396549051e-08 "" "" "" "" "" "" "" "" "" "" 0.9054054054054054 0.32518686986541295 0.049631245837212234 0.5702515847110053 0.043516973181551594
J1106.5-3646 LogParabola bll "" 29.614979 0.31566718 0.11318446 5.994726696844905e-09 "" "" "" "" "" "" "" "" "" "" 0.8125 -0.08633786323856431 0.017071522785547327 0.0 0.1
J1107.0-4449 LogParabola fsrq LSP 135.70953 0.47956756 0.111062534 2.916568370386377e-08 "" "" "" "" "" "" "" "" "" "" 0.2605042016806723 0.17650977777075205 0.023438835053212266 0.42013066749613986 0.027894696658186256
J1109.6+3735 PowerLaw bll ISP 29.449364 0.5962314 0.2313845 1.135824545075189e-09 "" "" "" "" "" "" "" "" "" "" "" "" "" "" ""
J1109.7-4814 PowerLaw bcu LSP 28.701477 0.7253472 0.251454 5.825063517906848e-09 "" "" "" "" "" "" "" "" "" "" "" "" "" "" ""
J1110.5-1836 LogParabola bll ISP 42.30113 0.66191334 0.18144198 1.7317126247758175e-09 "" "" "" "" "" "" "" "" "" "" "" "" "" "" ""
J1111.8+4858 PowerLaw bcu ISP 21.581484 0.53414 0.52807915 3.117835873795646e-10 "" "" "" "" "" "" "" "" "" "" "" "" "" "" ""
J1112.5+3448 LogParabola fsrq LSP 202.45546 0.7078428 0.15812755 2.053110143124033e-08 "" "" "" "" "" "" "" "" "" "" 0.5604395604395604 0.28831112399147485 0.04019758540536783 0.5369461090197738 0.03743167585174502
J1113.6-1920 PowerLaw bcu ISP 40.20375 0.8622369 0.2630658 2.667600993552568e-09 "" "" "" "" "" "" "" "" "" "" "" "" "" "" ""
J1114.5-0819 LogParabola fsrq LSP 34.1737 0.40057158 0.12439355 1.5209573303926798e-08 "" "" "" "" "" "" "" "" "" "" "" "" "" "" ""
J1117.0+2013 PowerLaw bll HSP 138.57057 0.49860576 0.1157977 1.1024503552833296e-08 "" "" "" "" "" "" "" "" "" "" 0.3076923076923077 0.05871461410646758 0.027666725438413517 0.24231098635115078 0.05708929226659086
J1118.2-4634 LogParabola fsrq ISP 56.518143 0.7817753 0.2069229 5.242003968265556e-09 "" "" "" "" "" "" "" "" "" "" "" "" "" "" ""
J1118.2-0415 PowerLaw agn LSP 284.6356 1.2142348 0.26737303 1.8330445362360406e-08 "" "" "" "" "" "" "" "" "" "" "" "" "" "" ""
J1119.0+1235 LogParabola fsrq LSP 51.667328 0.3879499 0.10692632 1.4277271590115842e-08 "" "" "" "" "" "" "" "" "" "" "" "" "" "" ""
J1121.4-0553 LogParabola fsrq LSP 466.6316 0.7737894 0.16862212 3.230379025364508e-08 "" "" "" "" "" "" "" "" "" "" 0.8701298701298701 0.8057788284498121 0.054334433283738874 0.8976518414451184 0.030264758994014065
J1123.4-2529 LogParabola fsrq "" 41.14842 0.81836003 0.24577099 1.222373826373149e-09 "" "" "" "" "" "" "" "" "" "" "" "" "" "" ""
J1123.5-6418 LogParabola bcu ISP 73.16114 1.143608 0.28947085 9.273586740278701e-09 "" "" "" "" "" "" "" "" "" "" 0.7625 0.21197213770993642 0.03854576399743787 0.46040431982110724 0.0418607757768379
J1124.9+4934 LogParabola bll HSP 38.545425 0.42563182 0.12564015 1.2121754653459325e-09 "" "" "" "" "" "" "" "" "" "" "" "" "" "" ""
J1125.5-3557 PowerLaw bll ISP 57.440964 0.7945376 0.20354341 4.642743876477723e-09 "" "" "" "" "" "" "" "" "" "" "" "" "" "" ""
J1125.9+2005 LogParabola fsrq LSP 93.739296 0.74069226 0.17877935 5.188216797438606e-09 "" "" "" "" "" "" "" "" "" "" "" "" "" "" ""
J1127.0-1857 LogParabola fsrq LSP 4827.034 1.1265979 0.24063258 7.902439370173242e-08 "" "" "" "" "" 0.6962962962962963 0.6853802731896562 0.021275136464404487 0.8278769674230926 0.012849213893839176 0.25757575757575757 1.1223047858239248 0.026607061016331483 1.059388873749354 0.012557740446227575
J1127.4+5648 PowerLaw fsrq LSP 83.44694 0.6037745 0.14887853 1.1099305339916264e-08 "" "" "" "" "" "" "" "" "" "" "" "" "" "" ""
J1127.8+3618 PowerLaw fsrq LSP 186.223 0.5682086 0.12839356 2.3250326691380675e-08 "" "" "" "" "" "" "" "" "" "" 0.6595744680851063 0.23252277816992692 0.03558520538513361 0.48220615733307154 0.03689833159943875
J1128.0+5924 LogParabola fsrq LSP 187.44365 0.74690485 0.16842262 8.819040456106729e-09 "" "" "" "" "" "" "" "" "" "" 0.5050505050505051 0.05176083994754171 0.023294610358779538 0.22751008757314853 0.05119467582133014
J1129.1+3703 PowerLaw bll LSP 54.04497 0.87063193 0.22532533 4.469927282363672e-09 "" "" "" "" "" "" "" "" "" "" "" "" "" "" ""
J1129.2-0529 LogParabola bcu "" 47.884155 0.4577204 0.12561859 1.533430627631713e-08 "" "" "" "" "" "" "" "" "" "" "" "" "" "" ""
J1129.5+3034 PowerLaw bcu ISP 25.174797 0.5408296 0.2065243 4.057806302693664e-09 "" "" "" "" "" "" "" "" "" "" "" "" "" "" ""
J1129.8-1447 LogParabola fsrq LSP 656.38934 1.299183 0.28048223 2.6404564195745225e-08 "" "" "" "" "" "" "" "" "" "" 0.7446808510638298 1.2659563254796646 0.027020237629534805 1.1251472461325516 0.012007422905051308
J1131.0+3815 LogParabola fsrq LSP 452.28714 0.7148422 0.15584265 3.25517586196258e-08 "" "" "" "" "" 0.9813084112149533 0.24167626082076565 0.023893252504122286 0.4916057981968537 0.02430123138473919 0.25984251968503935 0.40991697170254293 0.028949761984441293 0.640247586252805 0.022608255467136063
J1131.4-0504 LogParabola bcu LSP 29.924683 0.5871849 0.19404694 2.7806013666584755e-09 "" "" "" "" "" "" "" "" "" "" "" "" "" "" ""
J1132.7+0034 LogParabola bll ISP 26.02259 0.11830224 0.04254161 2.742373806859572e-08 "" "" "" "" "" 0.43478260869565216 0.00999059413003569 0.018022065511465322 0.0999529595861758 0.0901527357773101 0.00558659217877095 0.07239730175207316 0.016527186630954538 0.26906746691503447 0.03071197499356817
J1135.1+3014 PowerLaw bll LSP 38.25777 0.59304005 0.18868202 3.9409146072120476e-09 "" "" "" "" "" "" "" "" "" "" "" "" "" "" ""
J1135.7-0427 LogParabola fsrq LSP 28.10715 0.64725274 0.23548521 3.537059391614941e-09 "" "" "" "" "" "" "" "" "" "" "" "" "" "" ""
J1136.2+3407 LogParabola fsrq LSP 195.9309 0.87246597 0.19573978 1.3157523620502455e-08 "" "" "" "" "" "" "" "" "" "" "" "" "" "" ""
J1136.4+6736 LogParabola bll HSP 31.465784 0.34756452 0.110161714 1.5168734573530986e-09 "" "" "" "" "" "" "" "" "" "" "" "" "" "" ""
J1136.4+7009 LogParabola bll HSP 49.786415 0.25276908 0.06941989 5.355606252529915e-09 "" "" "" "" "" "" "" "" "" "" 0.14935064935064934 -0.010014821613816654 0.022527727883078583 0.0 0.1
J1139.0+4033 PowerLaw bcu LSP 55.485157 0.60985786 0.16672109 1.1351806216761749e-08 "" "" "" "" "" "" "" "" "" "" "" "" "" "" ""
J1141.5-1408 PowerLaw bll HSP 23.78556 0.4766481 0.1881026 2.0618947055371735e-09 "" "" "" "" "" "" "" "" "" "" "" "" "" "" ""
J1143.1+6122 LogParabola bll LSP 83.385086 0.6191321 0.15186603 2.4902237162897808e-09 "" "" "" "" "" "" "" "" "" "" "" "" "" "" ""
J1145.7-6949 LogParabola fsrq LSP 127.75522 0.87823457 0.2046669 1.708914835296731e-08 "" "" "" "" "" "" "" "" "" "" "" "" "" "" ""
