4LAC_variability_analysis/resulting_catalogs/df_filtered_4lac_luana_dr3.ecsv
# %ECSV 1.0
# ---
# datatype:
# - {name: Source_Name, datatype: string}
# - {name: SpectrumType, datatype: string}
# - {name: CLASS, datatype: string}
# - {name: SED_class, datatype: string}
# - {name: Variability_Index, datatype: float32}
# - {name: Frac_Variability, datatype: float32}
# - {name: Unc_Frac_Variability, datatype: float32}
# - {name: Spectrum_Flux_Estimated, datatype: float64}
# - {name: Bright_Ratio_x, datatype: float64}
# - {name: Norm_Excess_Var(3_days), datatype: float64}
# - {name: Unc_Norm_Excess_Var(3_days), datatype: float64}
# - {name: Frac_Variability(3_days), datatype: float64}
# - {name: Unc_Frac_Variability(3_days), datatype: float64}
# - {name: Bright_Ratio_y, datatype: float64}
# - {name: Norm_Excess_Var(weekly), datatype: float64}
# - {name: Unc_Norm_Excess_Var(weekly), datatype: float64}
# - {name: Frac_Variability(weekly), datatype: float64}
# - {name: Unc_Frac_Variability(weekly), datatype: float64}
# - {name: Bright_Ratio, datatype: float64}
# - {name: Norm_Excess_Var(monthly), datatype: float64}
# - {name: Unc_Norm_Excess_Var(monthly), datatype: float64}
# - {name: Frac_Variability(monthly), datatype: float64}
# - {name: Unc_Frac_Variability(monthly), datatype: float64}
# schema: astropy-2.0
Source_Name SpectrumType CLASS SED_class Variability_Index Frac_Variability Unc_Frac_Variability Spectrum_Flux_Estimated Bright_Ratio_x Norm_Excess_Var(3_days) Unc_Norm_Excess_Var(3_days) Frac_Variability(3_days) Unc_Frac_Variability(3_days) Bright_Ratio_y Norm_Excess_Var(weekly) Unc_Norm_Excess_Var(weekly) Frac_Variability(weekly) Unc_Frac_Variability(weekly) Bright_Ratio Norm_Excess_Var(monthly) Unc_Norm_Excess_Var(monthly) Frac_Variability(monthly) Unc_Frac_Variability(monthly)
[from data line 355]
J0556.2-4352 LogParabola bll LSP 41.841965 0.55607706 0.15654488 2.018732176222982e-09 "" "" "" "" "" "" "" "" "" "" "" "" "" "" ""
J0601.1-7035 LogParabola fsrq LSP 790.82715 0.80240816 0.1734323 3.286490219776401e-08 "" "" "" "" "" "" "" "" "" "" 0.4573643410852713 1.180158694851364 0.08323127601139857 1.0863510918903538 0.03830772419373569
J0601.8-2003 PowerLaw fsrq LSP 23.082935 0.30162203 0.123092145 1.3348741284377546e-08 "" "" "" "" "" "" "" "" "" "" "" "" "" "" ""
J0602.0+5315 PowerLaw bll "" 64.10905 0.52736855 0.13299097 6.378618809950822e-09 "" "" "" "" "" "" "" "" "" "" "" "" "" "" ""
J0603.9+2159 PowerLaw bcu "" 20.782434 0.32397166 0.16341914 2.0235358528675667e-08 "" "" "" "" "" "" "" "" "" "" "" "" "" "" ""
J0607.4+4739 LogParabola bll LSP 109.009094 0.25974014 0.061597195 2.479958092269111e-08 "" "" "" "" "" 0.5363984674329502 -0.30284023792774095 0.069216776638959 0.0 0.1 0.05027932960893855 0.4571754544400647 0.06410086008354517 0.6761475093794731 0.04740153531170515
J0608.0+6721 LogParabola fsrq LSP 89.0411 0.73008716 0.17514852 7.644999287564645e-09 "" "" "" "" "" "" "" "" "" "" "" "" "" "" ""
J0608.0-0835 LogParabola fsrq LSP 335.96204 0.7566275 0.16623053 3.6382175429867885e-08 "" "" "" "" "" "" "" "" "" "" 0.8076923076923077 0.8766190790853199 0.1591111520751181 0.9362793808929682 0.08496991139726225
J0608.1-6028 PowerLaw fsrq LSP 39.172615 0.7339304 0.21405938 7.1680010617401426e-09 "" "" "" "" "" "" "" "" "" "" "" "" "" "" ""
J0608.1-1521 LogParabola fsrq LSP 373.10196 1.1403486 0.24975881 2.3956625299892985e-08 "" "" "" "" "" "" "" "" "" "" 0.88 1.0089427517852876 0.19477172769065532 1.0044614237417422 0.0969533140282813
J0608.9-5456 LogParabola bcu LSP 111.13025 0.77707577 0.18351576 1.0542342840692716e-08 "" "" "" "" "" "" "" "" "" "" "" "" "" "" ""
J0609.0-2219 PowerLaw fsrq LSP 25.256601 0.5480215 0.22360578 3.6854681666956703e-09 "" "" "" "" "" "" "" "" "" "" "" "" "" "" ""
J0610.1-1848 LogParabola bll LSP 25.989388 0.39083835 0.13809137 5.861464897101884e-09 "" "" "" "" "" "" "" "" "" "" "" "" "" "" ""
J0610.9-6054 LogParabola fsrq LSP 33.365543 0.54699886 0.17466289 7.148343378773665e-09 "" "" "" "" "" "" "" "" "" "" "" "" "" "" ""
J0611.6-2712 LogParabola bcu "" 437.51813 1.3786103 0.3002089 1.0660600357102008e-08 "" "" "" "" "" "" "" "" "" "" 1.2650602409638554 1.0466180947182153 0.20648860820830567 1.0230435448788167 0.10091877772063212
J0612.5-3138 PowerLaw fsrq LSP 40.075348 0.51225775 0.14671798 1.1295452244190809e-08 "" "" "" "" "" "" "" "" "" "" "" "" "" "" ""
J0612.8+4122 LogParabola bll ISP 92.30578 0.20574366 0.049380105 2.8490826507324773e-08 0.8128031037827352 -1.1360242508494938 0.07968058082391057 0.0 0.1 0.2685624012638231 -0.09568371010138538 0.03382860145732689 0.0 0.1 0.0273224043715847 0.0941440141668332 0.018092263081710636 0.3068289656581223 0.029482651748514443
J0614.8+6136 LogParabola bcu "" 34.47391 0.70558476 0.21892047 4.118157823083782e-09 "" "" "" "" "" "" "" "" "" "" "" "" "" "" ""
J0615.3-3117 PowerLaw bll ISP 30.69809 0.5846123 0.18588184 3.8720620514275944e-09 "" "" "" "" "" "" "" "" "" "" "" "" "" "" ""
J0617.2+5701 LogParabola bll LSP 54.811657 0.29502088 0.07767284 9.878757323081283e-09 "" "" "" "" "" "" "" "" "" "" 0.11904761904761904 0.13767886107702615 0.03753865591619956 0.37105102220183434 0.05058422382647458
J0618.9-1138 PowerLaw bcu LSP 18.423632 0.49229008 0.2609755 1.009452068025161e-08 "" "" "" "" "" "" "" "" "" "" "" "" "" "" ""
J0620.5-2512 LogParabola bcu LSP 128.08601 0.6636755 0.15456705 1.765897146391605e-08 "" "" "" "" "" "" "" "" "" "" "" "" "" "" ""
J0622.3-2605 LogParabola bll HSP 139.32582 0.437988 0.10127738 1.1670180640315371e-08 "" "" "" "" "" 0.9900744416873449 -1.2073670689638247 0.1391638428967561 0.0 0.1 0.13253012048192772 0.2770434516201353 0.047294138427969465 0.5263491727172517 0.044926581896021424
J0622.9+3326 LogParabola BCU LSP 2686.062 1.7751473 0.37940803 3.856352174441585e-08 "" "" "" "" "" "" "" "" "" "" 1.4102564102564104 9.28534995587496 0.24454598541902223 3.047187220351739 0.040126511391511105
J0623.0-3010 PowerLaw bcu "" 32.22171 0.69078 0.21743426 5.426831831246326e-09 "" "" "" "" "" "" "" "" "" "" "" "" "" "" ""
J0623.7-3348 LogParabola bcu "" 495.83295 1.3299524 0.28783017 1.3474043793490234e-08 "" "" "" "" "" "" "" "" "" "" 1.379746835443038 4.252630818300853 0.37151322755087796 2.062190781256878 0.0900773175128941
J0625.3+4439 PowerLaw bll LSP 30.573887 0.25902322 0.088005684 1.0611281952778529e-08 "" "" "" "" "" "" "" "" "" "" "" "" "" "" ""
J0625.8-5441 PowerLaw fsrq LSP 29.855848 0.38856354 0.12819323 1.2562326174099417e-08 "" "" "" "" "" "" "" "" "" "" "" "" "" "" ""
J0626.4-4259 LogParabola bll HSP 30.59556 0.7053327 0.22491883 5.139695201025544e-10 "" "" "" "" "" "" "" "" "" "" "" "" "" "" ""
J0628.8-6250 LogParabola bll LSP 34.784435 0.31072372 0.09338287 6.458425286557623e-09 "" "" "" "" "" "" "" "" "" "" "" "" "" "" ""
J0629.3-1959 LogParabola bll LSP 500.7918 0.95006627 0.2065161 2.092846166248162e-08 "" "" "" "" "" "" "" "" "" "" 0.898989898989899 1.7552089654955227 0.17814869469621497 1.3248429965454482 0.06723388928376452
J0630.9-2406 LogParabola bll HSP 118.580635 0.25038278 0.058701135 1.8147667172953938e-08 0.5879354290569244 -0.7574659081847793 0.05747555176680304 0.0 0.1 0.17543859649122806 -0.053198886595039664 0.02374214946971796 0.0 0.1 0.0 0.05387363394565281 0.011252552052248399 0.23210694506122131 0.02424001584545518
J0631.1+2020 LogParabola bcu "" 60.511467 0.907163 0.23123585 5.324638459820975e-09 "" "" "" "" "" "" "" "" "" "" "" "" "" "" ""
J0633.4-2222 LogParabola fsrq LSP 118.93026 1.0266695 0.24075246 7.273614725093479e-09 "" "" "" "" "" "" "" "" "" "" "" "" "" "" ""
J0634.9-2335 PowerLaw fsrq LSP 24.19689 0.31398246 0.12124614 1.6118545447745313e-08 "" "" "" "" "" "" "" "" "" "" 1.2261904761904763 3.4382460676116606 0.27183372724031385 1.854250810330593 0.07330015058530533
J0635.6-7518 LogParabola fsrq LSP 479.5424 0.9282053 0.20195274 2.8764817700722704e-08 "" "" "" "" "" "" "" "" "" "" 0.88 0.9988960940419069 0.21004969965398873 0.9994478946107731 0.10508286664398392
J0638.6+7320 PowerLaw fsrq LSP 76.7468 0.60540307 0.14956892 1.496913519138332e-08 "" "" "" "" "" "" "" "" "" "" "" "" "" "" ""
J0638.7+5658 PowerLaw bcu "" 18.823591 0.5358995 0.24865119 4.160547718548516e-09 "" "" "" "" "" "" "" "" "" "" "" "" "" "" ""
J0641.7-0320 LogParabola FSRQ LSP 375.4046 1.0220568 0.22387968 4.766722234708157e-08 "" "" "" "" "" "" "" "" "" "" 2.2982456140350878 2.473428358209678 0.43637681490578556 1.5727136923832252 0.13873371136119447
J0643.2-5356 PowerLaw bcu LSP 56.42368 0.85672265 0.22770272 4.918001830592744e-09 "" "" "" "" "" "" "" "" "" "" "" "" "" "" ""
J0643.3+0857 LogParabola fsrq LSP 394.85873 0.8474881 0.18569523 5.386787479786189e-08 "" "" "" "" "" "" "" "" "" "" 0.23684210526315788 0.817183298552521 0.07958578663096831 0.9039819127352721 0.04401956804100057
J0644.4-6712 LogParabola fsrq LSP 1464.9364 1.4289602 0.30630752 1.665149285822231e-08 "" "" "" "" "" "" "" "" "" "" 0.8431372549019608 2.8868316630804016 0.1702236115572055 1.699067880657039 0.05009323450084263
J0644.6+6039 PowerLaw bll ISP 35.516243 0.54028875 0.16247156 4.009466591647031e-09 "" "" "" "" "" "" "" "" "" "" "" "" "" "" ""
J0646.7-3913 PowerLaw fsrq LSP 29.39544 0.64538246 0.21383382 5.7246743029886924e-09 "" "" "" "" "" "" "" "" "" "" "" "" "" "" ""
J0647.7-6058 PowerLaw bll LSP 103.125725 0.6992393 0.16686611 1.2917494261200368e-08 "" "" "" "" "" "" "" "" "" "" "" "" "" "" ""
J0648.0-3045 LogParabola fsrq LSP 494.39615 0.7941515 0.1728146 3.1634743241350933e-08 "" "" "" "" "" "" "" "" "" "" 0.7247706422018348 0.7444382997151806 0.1402510537863449 0.8628083794882735 0.08127589921503019
J0648.4-1743 LogParabola fsrq LSP 3357.5317 1.2548405 0.26821896 9.519046570382068e-08 "" "" "" "" "" 0.9075829383886256 3.1681269342489666 0.07776858171957234 1.7799232944846153 0.02184604863607074 0.5537190082644629 2.6618357496198395 0.053985940133803846 1.6315133311192525 0.016544743798314034
J0648.7+1516 LogParabola bll HSP 36.057384 0.26482862 0.08531947 4.028923723949724e-09 "" "" "" "" "" "" "" "" "" "" "" "" "" "" ""
J0649.5-3139 LogParabola bll "" 37.793285 0.64967036 0.19544056 3.7870476915648986e-10 "" "" "" "" "" "" "" "" "" "" "" "" "" "" ""
J0650.2-1636 LogParabola bcu LSP 88.16159 0.57300204 0.1386451 2.742927998912397e-08 "" "" "" "" "" "" "" "" "" "" "" "" "" "" ""
J0650.5-2851 LogParabola bcu LSP 25.39021 0.5854074 0.22159132 4.544218763675454e-09 "" "" "" "" "" "" "" "" "" "" "" "" "" "" ""
J0650.7+2503 LogParabola bll HSP 314.69104 0.43464538 0.09621271 1.6861708174772396e-08 0.9508881922675027 -1.143381857087665 0.09119086507278945 0.0 0.1 0.3940972222222222 -0.08078767725177416 0.05190232400250486 0.0 0.1 0.03314917127071823 0.2746563348528587 0.02708880445865067 0.5240766497878518 0.025844315397009505
J0654.3+5042 LogParabola fsrq LSP 283.3714 0.7085246 0.15592387 1.5334124764602854e-08 "" "" "" "" "" "" "" "" "" "" 0.6206896551724138 0.8355305306939422 0.13780093253359327 0.9140735915088797 0.07537737322994012
J0654.4+4514 LogParabola FSRQ LSP 780.6762 1.335227 0.2874678 1.8496164817542187e-08 "" "" "" "" "" "" "" "" "" "" 1.160919540229885 6.021960367611778 0.26293959530532857 2.453968289854573 0.05357436695339509
J0656.3-0322 LogParabola fsrq LSP 135.8164 0.5096463 0.11851711 5.172932834453581e-08 "" "" "" "" "" "" "" "" "" "" 0.5161290322580645 0.31862692118146646 0.10324763942274995 0.5644704785739166 0.09145530487581541
J0659.6-2742 LogParabola fsrq LSP 34.627018 0.54082495 0.16455257 7.67107613222399e-09 "" "" "" "" "" "" "" "" "" "" "" "" "" "" ""
J0659.9+1709 PowerLaw fsrq "" 42.116932 0.55186373 0.17101216 1.1009954628259958e-08 "" "" "" "" "" "" "" "" "" "" "" "" "" "" ""
J0700.5-6610 LogParabola bll ISP 424.4349 0.36702892 0.08045604 3.725207790964879e-08 0.7285447761194029 -0.562198506072335 0.057371798433317106 0.0 0.1 0.27724358974358976 0.1303758569763929 0.03173218594123986 0.3610759711977424 0.04394114877816365 0.0 0.2349685038121351 0.018862202976805978 0.4847354988157305 0.019456180765477976
J0701.5-4634 LogParabola fsrq LSP 397.77115 0.7874476 0.17175063 2.356718556679919e-08 "" "" "" "" "" "" "" "" "" "" 0.41353383458646614 1.1337459751848686 0.09688566902086966 1.0647750819703046 0.045495837882301084
J0702.7-1951 LogParabola bll LSP 165.17406 0.5501567 0.124994725 2.114898000916139e-08 "" "" "" "" "" "" "" "" "" "" 0.42424242424242425 0.6778065047702706 0.1012792662317002 0.8232900489926199 0.06150886091458641
J0703.3-0050 LogParabola bll ISP 40.775215 0.33467096 0.11199546 1.0062363761066438e-08 "" "" "" "" "" "" "" "" "" "" "" "" "" "" ""
J0704.8+4907 LogParabola bcu LSP 85.463486 0.63517505 0.15437756 1.0418099997664723e-08 "" "" "" "" "" "" "" "" "" "" "" "" "" "" ""
J0706.8+7742 LogParabola bll ISP 218.61331 0.66560566 0.14879626 6.091839453518124e-09 "" "" "" "" "" "" "" "" "" "" 0.4573643410852713 0.8415753284499522 0.1256091320025276 0.9173741485620532 0.06846123372858
J0709.1+2241 LogParabola bll ISP 93.697525 0.55525154 0.13346992 7.523789059801521e-09 "" "" "" "" "" "" "" "" "" "" "" "" "" "" ""
J0709.7-0255 LogParabola fsrq LSP 270.02664 0.6769121 0.1501978 3.2448628188127495e-08 "" "" "" "" "" "" "" "" "" "" 0.9381443298969072 1.3142478363330523 0.17131214967988953 1.1464064882636753 0.07471701854171967
J0710.4+5908 LogParabola bll HSP 35.25338 0.41293478 0.12213288 1.3456949748736282e-09 "" "" "" "" "" "" "" "" "" "" "" "" "" "" ""
J0710.8-3851 LogParabola fsrq LSP 118.98386 0.7906334 0.1843933 1.3495370516822349e-08 "" "" "" "" "" "" "" "" "" "" "" "" "" "" ""
J0710.9+4733 LogParabola bll LSP 80.649185 0.7356531 0.18060951 9.477006080632828e-09 "" "" "" "" "" "" "" "" "" "" "" "" "" "" ""
J0712.7+5033 LogParabola bll LSP 137.799 0.41072485 0.09570941 1.961227165094812e-08 "" "" "" "" "" "" "" "" "" "" "" "" "" "" ""
J0713.0+5738 LogParabola bcu ISP 164.48378 1.7756547 0.39081246 6.296388863772307e-09 "" "" "" "" "" "" "" "" "" "" "" "" "" "" ""
J0713.8+1935 LogParabola fsrq LSP 819.04095 1.117072 0.24108285 2.7989191422254052e-08 "" "" "" "" "" "" "" "" "" "" 0.48412698412698413 1.2161684314379628 0.11141067016183509 1.1028002681528342 0.05051262380831911
J0718.0+4536 LogParabola fsrq LSP 230.27907 0.76387745 0.17070132 1.3977854921975952e-08 "" "" "" "" "" "" "" "" "" "" "" "" "" "" ""
J0719.3+3307 LogParabola fsrq LSP 1061.2396 0.7156194 0.1539528 4.199950464513983e-08 "" "" "" "" "" 0.6444444444444445 1.3768943135676792 0.08389951137357644 1.1734113999649396 0.035750254078017005 0.12574850299401197 1.3101988279732992 0.04431522069414416 1.1446391693338558 0.019357725072406108
J0720.0-3507 PowerLaw bcu LSP 70.12745 1.3634502 0.33969596 5.78235982161678e-09 "" "" "" "" "" "" "" "" "" "" "" "" "" "" ""
J0720.0-6237 LogParabola bcu LSP 21.121565 0.29036593 0.17219807 1.2687080587189383e-08 "" "" "" "" "" "" "" "" "" "" "" "" "" "" ""
J0721.3+0405 LogParabola fsrq LSP 136.42732 0.5775843 0.13298795 2.7030798168116274e-08 "" "" "" "" "" "" "" "" "" "" "" "" "" "" ""
J0721.9+7120 LogParabola BLL ISP 2863.5242 0.31229538 0.066829555 2.270481918296998e-07 0.035794183445190156 0.5542966738945939 0.008067080199676214 0.7445110300691279 0.005417703616108404 0.0037735849056603774 0.48601576470286145 0.007280168483467933 0.6971483089722454 0.005221391481391205 0.0 0.34093712008876786 0.008570960618201702 0.583898210383255 0.007339430457044862
J0723.5+2900 PowerLaw fsrq LSP 52.20106 1.0729648 0.30273977 4.418425196615859e-09 "" "" "" "" "" "" "" "" "" "" "" "" "" "" ""
J0725.2+1425 LogParabola FSRQ LSP 2349.627 1.1580906 0.24773538 6.068982079323168e-08 "" "" "" "" "" 0.7866666666666666 3.8739235405028545 0.13097359775047906 1.9682285285258048 0.03327194882409762 0.147239263803681 3.072178998589391 0.07565901055455268 1.7527632465879102 0.02158278098934282
J0725.5+0216 LogParabola bcu "" 24.516922 0.35129607 0.13815588 3.3857335930810883e-09 "" "" "" "" "" "" "" "" "" "" "" "" "" "" ""
J0726.4-4727 LogParabola fsrq LSP 107.271484 0.5768305 0.13590081 2.074430562206927e-08 "" "" "" "" "" "" "" "" "" "" 0.38235294117647056 0.40320736553493236 0.08151848865181752 0.6349861144426171 0.06418918996628252
J0729.1+5703 PowerLaw fsrq LSP 38.346706 0.88495827 0.27432188 3.1908970287207362e-09 "" "" "" "" "" "" "" "" "" "" "" "" "" "" ""
J0730.3-1141 LogParabola fsrq LSP 2590.958 0.57913643 0.12394973 1.934832102255864e-07 0.25099866844207724 0.5566209387642974 0.02175678233195354 0.746070330977112 0.014580919136309281 0.07476635514018691 0.5785837978791527 0.016991180146001417 0.7606469600801364 0.011168900316259294 0.0 0.5362660386534883 0.013546221208172957 0.7323018767239972 0.009249069023810855
J0730.5-0535 LogParabola bll ISP 52.810474 0.38871467 0.10611158 1.1424274976343746e-08 "" "" "" "" "" "" "" "" "" "" "" "" "" "" ""
J0732.7-4638 LogParabola bcu LSP 98.20563 0.9372509 0.2230067 9.516160580782808e-09 "" "" "" "" "" "" "" "" "" "" "" "" "" "" ""
J0733.5-5445 PowerLaw bcu LSP 104.3914 0.89078695 0.21096873 7.0129632901340725e-09 "" "" "" "" "" "" "" "" "" "" "" "" "" "" ""
J0733.6+3649 PowerLaw bcu LSP 31.430828 0.7915157 0.27565414 2.934225756292575e-09 "" "" "" "" "" "" "" "" "" "" "" "" "" "" ""
J0733.8+0455 LogParabola fsrq LSP 152.34465 0.9658591 0.22263359 9.285917509432524e-09 "" "" "" "" "" "" "" "" "" "" "" "" "" "" ""
J0734.0+5021 LogParabola fsrq LSP 462.67313 1.2503871 0.27133727 1.175310502801262e-08 "" "" "" "" "" "" "" "" "" "" 1.1363636363636365 1.8052899367357642 0.23176514205208468 1.3436107832016548 0.08624712786980529
J0734.4-7711 LogParabola bcu LSP 192.97269 0.7452308 0.16837029 1.0921492897161769e-08 "" "" "" "" "" "" "" "" "" "" "" "" "" "" ""
