4LAC_variability_analysis/resulting_catalogs/df_filtered_4lac_luana_dr3.ecsv
# %ECSV 1.0
# ---
# datatype:
# - {name: Source_Name, datatype: string}
# - {name: SpectrumType, datatype: string}
# - {name: CLASS, datatype: string}
# - {name: SED_class, datatype: string}
# - {name: Variability_Index, datatype: float32}
# - {name: Frac_Variability, datatype: float32}
# - {name: Unc_Frac_Variability, datatype: float32}
# - {name: Spectrum_Flux_Estimated, datatype: float64}
# - {name: Norm_Excess_Var(3-days), datatype: float64}
# - {name: err_Norm_Excess_Var(3-days), datatype: float64}
# - {name: Fvar(3-days), datatype: float64}
# - {name: err_Fvar(3-days), datatype: float64}
# - {name: Norm_Excess_Var(weekly), datatype: float64}
# - {name: err_Norm_Excess_Var(weekly), datatype: float64}
# - {name: Fvar(weekly), datatype: float64}
# - {name: err_Fvar(weekly), datatype: float64}
# - {name: Norm_Excess_Var(monthly), datatype: float64}
# - {name: err_Norm_Excess_Var(monthly), datatype: float64}
# - {name: Fvar(monthly), datatype: float64}
# - {name: err_Fvar(monthly), datatype: float64}
# schema: astropy-2.0
Source_Name SpectrumType CLASS SED_class Variability_Index Frac_Variability Unc_Frac_Variability Spectrum_Flux_Estimated Norm_Excess_Var(3-days) err_Norm_Excess_Var(3-days) Fvar(3-days) err_Fvar(3-days) Norm_Excess_Var(weekly) err_Norm_Excess_Var(weekly) Fvar(weekly) err_Fvar(weekly) Norm_Excess_Var(monthly) err_Norm_Excess_Var(monthly) Fvar(monthly) err_Fvar(monthly)
[from data line 981]
J1548.8-2250 PowerLaw bll HSP 26.34745 0.24382743 0.1003692 6.043668041634419e-09 "" "" "" "" -0.2246416062348298 0.03081779624295434 0.0 0.1 -0.15655872192129724 0.0043947770725342224 0.0 0.1
J1549.3+6310 PowerLaw bll LSP 21.596426 1.0373366 0.39898312 1.0237354882424776e-09 "" "" "" "" "" "" "" "" "" "" "" ""
J1549.5+0236 LogParabola fsrq LSP 222.46468 0.8468462 0.18869886 1.871596388061401e-08 "" "" "" "" "" "" "" "" 0.28170978686718534 0.043383529734835405 0.5307634000825465 0.04086899146407629
J1550.7+0528 LogParabola fsrq LSP 33.91336 0.2777204 0.09077933 1.2980640414866851e-08 "" "" "" "" "" "" "" "" 0.30841936322953656 0.05770765222999832 0.5553551685449021 0.051955627226086126
J1552.0+0850 LogParabola bll LSP 23.84094 0.41851404 0.16684677 2.3852880191072037e-09 "" "" "" "" "" "" "" "" -0.10432589629594556 0.034372564862746306 0.0 0.1
J1553.5-3118 LogParabola bll HSP 69.02564 0.37880057 0.09685153 7.734050043274759e-09 "" "" "" "" "" "" "" "" 0.0003963850185305258 0.04457565533752393 0.01990942034642209 1.1194614047499027
J1553.6+1257 LogParabola fsrq LSP 651.77875 1.0846046 0.23458625 2.404494463583073e-08 "" "" "" "" 0.29575191046615723 0.030956958395459682 0.5438307737395497 0.02846194063512626 0.5148671609786355 0.03977666299006396 0.7175424454195274 0.027717289230749016
J1553.6-2422 LogParabola fsrq "" 259.16922 0.86501026 0.19104882 2.3031425166657765e-08 "" "" "" "" 0.18789994169202795 0.03079385615185871 0.43347426877731504 0.03551982017146924 0.33530125913569797 0.037306002635089826 0.579052034911974 0.03221299674800469
J1555.2-4149 LogParabola bcu LSP 72.68484 0.613098 0.15470037 2.0645187581875365e-08 "" "" "" "" "" "" "" "" 0.13682406737338612 0.041809774288276286 0.36989737410988216 0.056515370498218545
J1555.7+1111 LogParabola BLL HSP 168.59612 0.1772438 0.040240552 3.8871070718438146e-08 0.06991633525397765 0.007260139602695193 0.26441697232586575 0.013728580920569357 0.09641143403850111 0.0068721968578879244 0.310501906658399 0.011066271592091097 0.08849456855468578 0.005776570438425697 0.2974803666709549 0.009709162495444955
J1558.8+5625 LogParabola bll LSP 99.435776 0.4139251 0.09889121 9.309319280056489e-09 "" "" "" "" -0.11324222077079077 0.020760853285967683 0.0 0.1 0.07015016360858811 0.03274033810732309 0.2648587616232246 0.061807164517928864
J1559.9+2319 PowerLaw bll "" 51.92989 0.42444783 0.11917688 9.8132972255711e-09 "" "" "" "" "" "" "" "" 0.027362288717304378 0.04402592424529173 0.16541550325560292 0.13307677750513539
J1603.8-4903 LogParabola bll ISP 485.84818 0.6767577 0.14770135 3.507238584969056e-08 -0.08922481132522979 0.011408921755856657 0.0 0.1 0.006749081871656844 0.015725272403686597 0.08215279588460056 0.09570746944374096 0.16669099920338049 0.021517980742298257 0.40827809052578423 0.026352112985768113
J1604.5-4441 LogParabola bll LSP 279.5366 0.9284181 0.20472036 3.074545025954736e-08 "" "" "" "" "" "" "" "" 0.48212357203100614 0.05004353583563872 0.6943511878228524 0.03603618508420134
J1604.6+5714 LogParabola fsrq LSP 131.74571 0.26235613 0.06057467 3.791539966045546e-08 0.0706767147405242 0.01765558675241394 0.2658509257845912 0.03320580265106842 0.2018024770568569 0.022582135443247997 0.44922430595066526 0.025134587714993335 0.4203226508376522 0.028650404444339507 0.6483229525766091 0.022095781377533468
J1606.9+5919 PowerLaw bll ISP 29.46559 0.77967656 0.26663172 1.2522824773526591e-09 "" "" "" "" "" "" "" "" "" "" "" ""
J1608.0+4949 LogParabola bcu LSP 33.15448 1.0922395 0.34428045 9.207840836320177e-10 "" "" "" "" "" "" "" "" "" "" "" ""
J1608.7+1029 LogParabola fsrq LSP 279.94467 0.86083996 0.19000515 2.32334137743448e-08 0.17672561010454793 0.01913825344885424 0.42038745236335007 0.022762636397996756 0.32183399789358197 0.023716749923207363 0.5673041493710248 0.020903028780507194 0.6091481848492526 0.03208672223292947 0.7804794583134476 0.020555776254679567
J1610.3-3958 LogParabola fsrq LSP 32.633266 0.42466593 0.13807619 2.1400503791788897e-08 "" "" "" "" "" "" "" "" -0.01389815546728308 0.02329954540677072 0.0 0.1
J1610.7-6648 LogParabola bll HSP 71.18749 0.2165713 0.0557993 8.512252572725018e-09 "" "" "" "" -0.14464237567294558 0.014378867022658356 0.0 0.1 0.021219742608459394 0.01941871029006108 0.14566997840481544 0.06665309661849704
J1612.4-3100 LogParabola bll LSP 88.685905 0.5992903 0.14525683 7.919446942786167e-09 "" "" "" "" "" "" "" "" -0.0379498055740542 0.03505791285205208 0.0 0.1
J1613.6+3411 LogParabola fsrq LSP 91.36565 0.3797552 0.09190635 1.9433013880505618e-08 "" "" "" "" 0.4131362118250266 0.04621693108973361 0.6427567283389779 0.03595211769246519 0.2645946790195338 0.03893355856265283 0.5143876738604201 0.037844567960251624
J1615.6+2130 PowerLaw bcu LSP 41.76495 0.59768003 0.16315606 1.2426956219798962e-08 "" "" "" "" "" "" "" "" "" "" "" ""
J1615.6+4712 PowerLaw fsrq ISP 19.827639 0.290864 0.12053502 5.605481871014929e-09 "" "" "" "" "" "" "" "" "" "" "" ""
J1616.6+4630 PowerLaw fsrq LSP 45.037613 0.91527337 0.2562003 3.600465789771482e-09 "" "" "" "" "" "" "" "" "" "" "" ""
J1617.3-5849 LogParabola fsrq LSP 111.168304 0.77700454 0.18066193 1.4267948481832388e-08 "" "" "" "" "" "" "" "" "" "" "" ""
J1617.9-7718 LogParabola fsrq LSP 500.26013 0.6531088 0.14222477 4.7849758804748696e-08 "" "" "" "" 0.7188734763576996 0.045985221320009546 0.8478640671462021 0.027118274675084236 1.090527814983969 0.05729751326059205 1.0442833978302868 0.02743389073293677
J1618.0+5139 PowerLaw fsrq LSP 106.576355 1.148185 0.27260497 4.751476537014865e-09 "" "" "" "" "" "" "" "" "" "" "" ""
J1621.7-1103 LogParabola bcu "" 80.17301 1.0123116 0.2565333 5.922221255960893e-09 "" "" "" "" "" "" "" "" "" "" "" ""
J1625.7-2527 LogParabola fsrq LSP 1855.3644 1.3883235 0.2972223 6.500352533465283e-08 0.654009671588064 0.026677757159615432 0.8087086444375774 0.01649404723388896 0.8931679742364135 0.031535721293505466 0.9450756447165557 0.016684231293974127 1.2941042528346904 0.037891662799561444 1.1375870308836553 0.01665440171646821
J1625.7+4134 LogParabola fsrq LSP 66.61709 0.4922885 0.12597011 7.645012832905504e-09 "" "" "" "" "" "" "" "" -0.06050504311945632 0.022414877191844897 0.0 0.1
J1626.0-2950 LogParabola FSRQ LSP 567.45734 0.68170226 0.14812554 7.116965695417335e-08 0.1683061119601791 0.01853428343429922 0.41025127904758457 0.02258894046269317 0.2320457760111858 0.021005232885498954 0.48171129944312685 0.021802719709690898 0.4121779580457504 0.027458010570219703 0.6420108706601084 0.021384381343876376
J1626.6-7639 PowerLaw bll ISP 27.486227 0.43559086 0.15951423 3.633153506137066e-09 "" "" "" "" "" "" "" "" "" "" "" ""
J1627.7+0251 LogParabola bcu LSP 20.95681 0.5557451 0.27980262 8.875767309971481e-10 "" "" "" "" "" "" "" "" "" "" "" ""
J1628.6+7706 LogParabola bll LSP 243.17996 0.63512194 0.14145464 8.15253202872903e-09 -0.12965480642265953 0.01640360602557187 0.0 0.1 0.006682976862253917 0.027463028892613577 0.08174947622005854 0.1679706718773758 0.19893285753032733 0.03516070779455272 0.44601889817621776 0.03941616368535696
J1628.8-6149 LogParabola fsrq "" 84.2206 0.6687139 0.16051267 1.5236508732196358e-08 "" "" "" "" "" "" "" "" 0.08069812130356888 0.03649539608686842 0.2840741475452648 0.06423568705957867
J1630.7+5221 LogParabola bll "" 150.41127 0.40790996 0.094005816 1.1811596262575997e-08 -0.15604610938273217 0.010991444418862326 0.0 0.1 -0.017925366190039982 0.020528362607439718 0.0 0.1 0.22219047697775565 0.030702703425365185 0.47137084867199375 0.032567460961857066
J1631.2+1046 LogParabola bcu LSP 40.937683 0.5070676 0.1457009 8.79273344024333e-09 "" "" "" "" "" "" "" "" "" "" "" ""
J1632.2+0854 PowerLaw bcu LSP 34.361298 0.80398905 0.27710333 4.383131778457346e-09 "" "" "" "" "" "" "" "" "" "" "" ""
J1632.8-1048 PowerLaw bcu LSP 159.95996 1.5389178 0.3511578 1.5258043590721036e-08 "" "" "" "" "" "" "" "" "" "" "" ""
J1633.8+0701 LogParabola bcu ISP 29.397501 0.5909843 0.19631326 2.8202799924289702e-09 "" "" "" "" "" "" "" "" "" "" "" ""
J1635.2+3808 LogParabola FSRQ LSP 8472.668 0.7053676 0.15055846 2.832512475595902e-07 1.1251868094263875 0.012798011918991017 1.0607482309324807 0.006032539836404234 1.2600589588623037 0.013369340297865755 1.1225234780895692 0.005955038161259278 1.2251215299795493 0.013042347601482143 1.106852081345809 0.005891639823102695
J1635.6+3628 PowerLaw fsrq LSP 203.25166 1.4882234 0.3319462 1.2224859078396977e-08 "" "" "" "" "" "" "" "" "" "" "" ""
J1637.7+4717 LogParabola fsrq LSP 734.81866 0.91588706 0.19799139 2.471813114500973e-08 "" "" "" "" 0.4461313462917452 0.03742097890719486 0.6679306448215602 0.028012623164783815 0.8584160547136465 0.05183520224083219 0.9265074498964627 0.027973440605698733
J1637.7+7326 PowerLaw bll "" 28.900978 0.9968186 0.45420468 4.99606489639205e-10 "" "" "" "" "" "" "" "" "" "" "" ""
J1638.1+5721 LogParabola fsrq LSP 102.81518 0.49185202 0.11727887 1.5970115984680464e-08 "" "" "" "" "" "" "" "" 0.03822017375237082 0.023572259027502734 0.1954998049931785 0.06028716762230333
J1639.2+4129 LogParabola fsrq LSP 77.20583 0.65534693 0.16224796 5.500401908288453e-09 "" "" "" "" "" "" "" "" "" "" "" ""
J1640.3+6850 PowerLaw bcu HSP 32.442177 0.45440942 0.1546843 3.216409891680353e-09 "" "" "" "" "" "" "" "" "" "" "" ""
J1640.4+3945 PowerLaw FSRQ LSP 437.65234 0.8274775 0.1801975 4.98097603540332e-08 -0.0173127810635116 0.01677598275179001 0.0 0.1 0.17619138975151588 0.028556973036062926 0.41975158099942383 0.03401651635006245 0.6298715835741399 0.04980399749229571 0.7936444944521066 0.03137676745724668
J1641.9-0621 LogParabola bll LSP 50.4493 0.36192396 0.10511974 1.3516042086183497e-08 "" "" "" "" "" "" "" "" 0.10322465806255808 0.03359666849270456 0.32128594438997493 0.05228468452999788
J1642.9+3948 LogParabola FSRQ LSP 236.88344 0.45033768 0.10042726 5.2285231521889066e-08 1.1946096169026523 0.03228358580883356 1.0929819837960058 0.014768580949848013 1.4611340503860601 0.03831214078514725 1.2087737796569133 0.015847523097341422 1.2594529485878316 0.03850241316002738 1.1222535135110212 0.017154062204524017
J1643.5-0646 PowerLaw bll "" 39.161453 0.7891696 0.2560566 5.70604760240882e-09 "" "" "" "" "" "" "" "" "" "" "" ""
J1644.9+2620 LogParabola NLSY1 LSP 62.972492 0.52702206 0.13773447 1.490592272027844e-08 "" "" "" "" "" "" "" "" "" "" "" ""
J1645.6+6329 LogParabola fsrq LSP 126.63436 0.593776 0.13800134 1.1714449486036846e-08 "" "" "" "" "" "" "" "" 0.19276397350767122 0.03580751631192009 0.4390489420413984 0.040778501988217704
J1647.4-6438 LogParabola bll LSP 30.381666 0.31506407 0.10499794 1.0564271180016488e-08 "" "" "" "" "" "" "" "" -0.06270476028365254 0.02788124612729579 0.0 0.1
J1647.5+4950 PowerLaw bll LSP 116.146416 0.3204272 0.075506344 2.6975801015052304e-08 -0.02528766977413385 0.015439414469652765 0.0 0.1 0.04843144177290476 0.018935126283418393 0.22007144697326084 0.04302040665393328 0.18018605647832622 0.023316587514597687 0.4244832817418446 0.027464671186718248
J1648.0+2221 PowerLaw bcu LSP 53.505005 0.76987696 0.21342903 6.050387683646232e-09 "" "" "" "" "" "" "" "" "" "" "" ""
J1648.2+4232 LogParabola bcu "" 213.65646 0.7814428 0.1750001 1.1113274346270478e-08 "" "" "" "" "" "" "" "" 0.21297617659025767 0.04530833505190495 0.4614934198775294 0.049088820230555864
J1649.4+5235 LogParabola bll ISP 113.97411 0.40318012 0.09494871 1.2164796287845065e-08 "" "" "" "" -0.02086819445279736 0.024916724749096775 0.0 0.1 0.173403869534874 0.03511159801457586 0.4164179025148583 0.04215908802494754
J1649.6+0411 LogParabola bcu LSP 72.56249 0.85413617 0.21781068 6.4528212299378e-09 "" "" "" "" "" "" "" "" "" "" "" ""
J1650.3-5045 LogParabola bll LSP 333.7602 0.6285829 0.13837625 6.091875057320289e-08 -0.08080140585729591 0.0070740462936083985 0.0 0.1 0.007674775071866846 0.013198767444265486 0.08760579359760887 0.07533044849116997 0.15568093142791792 0.02081567649458238 0.3945642297876455 0.026378058276830343
J1650.7+0831 LogParabola fsrq LSP 50.39862 0.55223125 0.1526584 8.804443437401186e-09 "" "" "" "" "" "" "" "" "" "" "" ""
J1653.8+3945 LogParabola BLL HSP 688.1423 0.3317155 0.07183891 5.636650864977853e-08 0.0458939638858047 0.007655936875271718 0.21422876530896756 0.017868601502300782 0.10631628915162908 0.008027298047739412 0.3260617873220183 0.012309473786653296 0.11160929786232099 0.007261615768551213 0.33407977769137864 0.010868086387526664
J1656.0+2047 PowerLaw bcu LSP 52.323067 0.6942488 0.1857206 6.790550373059234e-09 "" "" "" "" "" "" "" "" "" "" "" ""
J1656.3-3301 LogParabola fsrq LSP 146.96529 0.79291177 0.18266663 3.4215414432313525e-08 "" "" "" "" "" "" "" "" "" "" "" ""
J1657.0+6010 PowerLaw fsrq LSP 40.438923 0.5322614 0.1591982 5.022221355422757e-09 "" "" "" "" "" "" "" "" "" "" "" ""
J1657.7+4808 LogParabola fsrq LSP 470.7028 0.49849886 0.10874601 3.7982474698360984e-08 0.11477195450674957 0.018785680238775526 0.33878009756588356 0.027725477933546877 0.3099471749638221 0.024920527693365547 0.556728995979033 0.022381201512184288 0.6019880560616174 0.03315420306917039 0.7758788926511775 0.02136557868966026
J1659.7-3131 PowerLaw bcu LSP 66.65895 0.5273445 0.13486288 2.1544280429780875e-08 "" "" "" "" "" "" "" "" 0.02861681858334418 0.04197893432072666 0.16916506312872107 0.12407684407265601
J1700.0+6830 LogParabola fsrq LSP 2309.8801 0.71383125 0.15283865 6.818066359740531e-08 0.7829576269548895 0.0199617372109361 0.8848489288883665 0.011279743105986454 0.9732264855478668 0.022259090427105346 0.9865224201952365 0.01128159379423946 1.05317851953885 0.023249878085701555 1.0262448633434664 0.011327646508238951
J1701.0+6613 LogParabola bcu "" 61.811474 0.4531919 0.11841957 1.1364383083523705e-08 "" "" "" "" "" "" "" "" 0.09557425766028263 0.04099963986651409 0.30915086553377563 0.06631008422978966
J1702.2+2642 PowerLaw bll LSP 24.61162 0.3450531 0.18476698 3.13623097993207e-09 "" "" "" "" "" "" "" "" "" "" "" ""
J1703.6-6213 LogParabola fsrq LSP 577.66486 0.7060818 0.15319797 4.350554304728308e-08 0.15205535918502566 0.02151425090689682 0.38994276398597993 0.027586421513479276 0.2762686195503634 0.02589573447967865 0.5256126135761616 0.024633859434507598 0.5262059068182752 0.033468459688449796 0.7254005147628965 0.023068952259697014
J1704.1+7647 LogParabola bcu LSP 362.88217 0.86196834 0.18878163 1.7909653805976378e-08 "" "" "" "" 0.2793597524736193 0.040925527113144886 0.5285449389348263 0.038715276694940896 0.5464620406215035 0.05541063180702874 0.7392307086569818 0.037478578174665905
J1704.2+1234 PowerLaw bll LSP 33.105667 0.6279209 0.19182919 5.244172625805137e-09 "" "" "" "" "" "" "" "" "" "" "" ""
J1704.5-0527 PowerLaw bll ISP 22.01749 0.2734083 0.11606433 9.306238883348577e-09 "" "" "" "" "" "" "" "" -0.09718648582098172 0.025156266019434843 0.0 0.1
J1706.1+1000 LogParabola bcu "" 38.983772 0.7214118 0.20660199 6.50393294761615e-09 "" "" "" "" "" "" "" "" "" "" "" ""
J1706.9+4543 PowerLaw fsrq LSP 37.56201 0.6331939 0.18770353 6.167877081007489e-09 "" "" "" "" "" "" "" "" "" "" "" ""
J1707.5+1649 LogParabola fsrq LSP 32.729164 0.5608864 0.1813572 3.9903069819987225e-09 "" "" "" "" "" "" "" "" "" "" "" ""
J1707.9+0016 PowerLaw bcu LSP 33.287598 1.3767068 0.3758063 1.0892390708979255e-09 "" "" "" "" "" "" "" "" "" "" "" ""
J1709.7+4318 LogParabola fsrq LSP 2017.4603 1.1331018 0.24259438 3.756734696723819e-08 0.950499836767046 0.03774721842694109 0.9749358116137934 0.019358822384654646 1.3084656109424326 0.043891164578781644 1.1438818168597806 0.019185183264505863 2.0004483226358816 0.05687624140658823 1.4143720594793583 0.02010653456613277
J1714.0-2029 PowerLaw bcu HSP 28.12355 0.59405756 0.26284426 1.0109771577675925e-09 "" "" "" "" "" "" "" "" "" "" "" ""
