4LAC_variability_analysis/resulting_catalogs/df_filtered_4lac_luana_dr3.ecsv
# %ECSV 1.0
# ---
# datatype:
# - {name: Source_Name, datatype: string}
# - {name: SpectrumType, datatype: string}
# - {name: CLASS, datatype: string}
# - {name: SED_class, datatype: string}
# - {name: Variability_Index, datatype: float32}
# - {name: Frac_Variability, datatype: float32}
# - {name: Unc_Frac_Variability, datatype: float32}
# - {name: Spectrum_Flux_Estimated, datatype: float64}
# - {name: Bright_Ratio_x, datatype: float64}
# - {name: Norm_Excess_Var(3_days), datatype: float64}
# - {name: Unc_Norm_Excess_Var(3_days), datatype: float64}
# - {name: Frac_Variability(3_days), datatype: float64}
# - {name: Unc_Frac_Variability(3_days), datatype: float64}
# - {name: Bright_Ratio_y, datatype: float64}
# - {name: Norm_Excess_Var(weekly), datatype: float64}
# - {name: Unc_Norm_Excess_Var(weekly), datatype: float64}
# - {name: Frac_Variability(weekly), datatype: float64}
# - {name: Unc_Frac_Variability(weekly), datatype: float64}
# - {name: Bright_Ratio, datatype: float64}
# - {name: Norm_Excess_Var(monthly), datatype: float64}
# - {name: Unc_Norm_Excess_Var(monthly), datatype: float64}
# - {name: Frac_Variability(monthly), datatype: float64}
# - {name: Unc_Frac_Variability(monthly), datatype: float64}
# schema: astropy-2.0
Source_Name SpectrumType CLASS SED_class Variability_Index Frac_Variability Unc_Frac_Variability Spectrum_Flux_Estimated Bright_Ratio_x Norm_Excess_Var(3_days) Unc_Norm_Excess_Var(3_days) Frac_Variability(3_days) Unc_Frac_Variability(3_days) Bright_Ratio_y Norm_Excess_Var(weekly) Unc_Norm_Excess_Var(weekly) Frac_Variability(weekly) Unc_Frac_Variability(weekly) Bright_Ratio Norm_Excess_Var(monthly) Unc_Norm_Excess_Var(monthly) Frac_Variability(monthly) Unc_Frac_Variability(monthly)
[from data line 631]
J1037.7+5711 LogParabola bll ISP 179.93988 0.29643804 0.06738798 1.398654284751533e-08 0.5364842454394693 -0.3470818065065988 0.045931292405395265 0.0 0.1 0.15251798561151078 0.13780414129600463 0.025306542307774214 0.37121980186407705 0.034085657851086644 0.005780346820809248 0.17274218433285046 0.016050127870173757 0.4156226465591721 0.019308533838384934
J1038.2-2425 PowerLaw bcu "" 36.00459 0.79650074 0.25107658 3.964560888267244e-09 "" "" "" "" "" "" "" "" "" "" "" "" "" "" ""
J1038.8-5312 LogParabola fsrq LSP 764.56464 1.9796325 0.42656752 1.7562919166398743e-08 "" "" "" "" "" "" "" "" "" "" 3.0869565217391304 6.6982870613106895 0.7295406149899332 2.588104916982828 0.1409410820640958
J1040.5+0617 PowerLaw bll LSP 133.06842 0.87015265 0.20138212 2.2963523144005534e-08 "" "" "" "" "" "" "" "" "" "" 0.33613445378151263 0.5392300309577801 0.08674746632152835 0.7343228383740902 0.05906630012597818
J1043.2+2408 PowerLaw fsrq LSP 67.99225 0.43328348 0.10997813 1.4434035514046998e-08 "" "" "" "" "" "" "" "" "" "" "" "" "" "" ""
J1044.6+8053 LogParabola fsrq LSP 66.095795 0.23743774 0.06132966 3.562644977569871e-08 "" "" "" "" "" "" "" "" "" "" "" "" "" "" ""
J1045.8-2928 PowerLaw fsrq LSP 176.53947 1.3645213 0.30882025 1.0503777381503819e-08 "" "" "" "" "" "" "" "" "" "" 3.1555555555555554 3.548316836686871 0.8274435529142968 1.8836976500189384 0.219632793220817
J1047.2-5517 PowerLaw bcu "" 42.069378 0.5195908 0.14768066 2.3667465795526944e-08 "" "" "" "" "" "" "" "" "" "" "" "" "" "" ""
J1047.7+7238 PowerLaw bll ISP 74.86048 0.69096375 0.1729446 6.582713628276945e-09 "" "" "" "" "" "" "" "" "" "" "" "" "" "" ""
J1047.8-6216 LogParabola bcu LSP 100.55631 0.5892255 0.1411354 3.2836286598402263e-08 "" "" "" "" "" 0.7937219730941704 -0.5178211187415651 0.08459980433213057 0.0 0.1 0.11242603550295859 0.11739924249455265 0.030779769738587565 0.34263572857271124 0.04491617069066944
J1048.4+7143 LogParabola FSRQ LSP 11508.978 1.0206561 0.21775928 1.6533792497737738e-07 0.334534967555876 1.5070956764609347 0.02246743024183975 1.2276382514653634 0.009150672119829124 0.15988372093023256 1.4409096157682906 0.020236049928113245 1.2003789467365256 0.008429025676903557 0.0273224043715847 1.2830504625318098 0.016112836401473034 1.1327181743628068 0.007112464850551667
J1049.8+1429 LogParabola bcu LSP 86.303635 0.52301913 0.1268904 1.4215138864048533e-08 "" "" "" "" "" "" "" "" "" "" 0.504 1.3006531552412002 0.11023842780039839 1.1404618166520089 0.04833060878970034
J1050.1+0432 LogParabola fsrq LSP 400.7382 1.4160784 0.3087505 1.54765351855921e-08 "" "" "" "" "" "" "" "" "" "" 1.379746835443038 1.9198498640224329 0.3482538878996698 1.3855864693415683 0.1256702109920142
J1051.4-3139 LogParabola fsrq LSP 31.075956 0.57648367 0.19719562 7.357455166690759e-09 "" "" "" "" "" "" "" "" "" "" "" "" "" "" ""
J1051.6+2109 LogParabola fsrq LSP 23.662893 0.6014085 0.29182833 1.1407986977086287e-09 "" "" "" "" "" "" "" "" "" "" "" "" "" "" ""
J1054.5+2211 PowerLaw bll ISP 34.932976 0.2055219 0.06496374 1.724144498604882e-08 "" "" "" "" "" "" "" "" "" "" "" "" "" "" ""
J1056.8+7012 LogParabola fsrq LSP 335.3343 0.8947378 0.19682635 2.8446786487071286e-08 "" "" "" "" "" "" "" "" "" "" 0.8076923076923077 1.5340765256560709 0.1762557257247204 1.2385784293520015 0.07115242827898018
J1057.2+5510 PowerLaw bll HSP 27.173935 0.6529375 0.25668803 1.0748803798319669e-09 "" "" "" "" "" "" "" "" "" "" "" "" "" "" ""
J1057.3-2341 LogParabola fsrq LSP 34.491768 0.47344735 0.14208424 5.591810403347518e-09 "" "" "" "" "" "" "" "" "" "" "" "" "" "" ""
J1058.0+4305 PowerLaw bll LSP 27.49001 0.5114818 0.26808617 1.7367498771899747e-09 "" "" "" "" "" "" "" "" "" "" "" "" "" "" ""
J1058.4+0133 LogParabola BLL LSP 540.1709 0.4124204 0.08960882 8.082155073701342e-08 0.5846672283066554 0.22965499089051117 0.041262350660644063 0.4792233204785752 0.043051275780399745 0.22003034901365706 0.510306430858445 0.03367572756838141 0.7143573551510791 0.023570645227877125 0.010752688172043012 0.5072946954724303 0.021181158861921467 0.7122462323329133 0.014869267045852981
J1058.5+8115 LogParabola fsrq LSP 142.78212 0.8846229 0.20533054 5.357708088528315e-09 "" "" "" "" "" "" "" "" "" "" "" "" "" "" ""
J1058.6+2817 PowerLaw bll LSP 48.24615 0.48323 0.13104354 7.030222398009887e-09 "" "" "" "" "" "" "" "" "" "" 0.9583333333333334 3.1194621963457783 0.30970959330581926 1.7661999310230363 0.08767682182119273
J1058.6-8003 LogParabola bll LSP 595.51917 0.87948084 0.19081177 1.6864980097561618e-08 "" "" "" "" "" "" "" "" "" "" 0.35251798561151076 1.0089350687122156 0.08906596330087478 1.004457599260524 0.04433535241629146
J1058.6+5627 LogParabola BLL ISP 185.7362 0.29591414 0.06651917 2.2194507749471543e-08 0.7497648165569144 -0.8722877632402959 0.06818523445311157 0.0 0.1 0.26540284360189575 -0.05574224265664882 0.0319452550197067 0.0 0.1 0.0053475935828877 0.13999882174444836 0.017160974095147784 0.3741641641638712 0.022932412746550283
J1059.2-1134 LogParabola bll LSP 142.20921 0.26308033 0.06103207 3.598480379985059e-08 0.846382556987116 -0.8816211699176858 0.07548009064250324 0.0 0.1 0.3137254901960784 0.059626795429891966 0.03504337955432176 0.24418598532653746 0.07175550944797268 0.0273224043715847 0.22840106826545026 0.020831861853758998 0.4779132434505768 0.021794606175119854
J1059.5+2057 PowerLaw fsrq "" 26.093534 0.5693976 0.2162125 4.231914825064355e-09 "" "" "" "" "" "" "" "" "" "" "" "" "" "" ""
J1102.6+5251 PowerLaw fsrq ISP 71.31319 1.0317193 0.2603589 4.0677882185369255e-09 "" "" "" "" "" "" "" "" "" "" "" "" "" "" ""
J1103.0+1157 LogParabola fsrq ISP 569.6048 0.9734062 0.21103767 2.2890640259489504e-08 "" "" "" "" "" "" "" "" "" "" 0.6068376068376068 1.1985381753358364 0.12844415982160104 1.0947776830643912 0.05866221142820207
J1103.9-5357 LogParabola bll LSP 740.23706 0.7090232 0.15327142 3.313023537908986e-08 "" "" "" "" "" 0.5306513409961686 0.38421550907290364 0.052610267747124705 0.6198511991380703 0.04243782041583653 0.06818181818181818 0.5031679105151988 0.030480268646437228 0.7093432952493446 0.02148485003704938
J1104.4+0730 PowerLaw bll ISP 37.220604 0.4501138 0.14129022 6.10306221223637e-09 "" "" "" "" "" "" "" "" "" "" "" "" "" "" ""
J1104.4+3812 LogParabola BLL HSP 1618.0674 0.2806271 0.060205523 1.873190601090564e-07 0.025881057268722467 0.20641097948831674 0.006120351361458488 0.45432475112887777 0.006735656979122335 0.017766497461928935 0.1923220853478244 0.006037107815077447 0.43854541993711943 0.006883104395370352 0.0 0.1541887367631472 0.004304361478250426 0.39266873667653657 0.005480906774857623
J1104.9+5748 PowerLaw bcu "" 24.517689 0.4988621 0.19828579 3.5903231276029213e-09 "" "" "" "" "" "" "" "" "" "" "" "" "" "" ""
J1106.0+2813 LogParabola fsrq LSP 154.57782 0.64525425 0.14721818 1.3532505396549051e-08 "" "" "" "" "" "" "" "" "" "" "" "" "" "" ""
J1106.5-3646 LogParabola bll "" 29.614979 0.31566718 0.11318446 5.994726696844905e-09 "" "" "" "" "" "" "" "" "" "" "" "" "" "" ""
J1107.0-4449 LogParabola fsrq LSP 135.70953 0.47956756 0.111062534 2.916568370386377e-08 "" "" "" "" "" "" "" "" "" "" 0.3055555555555556 0.41048582700915737 0.0639816082027498 0.6406916785858525 0.04993166786867849
J1109.6+3735 PowerLaw bll ISP 29.449364 0.5962314 0.2313845 1.135824545075189e-09 "" "" "" "" "" "" "" "" "" "" "" "" "" "" ""
J1109.7-4814 PowerLaw bcu LSP 28.701477 0.7253472 0.251454 5.825063517906848e-09 "" "" "" "" "" "" "" "" "" "" "" "" "" "" ""
J1110.5-1836 LogParabola bll ISP 42.30113 0.66191334 0.18144198 1.7317126247758175e-09 "" "" "" "" "" "" "" "" "" "" "" "" "" "" ""
J1111.8+4858 PowerLaw bcu ISP 21.581484 0.53414 0.52807915 3.117835873795646e-10 "" "" "" "" "" "" "" "" "" "" "" "" "" "" ""
J1112.5+3448 LogParabola fsrq LSP 202.45546 0.7078428 0.15812755 2.053110143124033e-08 "" "" "" "" "" "" "" "" "" "" 0.6491228070175439 0.751530289992723 0.13021440859693348 0.8669084669056607 0.07510274358129193
J1113.6-1920 PowerLaw bcu ISP 40.20375 0.8622369 0.2630658 2.667600993552568e-09 "" "" "" "" "" "" "" "" "" "" "" "" "" "" ""
J1114.5-0819 LogParabola fsrq LSP 34.1737 0.40057158 0.12439355 1.5209573303926798e-08 "" "" "" "" "" "" "" "" "" "" "" "" "" "" ""
J1117.0+2013 PowerLaw bll HSP 138.57057 0.49860576 0.1157977 1.1024503552833296e-08 "" "" "" "" "" "" "" "" "" "" "" "" "" "" ""
J1118.2-4634 LogParabola fsrq ISP 56.518143 0.7817753 0.2069229 5.242003968265556e-09 "" "" "" "" "" "" "" "" "" "" "" "" "" "" ""
J1118.2-0415 PowerLaw agn LSP 284.6356 1.2142348 0.26737303 1.8330445362360406e-08 "" "" "" "" "" "" "" "" "" "" 3.4761904761904763 2.316912593676134 0.7170661538144448 1.5221407929873418 0.23554527843877582
J1119.0+1235 LogParabola fsrq LSP 51.667328 0.3879499 0.10692632 1.4277271590115842e-08 "" "" "" "" "" "" "" "" "" "" "" "" "" "" ""
J1121.4-0553 LogParabola fsrq LSP 466.6316 0.7737894 0.16862212 3.230379025364508e-08 "" "" "" "" "" "" "" "" "" "" 0.898989898989899 2.456849561799932 0.177191840019207 1.5674340693630249 0.056522900542545426
J1123.4-2529 LogParabola fsrq "" 41.14842 0.81836003 0.24577099 1.222373826373149e-09 "" "" "" "" "" "" "" "" "" "" "" "" "" "" ""
J1123.5-6418 LogParabola bcu ISP 73.16114 1.143608 0.28947085 9.273586740278701e-09 "" "" "" "" "" "" "" "" "" "" "" "" "" "" ""
J1124.9+4934 LogParabola bll HSP 38.545425 0.42563182 0.12564015 1.2121754653459325e-09 "" "" "" "" "" "" "" "" "" "" "" "" "" "" ""
J1125.5-3557 PowerLaw bll ISP 57.440964 0.7945376 0.20354341 4.642743876477723e-09 "" "" "" "" "" "" "" "" "" "" "" "" "" "" ""
J1125.9+2005 LogParabola fsrq LSP 93.739296 0.74069226 0.17877935 5.188216797438606e-09 "" "" "" "" "" "" "" "" "" "" "" "" "" "" ""
J1127.0-1857 LogParabola fsrq LSP 4827.034 1.1265979 0.24063258 7.902439370173242e-08 "" "" "" "" "" 0.7085106382978723 1.9854761565935795 0.054308386481222375 1.4090692518799703 0.019271013972082814 0.296551724137931 1.950184804797117 0.0419769683064015 1.396490173541195 0.015029453519159767
J1127.4+5648 PowerLaw fsrq LSP 83.44694 0.6037745 0.14887853 1.1099305339916264e-08 "" "" "" "" "" "" "" "" "" "" "" "" "" "" ""
J1127.8+3618 PowerLaw fsrq LSP 186.223 0.5682086 0.12839356 2.3250326691380675e-08 "" "" "" "" "" "" "" "" "" "" 0.7247706422018348 0.4912772575190384 0.13961561509762835 0.7009117330442104 0.09959571834476769
J1128.0+5924 LogParabola fsrq LSP 187.44365 0.74690485 0.16842262 8.819040456106729e-09 "" "" "" "" "" "" "" "" "" "" "" "" "" "" ""
J1129.1+3703 PowerLaw bll LSP 54.04497 0.87063193 0.22532533 4.469927282363672e-09 "" "" "" "" "" "" "" "" "" "" "" "" "" "" ""
J1129.2-0529 LogParabola bcu "" 47.884155 0.4577204 0.12561859 1.533430627631713e-08 "" "" "" "" "" "" "" "" "" "" "" "" "" "" ""
J1129.5+3034 PowerLaw bcu ISP 25.174797 0.5408296 0.2065243 4.057806302693664e-09 "" "" "" "" "" "" "" "" "" "" "" "" "" "" ""
J1129.8-1447 LogParabola fsrq LSP 656.38934 1.299183 0.28048223 2.6404564195745225e-08 "" "" "" "" "" 0.9880952380952381 3.8555865954079174 0.08589777204962841 1.9635647673066243 0.021872915393428144 0.7090909090909091 3.323519246620184 0.07398460346634457 1.8230521787980134 0.020291411383278283
J1131.0+3815 LogParabola fsrq LSP 452.28714 0.7148422 0.15584265 3.25517586196258e-08 "" "" "" "" "" 0.9049881235154394 0.7520553908188092 0.0855104266037335 0.8672112723084319 0.04930195751267916 0.3333333333333333 0.9040336390402988 0.05876819991743054 0.9508068358190841 0.030904384415160392
J1131.4-0504 LogParabola bcu LSP 29.924683 0.5871849 0.19404694 2.7806013666584755e-09 "" "" "" "" "" "" "" "" "" "" "" "" "" "" ""
J1132.7+0034 LogParabola bll ISP 26.02259 0.11830224 0.04254161 2.742373806859572e-08 "" "" "" "" "" 0.4636363636363636 -0.4055087484416739 0.06642092863107174 0.0 0.1 0.010752688172043012 0.09196188536207947 0.018946153323876988 0.3032521811332599 0.03123828038610441
J1135.1+3014 PowerLaw bll LSP 38.25777 0.59304005 0.18868202 3.9409146072120476e-09 "" "" "" "" "" "" "" "" "" "" "" "" "" "" ""
J1135.7-0427 LogParabola fsrq LSP 28.10715 0.64725274 0.23548521 3.537059391614941e-09 "" "" "" "" "" "" "" "" "" "" "" "" "" "" ""
J1136.2+3407 LogParabola fsrq LSP 195.9309 0.87246597 0.19573978 1.3157523620502455e-08 "" "" "" "" "" "" "" "" "" "" 1.186046511627907 0.7362150394937419 0.23634374339562544 0.8580297427792011 0.13772467993364443
J1136.4+6736 LogParabola bll HSP 31.465784 0.34756452 0.110161714 1.5168734573530986e-09 "" "" "" "" "" "" "" "" "" "" "" "" "" "" ""
J1136.4+7009 LogParabola bll HSP 49.786415 0.25276908 0.06941989 5.355606252529915e-09 "" "" "" "" "" "" "" "" "" "" "" "" "" "" ""
J1139.0+4033 PowerLaw bcu LSP 55.485157 0.60985786 0.16672109 1.1351806216761749e-08 "" "" "" "" "" "" "" "" "" "" "" "" "" "" ""
J1141.5-1408 PowerLaw bll HSP 23.78556 0.4766481 0.1881026 2.0618947055371735e-09 "" "" "" "" "" "" "" "" "" "" "" "" "" "" ""
J1143.1+6122 LogParabola bll LSP 83.385086 0.6191321 0.15186603 2.4902237162897808e-09 "" "" "" "" "" "" "" "" "" "" "" "" "" "" ""
J1145.7-6949 LogParabola fsrq LSP 127.75522 0.87823457 0.2046669 1.708914835296731e-08 "" "" "" "" "" "" "" "" "" "" "" "" "" "" ""
J1146.9+3958 LogParabola fsrq LSP 1558.2582 0.59309894 0.12723269 8.758448404285078e-08 0.46431372549019606 0.8190089567426319 0.03372242990436948 0.9049911362784897 0.018631359221396946 0.21331316187594554 0.8575085242852702 0.027628289949529844 0.9260175615425823 0.014917800210778926 0.062146892655367235 0.7329338287992027 0.021452836294159238 0.8561155464066768 0.012529171082222467
J1147.0-3812 LogParabola bll LSP 157.00865 0.3488884 0.08012952 3.1591281970812573e-08 "" "" "" "" "" 0.756578947368421 -0.2969581564632684 0.08145402061255519 0.0 0.1 0.09302325581395349 0.3081871302708484 0.03264446124149992 0.5551460440918663 0.029401687708052786
J1147.2-2627 LogParabola bcu LSP 75.40133 0.7597416 0.18782608 9.27200639737308e-09 "" "" "" "" "" "" "" "" "" "" "" "" "" "" ""
J1147.8-0724 LogParabola fsrq LSP 210.62656 0.9087055 0.20411094 1.5847257406195883e-08 "" "" "" "" "" "" "" "" "" "" "" "" "" "" ""
J1148.5+2629 PowerLaw fsrq LSP 44.30825 0.69705945 0.20040065 5.998133591950269e-09 "" "" "" "" "" "" "" "" "" "" "" "" "" "" ""
J1148.6+1841 PowerLaw bll LSP 22.849741 0.44146815 0.20782259 3.307007334693482e-09 "" "" "" "" "" "" "" "" "" "" "" "" "" "" ""
J1149.5-4029 LogParabola bcu LSP 36.840355 0.553933 0.16963902 5.79558698648875e-09 "" "" "" "" "" "" "" "" "" "" "" "" "" "" ""
J1150.4+2418 LogParabola bll ISP 33.968685 0.18393123 0.05764846 2.1022432660757736e-08 "" "" "" "" "" 0.8356164383561644 -0.9152837706454526 0.10766726513108096 0.0 0.1 "" "" "" "" ""
J1150.6+4154 LogParabola bll HSP 77.7763 0.27666306 0.06920815 5.865206733061626e-09 "" "" "" "" "" 0.6502057613168725 -1.040938870205793 0.10661969008827779 0.0 0.1 "" "" "" "" ""
J1152.3-0839 LogParabola fsrq LSP 437.06354 0.838156 0.18291119 2.4171332298951364e-08 "" "" "" "" "" "" "" "" "" "" 0.38235294117647056 0.9402930059053696 0.08824824530181131 0.9696870659678666 0.045503466220686746
J1153.0+8056 PowerLaw fsrq LSP 75.37597 0.78237796 0.1931274 1.1951914367640232e-08 "" "" "" "" "" "" "" "" "" "" "" "" "" "" ""
J1153.3-1104 LogParabola bcu LSP 1559.9073 2.0778148 0.44462642 1.842920871030732e-08 "" "" "" "" "" "" "" "" "" "" 1.2117647058823529 4.932509639790394 0.17642798518180222 2.220925401671653 0.03971947573047881
J1153.4+4931 LogParabola FSRQ LSP 1256.5314 1.3529274 0.29020494 2.5948709485129114e-08 "" "" "" "" "" "" "" "" "" "" 0.9183673469387755 8.45368935106228 0.27830233626730877 2.9075228891725478 0.047859010380226254
J1154.0+4037 PowerLaw fsrq LSP 26.06498 0.46485555 0.15006453 3.636630250102549e-09 "" "" "" "" "" "" "" "" "" "" "" "" "" "" ""
J1154.0+6018 LogParabola fsrq LSP 105.69455 0.6086057 0.14518543 1.3783648563964576e-08 "" "" "" "" "" "" "" "" "" "" "" "" "" "" ""
J1154.1-3243 LogParabola bll LSP 48.067493 0.30050132 0.082608454 9.601979044386059e-09 "" "" "" "" "" "" "" "" "" "" "" "" "" "" ""
