4LAC_variability_analysis/resulting_catalogs/df_filtered_4lac_luana_dr3.ecsv
# %ECSV 1.0
# ---
# datatype:
# - {name: Source_Name, datatype: string}
# - {name: SpectrumType, datatype: string}
# - {name: CLASS, datatype: string}
# - {name: SED_class, datatype: string}
# - {name: Variability_Index, datatype: float32}
# - {name: Frac_Variability, datatype: float32}
# - {name: Unc_Frac_Variability, datatype: float32}
# - {name: Spectrum_Flux_Estimated, datatype: float64}
# - {name: Norm_Excess_Var(3-days), datatype: float64}
# - {name: err_Norm_Excess_Var(3-days), datatype: float64}
# - {name: Fvar(3-days), datatype: float64}
# - {name: err_Fvar(3-days), datatype: float64}
# - {name: Norm_Excess_Var(weekly), datatype: float64}
# - {name: err_Norm_Excess_Var(weekly), datatype: float64}
# - {name: Fvar(weekly), datatype: float64}
# - {name: err_Fvar(weekly), datatype: float64}
# - {name: Norm_Excess_Var(monthly), datatype: float64}
# - {name: err_Norm_Excess_Var(monthly), datatype: float64}
# - {name: Fvar(monthly), datatype: float64}
# - {name: err_Fvar(monthly), datatype: float64}
# - {name: Norm_Excess_Var(monthly-t), datatype: float64}
# - {name: err_Norm_Excess_Var(monthly-t), datatype: float64}
# - {name: Fvar(monthly-t), datatype: float64}
# - {name: err_Fvar(monthly-t), datatype: float64}
# schema: astropy-2.0
Source_Name SpectrumType CLASS SED_class Variability_Index Frac_Variability Unc_Frac_Variability Spectrum_Flux_Estimated Norm_Excess_Var(3-days) err_Norm_Excess_Var(3-days) Fvar(3-days) err_Fvar(3-days) Norm_Excess_Var(weekly) err_Norm_Excess_Var(weekly) Fvar(weekly) err_Fvar(weekly) Norm_Excess_Var(monthly) err_Norm_Excess_Var(monthly) Fvar(monthly) err_Fvar(monthly) Norm_Excess_Var(monthly-t) err_Norm_Excess_Var(monthly-t) Fvar(monthly-t) err_Fvar(monthly-t)
[from data line 354]
J0555.6+3947 LogParabola fsrq LSP 207.9144 0.6920767 0.15484786 3.5403333924918275e-08 "" "" "" "" "" "" "" "" 0.16183701775042306 0.02940270689794388 0.402289718673524 0.03654419381496235 0.34414101342356246 0.04318899534435548 0.5866353325734501 0.03681076892768641
J0556.2-4352 LogParabola bll LSP 41.841965 0.55607706 0.15654488 2.018732176222982e-09 "" "" "" "" "" "" "" "" "" "" "" "" "" "" "" ""
J0601.1-7035 LogParabola fsrq LSP 790.82715 0.80240816 0.1734323 3.286490219776401e-08 "" "" "" "" 0.1534404280991595 0.027506999015258052 0.3917147279579356 0.03511100943109279 0.3200412623522796 0.02618785452451691 0.565721894885004 0.023145519699074215 0.6832452076705289 0.03815115024672547 0.8265864792449299 0.023077531029527473
J0601.8-2003 PowerLaw fsrq LSP 23.082935 0.30162203 0.123092145 1.3348741284377546e-08 "" "" "" "" "" "" "" "" "" "" "" "" "" "" "" ""
J0602.0+5315 PowerLaw bll "" 64.10905 0.52736855 0.13299097 6.378618809950822e-09 "" "" "" "" "" "" "" "" -0.0375812006774181 0.02211380295977849 0.0 0.1 -0.14448975714246548 0.07083814862801757 0.0 0.1
J0603.9+2159 PowerLaw bcu "" 20.782434 0.32397166 0.16341914 2.0235358528675667e-08 "" "" "" "" "" "" "" "" 0.046450643338369596 0.05853113441826813 0.21552411312512018 0.13578790226662138 -0.08667257975106865 0.040907096279203845 0.0 0.1
J0607.4+4739 LogParabola bll LSP 109.009094 0.25974014 0.061597195 2.479958092269111e-08 -0.023013604809245133 0.018882901789216963 0.0 0.1 0.044534109550831084 0.020278205881886485 0.21103106299981308 0.04804554740338024 0.13166512137291048 0.020160392930106037 0.36285688828091783 0.027780088488354938 0.4364069066226927 0.05864723629588661 0.6606110100677196 0.044388630678343255
J0608.0+6721 LogParabola fsrq LSP 89.0411 0.73008716 0.17514852 7.644999287564645e-09 "" "" "" "" "" "" "" "" -0.008168650976209429 0.02568699848123207 0.0 0.1 0.43457591223235387 0.21558276831801781 0.6592237194096962 0.16351259972188353
J0608.0-0835 LogParabola fsrq LSP 335.96204 0.7566275 0.16623053 3.6382175429867885e-08 "" "" "" "" "" "" "" "" 0.23511475225938283 0.036532007662414274 0.48488632921477876 0.037670692553421675 0.5040315998477608 0.05206227552522453 0.709951829244605 0.03666606196410484
J0608.1-6028 PowerLaw fsrq LSP 39.172615 0.7339304 0.21405938 7.1680010617401426e-09 "" "" "" "" "" "" "" "" "" "" "" "" "" "" "" ""
J0608.1-1521 LogParabola fsrq LSP 373.10196 1.1403486 0.24975881 2.3956625299892985e-08 "" "" "" "" "" "" "" "" 0.2975089267924402 0.04011617860303233 0.5454437888476137 0.03677388891693843 0.6277384235493622 0.059147706865230264 0.7922994532052652 0.03732661093349673
J0608.9-5456 LogParabola bcu LSP 111.13025 0.77707577 0.18351576 1.0542342840692716e-08 "" "" "" "" "" "" "" "" "" "" "" "" "" "" "" ""
J0609.0-2219 PowerLaw fsrq LSP 25.256601 0.5480215 0.22360578 3.6854681666956703e-09 "" "" "" "" "" "" "" "" "" "" "" "" "" "" "" ""
J0610.1-1848 LogParabola bll LSP 25.989388 0.39083835 0.13809137 5.861464897101884e-09 "" "" "" "" "" "" "" "" 0.04927009761743869 0.04878139680601496 0.2219686861190981 0.10988351028000663 -0.015417422588027946 0.03985760265981726 0.0 0.1
J0610.9-6054 LogParabola fsrq LSP 33.365543 0.54699886 0.17466289 7.148343378773665e-09 "" "" "" "" "" "" "" "" "" "" "" "" "" "" "" ""
J0611.6-2712 LogParabola bcu "" 437.51813 1.3786103 0.3002089 1.0660600357102008e-08 "" "" "" "" "" "" "" "" 0.10424715146403539 0.02820342639511247 0.3228732746202996 0.04367569045205093 0.39120882359658504 0.05184176198126485 0.6254668844923646 0.041442451444363954
J0612.5-3138 PowerLaw fsrq LSP 40.075348 0.51225775 0.14671798 1.1295452244190809e-08 "" "" "" "" "" "" "" "" "" "" "" "" "" "" "" ""
J0612.8+4122 LogParabola bll ISP 92.30578 0.20574366 0.049380105 2.8490826507324773e-08 -0.07906351788826677 0.009571946758612589 0.0 0.1 -0.03150940847389179 0.010077449309739264 0.0 0.1 0.06873077408611916 0.01288795829816122 0.26216554709976514 0.024579809286032546 0.09952592739849964 0.014941297894556874 0.315477300924329 0.023680464253338977
J0614.8+6136 LogParabola bcu "" 34.47391 0.70558476 0.21892047 4.118157823083782e-09 "" "" "" "" "" "" "" "" "" "" "" "" "" "" "" ""
J0615.3-3117 PowerLaw bll ISP 30.69809 0.5846123 0.18588184 3.8720620514275944e-09 "" "" "" "" "" "" "" "" "" "" "" "" "" "" "" ""
J0617.2+5701 LogParabola bll LSP 54.811657 0.29502088 0.07767284 9.878757323081283e-09 "" "" "" "" 0.9741509677520573 0.11783616645102364 0.9869908650803498 0.05969465909972264 0.04454505898555369 0.02182604083132316 0.21105700411394476 0.05170650678700004 0.08807385607801414 0.025318775012987856 0.2967723977697625 0.042656889931910524
J0618.9-1138 PowerLaw bcu LSP 18.423632 0.49229008 0.2609755 1.009452068025161e-08 "" "" "" "" "" "" "" "" "" "" "" "" "" "" "" ""
J0620.5-2512 LogParabola bcu LSP 128.08601 0.6636755 0.15456705 1.765897146391605e-08 "" "" "" "" "" "" "" "" 0.1074312647134951 0.047603751993580946 0.3277670891250296 0.07261826091304438 0.28131936389610673 0.06560258108896087 0.5303954787666527 0.06184308097941262
J0622.3-2605 LogParabola bll HSP 139.32582 0.437988 0.10127738 1.1670180640315371e-08 "" "" "" "" -0.031610526497921045 0.021459314392739636 0.0 0.1 0.1344543673601264 0.028321872034454427 0.3666801976656585 0.03861930943470051 0.21737783824388074 0.03352332807241878 0.46623796310884075 0.03595087779734588
J0622.9+3326 LogParabola BCU LSP 2686.062 1.7751473 0.37940803 3.856352174441585e-08 "" "" "" "" "" "" "" "" "" "" "" "" "" "" "" ""
J0623.0-3010 PowerLaw bcu "" 32.22171 0.69078 0.21743426 5.426831831246326e-09 "" "" "" "" "" "" "" "" "" "" "" "" "" "" "" ""
J0623.7-3348 LogParabola bcu "" 495.83295 1.3299524 0.28783017 1.3474043793490234e-08 "" "" "" "" "" "" "" "" "" "" "" "" "" "" "" ""
J0625.3+4439 PowerLaw bll LSP 30.573887 0.25902322 0.088005684 1.0611281952778529e-08 "" "" "" "" "" "" "" "" -0.06411589546297258 0.01668396535345488 0.0 0.1 -0.11805869539886006 0.02080341351426581 0.0 0.1
J0625.8-5441 PowerLaw fsrq LSP 29.855848 0.38856354 0.12819323 1.2562326174099417e-08 "" "" "" "" "" "" "" "" "" "" "" "" "" "" "" ""
J0626.4-4259 LogParabola bll HSP 30.59556 0.7053327 0.22491883 5.139695201025544e-10 "" "" "" "" "" "" "" "" "" "" "" "" "" "" "" ""
J0628.8-6250 LogParabola bll LSP 34.784435 0.31072372 0.09338287 6.458425286557623e-09 "" "" "" "" "" "" "" "" 0.02124062299287864 0.04190237836402981 0.14574163095313103 0.14375569317426248 0.014879136073919651 0.042673012837550546 0.12198006424789114 0.17491797983820254
J0629.3-1959 LogParabola bll LSP 500.7918 0.95006627 0.2065161 2.092846166248162e-08 "" "" "" "" "" "" "" "" 0.4247796018749388 0.04696648310108662 0.651751180954004 0.03603099194414899 0.8705909976346773 0.06434478102537665 0.9330546595107262 0.03448071362674384
J0630.9-2406 LogParabola bll HSP 118.580635 0.25038278 0.058701135 1.8147667172953938e-08 -0.14741046317071693 0.0041281506351881405 0.0 0.1 -0.07361825109873707 0.006979227585097168 0.0 0.1 0.04319638155133946 0.010502494358517238 0.2078373920913642 0.02526613294373035 0.05387363394565281 0.011252552052248399 0.23210694506122131 0.02424001584545518
J0631.1+2020 LogParabola bcu "" 60.511467 0.907163 0.23123585 5.324638459820975e-09 "" "" "" "" "" "" "" "" "" "" "" "" "" "" "" ""
J0633.4-2222 LogParabola fsrq LSP 118.93026 1.0266695 0.24075246 7.273614725093479e-09 "" "" "" "" "" "" "" "" "" "" "" "" "" "" "" ""
J0634.9-2335 PowerLaw fsrq LSP 24.19689 0.31398246 0.12124614 1.6118545447745313e-08 "" "" "" "" "" "" "" "" 0.5680770620912103 0.047171911106389346 0.7537088709118464 0.031293190863814685 1.5289407427391464 0.084620613413691 1.236503434180086 0.034217702545162015
J0635.6-7518 LogParabola fsrq LSP 479.5424 0.9282053 0.20195274 2.8764817700722704e-08 "" "" "" "" "" "" "" "" 0.3269640560351123 0.0414283248118589 0.5718077089678945 0.03622574876319567 0.7074731305881754 0.05818334376103878 0.8411142197039445 0.03458706463286173
J0638.6+7320 PowerLaw fsrq LSP 76.7468 0.60540307 0.14956892 1.496913519138332e-08 "" "" "" "" "" "" "" "" 0.042015753623510385 0.030725249455120694 0.2049774466215988 0.07494787831912413 0.1940794413895953 0.05077480907190815 0.4405444828727234 0.057627335088630965
J0638.7+5658 PowerLaw bcu "" 18.823591 0.5358995 0.24865119 4.160547718548516e-09 "" "" "" "" "" "" "" "" "" "" "" "" "" "" "" ""
J0641.7-0320 LogParabola FSRQ LSP 375.4046 1.0220568 0.22387968 4.766722234708157e-08 "" "" "" "" "" "" "" "" "" "" "" "" "" "" "" ""
J0643.2-5356 PowerLaw bcu LSP 56.42368 0.85672265 0.22770272 4.918001830592744e-09 "" "" "" "" "" "" "" "" "" "" "" "" "" "" "" ""
J0643.3+0857 LogParabola fsrq LSP 394.85873 0.8474881 0.18569523 5.386787479786189e-08 "" "" "" "" 0.22725691272588877 0.02443295612912738 0.4767147078975944 0.025626392184207532 0.40420316763264974 0.031331401869288004 0.6357697441941145 0.02464052603588654 0.6784551795890009 0.04057812051754533 0.8236839075695245 0.024632094997024245
J0644.4-6712 LogParabola fsrq LSP 1464.9364 1.4289602 0.30630752 1.665149285822231e-08 "" "" "" "" "" "" "" "" 0.4993326695428944 0.04406674889165499 0.7066347497419685 0.031180711752249804 1.488182869966994 0.07492574288087428 1.2199110090359024 0.030709511729092514
J0644.6+6039 PowerLaw bll ISP 35.516243 0.54028875 0.16247156 4.009466591647031e-09 "" "" "" "" "" "" "" "" "" "" "" "" "" "" "" ""
J0646.7-3913 PowerLaw fsrq LSP 29.39544 0.64538246 0.21383382 5.7246743029886924e-09 "" "" "" "" "" "" "" "" "" "" "" "" "" "" "" ""
J0647.7-6058 PowerLaw bll LSP 103.125725 0.6992393 0.16686611 1.2917494261200368e-08 "" "" "" "" "" "" "" "" "" "" "" "" "" "" "" ""
J0648.0-3045 LogParabola fsrq LSP 494.39615 0.7941515 0.1728146 3.1634743241350933e-08 "" "" "" "" "" "" "" "" 0.2128288952013917 0.02869647615133565 0.4613338218702285 0.031101639193720186 0.449468600138418 0.04119611437920088 0.6704241941774014 0.030723916840253496
J0648.4-1743 LogParabola fsrq LSP 3357.5317 1.2548405 0.26821896 9.519046570382068e-08 "" "" "" "" 0.8304625388320448 0.02212294293225533 0.9112971737210891 0.012138160618846745 1.0572422976919464 0.024830693950138902 1.0282228832757743 0.012074567855867876 1.5504412392038902 0.03081818735557543 1.245167153117962 0.012375120592606832
J0648.7+1516 LogParabola bll HSP 36.057384 0.26482862 0.08531947 4.028923723949724e-09 "" "" "" "" "" "" "" "" -0.16560855571568872 "" 0.0 0.1 -0.14769704158380306 0.018736380822495666 0.0 0.1
J0649.5-3139 LogParabola bll "" 37.793285 0.64967036 0.19544056 3.7870476915648986e-10 "" "" "" "" "" "" "" "" "" "" "" "" "" "" "" ""
J0650.2-1636 LogParabola bcu LSP 88.16159 0.57300204 0.1386451 2.742927998912397e-08 "" "" "" "" "" "" "" "" 0.07750062215614793 0.02880159264689292 0.27838933556468703 0.05172897982688803 0.15896905888535381 0.03771609723094071 0.39870924103330463 0.04729774651472179
J0650.5-2851 LogParabola bcu LSP 25.39021 0.5854074 0.22159132 4.544218763675454e-09 "" "" "" "" "" "" "" "" "" "" "" "" "" "" "" ""
J0650.7+2503 LogParabola bll HSP 314.69104 0.43464538 0.09621271 1.6861708174772396e-08 -0.02151779866779373 0.016493760276957863 0.0 0.1 0.07971110786992117 0.01847290797665415 0.2823315566314208 0.03271491893619641 0.22474701929398075 0.022084741822626167 0.4740749089479222 0.02329246012158408 0.2524164485757545 0.023177778864691995 0.5024106374030655 0.023066568598643467
J0654.3+5042 LogParabola fsrq LSP 283.3714 0.7085246 0.15592387 1.5334124764602854e-08 "" "" "" "" "" "" "" "" 0.23943447051810382 0.04084354763762104 0.48932041702559664 0.04173497182673709 0.5140261960574694 0.05470150829201748 0.7169562023286146 0.03814843090439241
J0654.4+4514 LogParabola FSRQ LSP 780.6762 1.335227 0.2874678 1.8496164817542187e-08 "" "" "" "" "" "" "" "" 1.2978155889052967 0.06705929572609576 1.1392170947213252 0.029432184627856108 2.745465633633165 0.09981350715364512 1.656944668247303 0.03011974662353291
J0656.3-0322 LogParabola fsrq LSP 135.8164 0.5096463 0.11851711 5.172932834453581e-08 "" "" "" "" "" "" "" "" 0.11155282375339977 0.025098812526846558 0.33399524510597417 0.03757360755073458 0.28026542490103973 0.03842566476964684 0.5294010057612657 0.036291643150915126
J0659.6-2742 LogParabola fsrq LSP 34.627018 0.54082495 0.16455257 7.67107613222399e-09 "" "" "" "" "" "" "" "" "" "" "" "" "" "" "" ""
J0659.9+1709 PowerLaw fsrq "" 42.116932 0.55186373 0.17101216 1.1009954628259958e-08 "" "" "" "" "" "" "" "" "" "" "" "" "" "" "" ""
J0700.5-6610 LogParabola bll ISP 424.4349 0.36702892 0.08045604 3.725207790964879e-08 -0.07943216102554698 0.007360758495105301 0.0 0.1 0.014081436596080363 0.011942744787922427 0.11866522909462722 0.05032116349094528 0.1980587112384074 0.01751147237583378 0.4450378761840473 0.019674137093661483 0.2349685038121351 0.018862202976805978 0.4847354988157305 0.019456180765477976
J0701.5-4634 LogParabola fsrq LSP 397.77115 0.7874476 0.17175063 2.356718556679919e-08 "" "" "" "" 0.10957183762530896 0.019007137870788313 0.3310163706303798 0.028710268671291946 0.37487274093089196 0.02915212019833128 0.6122685202841086 0.023806646293691475 0.7420143390460399 0.04126970961479835 0.8614025418154045 0.02395494998646191
J0702.7-1951 LogParabola bll LSP 165.17406 0.5501567 0.124994725 2.114898000916139e-08 "" "" "" "" "" "" "" "" 0.18447023053810827 0.035861698903103235 0.429499977343548 0.041748196501554424 0.425167927893646 0.04895154555661611 0.6520490226153598 0.03753670648893248
J0703.3-0050 LogParabola bll ISP 40.775215 0.33467096 0.11199546 1.0062363761066438e-08 "" "" "" "" "" "" "" "" 0.2239347854815328 0.06110924257484664 0.47321748222306076 0.06456782015720369 0.4469315369850848 0.07621294702755707 0.6685293837858474 0.057000446708839546
J0704.8+4907 LogParabola bcu LSP 85.463486 0.63517505 0.15437756 1.0418099997664723e-08 "" "" "" "" "" "" "" "" "" "" "" "" "" "" "" ""
J0706.8+7742 LogParabola bll ISP 218.61331 0.66560566 0.14879626 6.091839453518124e-09 "" "" "" "" "" "" "" "" 0.36492823786177114 0.05982458132922043 0.6040929049920808 0.04951604367047208 0.5244476861008948 0.06284586612920894 0.7241876042165419 0.04339059779765104
J0709.1+2241 LogParabola bll ISP 93.697525 0.55525154 0.13346992 7.523789059801521e-09 "" "" "" "" "" "" "" "" 0.15124058793343423 0.04120784405710917 0.3888966288532651 0.052980459330051605 0.3338007229534958 0.05326806971724947 0.5777548986841182 0.04609919348029038
J0709.7-0255 LogParabola fsrq LSP 270.02664 0.6769121 0.1501978 3.2448628188127495e-08 "" "" "" "" "" "" "" "" 0.2023796047065852 0.035577809113934857 0.4498662075624098 0.03954265570058311 0.5965366286144753 0.05835626875457758 0.7723578371548225 0.037778000006802426
J0710.4+5908 LogParabola bll HSP 35.25338 0.41293478 0.12213288 1.3456949748736282e-09 "" "" "" "" "" "" "" "" -0.11508290474297221 0.031883283914210095 0.0 0.1 -0.21548246099032892 0.028026508264366517 0.0 0.1
J0710.8-3851 LogParabola fsrq LSP 118.98386 0.7906334 0.1843933 1.3495370516822349e-08 "" "" "" "" "" "" "" "" 0.2415441154603167 0.06355336998966915 0.4914713780682622 0.06465622702126307 0.40916504422693695 0.06975379582707993 0.6396601005432002 0.05452411035786421
J0710.9+4733 LogParabola bll LSP 80.649185 0.7356531 0.18060951 9.477006080632828e-09 "" "" "" "" "" "" "" "" 0.10153905668511011 0.05659081980169173 0.3186519365783144 0.08879723187840022 0.5424837654149234 0.15455909260878695 0.7365349722959008 0.10492311867215266
J0712.7+5033 LogParabola bll LSP 137.799 0.41072485 0.09570941 1.961227165094812e-08 "" "" "" "" -0.07724780497943436 0.00900755157721323 0.0 0.1 0.007999300891903859 0.018146437192997553 0.08943881088153989 0.10144610049116252 0.10869987235654015 0.030460699255479347 0.3296966368596139 0.046195040910365165
J0713.0+5738 LogParabola bcu ISP 164.48378 1.7756547 0.39081246 6.296388863772307e-09 "" "" "" "" "" "" "" "" "" "" "" "" "" "" "" ""
