4LAC_variability_analysis/resulting_catalogs/df_filtered_4lac_luana_dr3.ecsv
# %ECSV 1.0
# ---
# datatype:
# - {name: Source_Name, datatype: string}
# - {name: SpectrumType, datatype: string}
# - {name: CLASS, datatype: string}
# - {name: SED_class, datatype: string}
# - {name: Variability_Index, datatype: float32}
# - {name: Frac_Variability, datatype: float32}
# - {name: Unc_Frac_Variability, datatype: float32}
# - {name: Spectrum_Flux_Estimated, datatype: float64}
# - {name: Norm_Excess_Var(3-days), datatype: float64}
# - {name: err_Norm_Excess_Var(3-days), datatype: float64}
# - {name: Fvar(3-days), datatype: float64}
# - {name: err_Fvar(3-days), datatype: float64}
# - {name: Norm_Excess_Var(weekly), datatype: float64}
# - {name: err_Norm_Excess_Var(weekly), datatype: float64}
# - {name: Fvar(weekly), datatype: float64}
# - {name: err_Fvar(weekly), datatype: float64}
# - {name: Norm_Excess_Var(monthly), datatype: float64}
# - {name: err_Norm_Excess_Var(monthly), datatype: float64}
# - {name: Fvar(monthly), datatype: float64}
# - {name: err_Fvar(monthly), datatype: float64}
# schema: astropy-2.0
Source_Name SpectrumType CLASS SED_class Variability_Index Frac_Variability Unc_Frac_Variability Spectrum_Flux_Estimated Norm_Excess_Var(3-days) err_Norm_Excess_Var(3-days) Fvar(3-days) err_Fvar(3-days) Norm_Excess_Var(weekly) err_Norm_Excess_Var(weekly) Fvar(weekly) err_Fvar(weekly) Norm_Excess_Var(monthly) err_Norm_Excess_Var(monthly) Fvar(monthly) err_Fvar(monthly)
[from data line 161]
J0229.5-3644 LogParabola fsrq LSP 303.8079 0.67785543 0.14966527 2.4323205118254403e-08 "" "" "" "" 0.5233107765195948 0.04166388087886648 0.7234022231923225 0.028797175031482998 0.8572954751383145 0.05022161462942363 0.9259025192418014 0.027120357481340937
J0230.8+4032 LogParabola fsrq LSP 320.95453 0.92897654 0.20422795 1.53240730988108e-08 "" "" "" "" 0.22377372321427952 0.032848777637166204 0.4730472737626542 0.034720396310377724 0.4904715950207035 0.04215731045723702 0.7003367725749544 0.030097884409407534
J0231.2-4745 LogParabola fsrq LSP 1924.044 1.6110141 0.34492114 2.684451759963322e-08 "" "" "" "" 1.0047182836824473 0.046427817305176054 1.0023563656117755 0.023159336787789753 1.5985166815871132 0.06139462821451773 1.2643245950257842 0.024279614766675353
J0231.8+1322 PowerLaw fsrq LSP 279.09195 1.1141809 0.2463354 2.319525797787759e-08 "" "" "" "" "" "" "" "" 0.24636223258532605 0.05007344003235693 0.49634890206922594 0.050441775758550154
J0233.5+0654 PowerLaw bcu HSP 32.319836 0.431937 0.13399151 1.0468698505747538e-08 "" "" "" "" "" "" "" "" "" "" "" ""
J0236.8-6136 LogParabola fsrq LSP 887.2367 1.4533852 0.3126444 1.5767697600377534e-08 "" "" "" "" "" "" "" "" 3.3900776599306255 0.11914873388862088 1.8412163533736674 0.03235598404019827
J0237.6-3602 PowerLaw bll HSP 28.768246 0.60047156 0.20385571 1.6627233165329737e-09 "" "" "" "" "" "" "" "" "" "" "" ""
J0237.8+2848 LogParabola FSRQ LSP 7505.5464 0.7579326 0.16181545 2.006537486956958e-07 1.0052648125983494 0.014415844698528168 1.0026289506085238 0.007189022763495302 1.1898706798232062 0.015789013833106248 1.0908119360472759 0.007237275882000411 1.2426329254680455 0.02019167156643322 1.114734464107056 0.009056718086942571
J0238.1-3905 PowerLaw bll HSP 27.337296 0.43435025 0.14828035 2.8053661165471615e-09 "" "" "" "" "" "" "" "" -0.03880129183019345 0.04454420644019721 0.0 0.1
J0238.2+1531 PowerLaw bcu LSP 68.43443 1.1270183 0.28189957 5.703044891549047e-09 "" "" "" "" "" "" "" "" "" "" "" ""
J0238.4-3116 PowerLaw bll HSP 42.03516 0.31412748 0.08951285 5.746697676713518e-09 "" "" "" "" -0.222581517124835 0.014819313884575715 0.0 0.1 -0.04711696595836863 0.029625150088788948 0.0 0.1
J0238.6+1637 LogParabola BLL LSP 5872.72 1.0831685 0.23126438 1.1954358524993227e-07 0.9231389784018146 0.02023233320810632 0.9608012169027549 0.010528886127625547 1.1465900053351359 0.022660960031997888 1.070789430903731 0.010581426832384945 1.4519650799697412 0.026019895394157996 1.2049751366603965 0.010796859869769785
J0239.5+1326 PowerLaw bcu "" 47.764168 1.4316455 0.4331379 2.6884127706548065e-09 "" "" "" "" "" "" "" "" "" "" "" ""
J0239.7+0415 LogParabola fsrq LSP 162.13478 0.82910585 0.18807869 1.832336368246835e-08 "" "" "" "" "" "" "" "" 0.27730928804282 0.047901540292988994 0.5266016407521154 0.04548176134105272
J0242.3+1102 LogParabola fsrq LSP 97.27462 0.6613626 0.15814503 1.6902240409460202e-08 "" "" "" "" "" "" "" "" 0.3222818112048873 0.05169862457528371 0.5676986975543341 0.045533506416346556
J0242.3+5216 LogParabola bcu "" 75.62947 0.59116054 0.14589953 1.8893385465132886e-08 "" "" "" "" "" "" "" "" 0.18480796277603756 0.04244359278124815 0.42989296665104626 0.04936530261461636
J0242.6+1735 LogParabola bcu "" 54.803474 0.8083375 0.21866564 2.3234300796606906e-09 "" "" "" "" "" "" "" "" "" "" "" ""
J0243.2-0550 PowerLaw fsrq LSP 64.82095 0.7847681 0.20417449 6.728800313383021e-09 "" "" "" "" "" "" "" "" "" "" "" ""
J0243.4+7119 LogParabola bll LSP 188.99852 0.7729023 0.17414568 7.7462942258829e-09 "" "" "" "" -0.09001058472619591 0.02492220833216908 0.0 0.1 0.10611899359491814 0.035283981791779113 0.32575910362554433 0.054156555256760476
J0244.6-5819 LogParabola bll HSP 36.509552 0.39396816 0.11678609 1.8977768357320376e-09 "" "" "" "" -0.1776265426418088 0.035585073716630715 0.0 0.1 0.08366408369247298 0.0666657833685116 0.28924744370948724 0.11524005625347726
J0244.7+1316 LogParabola bcu LSP 27.949566 0.6201839 0.24035749 2.211835917047993e-09 "" "" "" "" "" "" "" "" "" "" "" ""
J0245.1-0257 PowerLaw bll LSP 48.745308 0.63684213 0.17359772 3.94976203955643e-09 "" "" "" "" "" "" "" "" -0.06315394427962336 0.04444491589426327 0.0 0.1
J0245.4+2408 PowerLaw fsrq LSP 110.575516 0.93464273 0.22036174 1.5976519906761132e-08 "" "" "" "" "" "" "" "" 0.06846687356824954 0.03375478491211917 0.26166175411826914 0.06450079994660254
J0245.9-4650 LogParabola fsrq LSP 1671.6416 0.82097584 0.17619747 4.914273171015096e-08 0.4323176223877176 0.02364895463371337 0.6575086481467126 0.01798375937744052 0.6622778566927922 0.028182516262691037 0.8138045568149592 0.017315285363472783 0.8922748652897285 0.03219548334678086 0.9446030199452723 0.01704180627574437
J0250.2-8224 LogParabola bcu LSP 140.40376 1.0361187 0.23942463 9.305208708333175e-09 "" "" "" "" "" "" "" "" "" "" "" ""
J0250.6+1712 PowerLaw bll HSP 18.589659 0.30807567 0.17282926 3.318066975914005e-09 "" "" "" "" "" "" "" "" -0.02447117104456561 0.06711775411846217 0.0 0.1
J0251.5-5958 PowerLaw fsrq LSP 46.40955 0.63905877 0.18119276 4.354662450904189e-09 "" "" "" "" "" "" "" "" -0.0016915331990759736 0.04837576732827608 0.0 0.1
J0252.8-2219 LogParabola fsrq LSP 1560.7312 0.6239166 0.13392694 7.390183506357181e-08 0.4492345757070878 0.018825043968113537 0.67024963685711 0.014043307846003977 0.6809280681735168 0.02256852604166175 0.8251836572385064 0.01367485034615674 1.0612883874242633 0.027718769239557305 1.0301885203322076 0.013453250881993308
J0253.2-5441 LogParabola fsrq LSP 908.18494 1.3090705 0.2816055 2.245033747511586e-08 "" "" "" "" "" "" "" "" 1.101716364583884 0.06531320357213449 1.0496267739458078 0.031112584584045023
J0253.5+3216 PowerLaw fsrq LSP 105.310074 1.595276 0.37365368 4.022190605805857e-09 "" "" "" "" "" "" "" "" "" "" "" ""
J0253.9+5103 PowerLaw fsrq LSP 122.71816 0.77056944 0.17843387 2.132453699231679e-08 "" "" "" "" "" "" "" "" -0.009527391120289316 0.026295295383447322 0.0 0.1
J0256.3+0334 PowerLaw bll ISP 32.37894 0.3796246 0.12628111 5.879177057426544e-09 "" "" "" "" "" "" "" "" -0.09738407149693143 0.027417202199843515 0.0 0.1
J0257.9-1215 PowerLaw fsrq LSP 54.924805 0.67672473 0.18466802 6.984226929496282e-09 "" "" "" "" "" "" "" "" "" "" "" ""
J0258.1+2030 LogParabola bll LSP 30.838726 0.7160392 0.24589641 1.7269369907832359e-09 "" "" "" "" "" "" "" "" "" "" "" ""
J0259.4+0746 LogParabola fsrq LSP 302.99847 0.7027552 0.15504344 2.2168190994306475e-08 "" "" "" "" 0.26610226843688944 0.03281098091417089 0.5158510137984508 0.03180276866431684 0.5430677078079855 0.04274841781134352 0.7369312775340625 0.02900434485179495
J0301.6-7155 PowerLaw fsrq LSP 58.666775 0.54756826 0.14054555 1.2593829024614597e-08 "" "" "" "" "" "" "" "" 2.4464202867941545 0.06210473600752062 1.5641036688129577 0.019853139291800794
J0303.3-7913 PowerLaw fsrq LSP 20.117615 0.29692984 0.15141912 6.772991301856956e-09 "" "" "" "" "" "" "" "" "" "" "" ""
J0303.4-2407 LogParabola BLL HSP 485.31583 0.43165758 0.09397573 3.3978640206656114e-08 0.5597222963594507 0.028407267667406373 0.7481459057960892 0.018985112026496147 0.7720477519182268 0.03183681076354145 0.878662478952087 0.018116632681021476 0.7972546705652287 0.030052051064377538 0.8928911862960843 0.01682850694777282
J0303.4-5232 LogParabola bcu LSP 57.06409 0.72402245 0.18465 7.4116471922910345e-09 "" "" "" "" "" "" "" "" "" "" "" ""
J0303.6+4716 LogParabola bll LSP 80.696526 0.24168715 0.059477497 2.8004577355513197e-08 -0.09190229135020245 0.01110344865942061 0.0 0.1 0.12374230938644884 0.02343249608437599 0.3517702508547999 0.03330653463082103 0.13412364068057311 0.018908735825507027 0.3662289457164372 0.02581545785316985
J0303.6-6211 LogParabola fsrq LSP 255.52426 0.60476923 0.13469633 1.9333144042460502e-08 "" "" "" "" 0.0867474029075924 0.026236110753292984 0.294529120644449 0.04453907765705248 0.31372813681251094 0.035556226848121424 0.56011439618395 0.0317401472720264
J0304.5+3349 LogParabola bcu LSP 38.13731 0.7765551 0.22500992 5.557231025428583e-09 "" "" "" "" "" "" "" "" "" "" "" ""
J0304.5+6821 LogParabola bcu LSP 69.35214 0.38020918 0.096990384 3.023884266747065e-08 "" "" "" "" "" "" "" "" 0.3007710422683578 0.05175846894564765 0.5484259679011907 0.04718820039077081
J0305.1-1608 PowerLaw bll HSP 20.184406 0.35069612 0.21352148 1.581646743797925e-09 "" "" "" "" "" "" "" "" "" "" "" ""
J0308.4+0407 PowerLaw rdg ISP 37.817783 0.3583927 0.10904099 7.64185085682391e-09 "" "" "" "" "" "" "" "" -0.07623742355882727 0.028459022584926733 0.0 0.1
J0309.0+1029 LogParabola fsrq LSP 543.2804 1.2352431 0.26784727 2.2604775854736775e-08 "" "" "" "" "" "" "" "" 0.6945167915136613 0.06153319674980585 0.8333767404443571 0.03691799504567184
J0309.9-6058 LogParabola fsrq LSP 883.1878 0.5903902 0.12725888 5.8153848894684775e-08 0.3236969888018476 0.017321705641801976 0.5689437483634455 0.015222687384849108 0.4821452715734654 0.020377863292346282 0.6943668134159822 0.014673701924272616 0.740463889538294 0.02483495855823982 0.8605021147785135 0.01443050408111556
J0310.6-5017 PowerLaw bll HSP 36.387405 0.566789 0.16537449 1.8294626024556753e-09 "" "" "" "" "" "" "" "" 0.04841639987947903 0.09064283204567185 0.2200372692965422 0.20597154367407033
J0312.8+0134 PowerLaw fsrq LSP 95.11879 0.82053405 0.19875932 1.1683452882953894e-08 "" "" "" "" "" "" "" "" "" "" "" ""
J0312.9+4119 PowerLaw rdg LSP 21.815594 0.5120909 0.27178556 4.281587047155647e-09 "" "" "" "" "" "" "" "" "" "" "" ""
J0314.3-5103 PowerLaw bll LSP 31.247826 0.2708717 0.08957195 6.793282980818707e-09 "" "" "" "" "" "" "" "" -0.09270445557449214 0.021860259054182596 0.0 0.1
J0315.9-1033 LogParabola fsrq LSP 144.82256 0.8604971 0.19754647 1.190251174435494e-08 "" "" "" "" "" "" "" "" 0.2888620789158465 0.053507238240964365 0.5374589090487257 0.04977798054894037
J0316.2+0905 LogParabola bll LSP 62.31949 0.35851622 0.09385698 8.336385829135066e-09 -0.2155096268804892 0.013707928459949772 0.0 0.1 -0.15970047997984016 0.01290313839117918 0.0 0.1 -0.025358060563070935 0.022634310982958154 0.0 0.1
J0318.7+2135 PowerLaw bll "" 26.556818 0.29694146 0.10734822 9.69492932081653e-09 "" "" "" "" "" "" "" "" -0.03175539556805504 0.037947405672024974 0.0 0.1
J0319.8+4130 LogParabola RDG LSP 5460.94 0.46942222 0.10024723 3.5799229261615066e-07 0.33649100975147145 0.005849823265073652 0.5800784513765974 0.005042269068253874 0.34876711118583176 0.006210691329461307 0.5905650778583439 0.005258261589039504 0.3088337757794611 0.006699636316760933 0.5557281491695927 0.006027800037457154
J0319.8+1845 PowerLaw bll HSP 46.224934 0.69148606 0.19175965 1.7605806870021123e-09 "" "" "" "" "" "" "" "" 0.28261203283496905 0.11169291364437792 0.5316126718156453 0.10505102640133379
J0319.9-3821 PowerLaw bcu "" 26.18567 0.67473537 0.23110688 3.1124243676504143e-09 "" "" "" "" "" "" "" "" "" "" "" ""
J0322.4+6606 PowerLaw bcu "" 36.680298 1.1059368 0.32065356 1.0328398846194685e-08 "" "" "" "" "" "" "" "" "" "" "" ""
J0324.8+3412 LogParabola nlsy1 HSP 182.96573 0.62084824 0.14013523 4.4485616402443567e-08 "" "" "" "" "" "" "" "" 0.4759414551506462 0.03656568522288483 0.6898851028618072 0.026501286280281814
J0324.8-2043 PowerLaw bcu "" 23.917194 0.75442976 0.3497917 1.018110396888709e-09 "" "" "" "" "" "" "" "" "" "" "" ""
J0325.5-5635 PowerLaw bll HSP 89.99472 0.5819843 0.1396989 5.248790492818328e-09 -0.2045370298510441 0.008501777809546982 0.0 0.1 -0.10845294512615146 0.02023204731416802 0.0 0.1 0.12958097979820693 0.036821913762538495 0.35997358208375085 0.051145300093121224
J0325.6-1646 LogParabola bll HSP 40.58207 0.2933194 0.08750031 5.001286748012761e-09 "" "" "" "" -0.22830367544539804 0.009029829087982392 0.0 0.1 -0.02938056287719983 0.030575213734861176 0.0 0.1
J0325.7+2225 LogParabola fsrq LSP 202.44246 0.43305004 0.09786465 4.635143233344935e-08 "" "" "" "" 0.324896435151043 0.029071456938578384 0.5699968729309337 0.025501417919270727 0.41564357961121856 0.03120324602640902 0.6447042574787439 0.02419965873068381
J0327.5-1805 PowerLaw bcu "" 71.73003 0.8788371 0.21607588 1.1737773134383533e-08 "" "" "" "" "" "" "" "" "" "" "" ""
J0330.6+0438 LogParabola bcu LSP 80.93477 0.7247419 0.17861135 5.9923532670656824e-09 "" "" "" "" "" "" "" "" "" "" "" ""
J0331.3-6156 LogParabola bll HSP 42.909195 0.38277367 0.10654678 4.190650969961757e-09 "" "" "" "" "" "" "" "" -0.10038077829106971 0.0195982404003238 0.0 0.1
J0331.9+6307 LogParabola bll ISP 28.21162 0.29266116 0.10383928 7.105607799262079e-09 "" "" "" "" "" "" "" "" -0.09842237698749068 0.010969591465596503 0.0 0.1
J0332.1-1123 LogParabola fsrq LSP 37.468197 0.7576999 0.23243551 2.1184406354950833e-09 "" "" "" "" "" "" "" "" -0.010608453992136177 0.04243369389540276 0.0 0.1
J0333.9+6537 LogParabola bll LSP 75.78767 0.442095 0.1080111 7.293223856039171e-09 "" "" "" "" -0.13441966682018983 0.019574001885289193 0.0 0.1 0.04333975697895887 0.03458054794600323 0.20818202847258183 0.08305363387925098
J0334.2-3725 LogParabola bll LSP 108.49668 0.2562658 0.06030105 2.285465421852711e-08 -0.03427955832354017 0.016723770266965022 0.0 0.1 0.09245649047541613 0.021550698936551812 0.3040665888837774 0.0354374662070963 0.20280298697987317 0.021417130459584596 0.4503365263665309 0.023779028799179727
J0334.2-4008 LogParabola bll LSP 506.63467 0.44303918 0.09638465 4.1019741480548386e-08 0.22441715508052562 0.017121090391625435 0.47372687814871306 0.01807063434793197 0.3353112573157816 0.018941046367462102 0.5790606680787269 0.01635497574917914 0.37187754214630486 0.018636920163330094 0.6098176302357163 0.01528073250040857
J0335.1-4459 PowerLaw bll HSP 42.280716 0.49807924 0.13828342 3.7024549874447223e-09 "" "" "" "" "" "" "" "" 0.029926003841480853 0.05021774129101227 0.1729913403655826 0.14514524595533834
J0336.4+3224 LogParabola fsrq LSP 61.292583 0.5211061 0.13496256 2.546738707834024e-08 "" "" "" "" "" "" "" "" 0.003898751178514722 0.02267299221826158 0.06243998060949989 0.1815582900326206
J0338.5+1302 LogParabola bll HSP 62.675648 0.39182723 0.10063561 3.3243370943530597e-09 "" "" "" "" -0.2554908144598016 0.01188302670548395 0.0 0.1 -0.04950120719120072 0.02992584680472969 0.0 0.1
J0338.9-2848 PowerLaw bcu "" 38.250237 0.41660106 0.12820268 4.082198742338962e-09 "" "" "" "" "" "" "" "" -0.04046329379136347 0.04502242885290141 0.0 0.1
J0339.5-0146 LogParabola fsrq LSP 2051.4175 0.632819 0.13565823 1.0196592360024096e-07 0.5188429917928652 0.016116802596593947 0.7203075674965974 0.011187445005338002 0.583613864359333 0.01723918755467221 0.7639462444173235 0.01128298468684853 0.6339954666394138 0.017517350148599637 0.7962383227648703 0.011000067220937144
J0340.5-2118 LogParabola bll LSP 80.148415 0.37724927 0.092670925 1.4659279726309413e-08 "" "" "" "" -0.13889461661847483 0.009194687572913859 0.0 0.1 0.010851764779850703 0.021201075681233247 0.10417180414992679 0.10176014447594717
J0342.2+3858 PowerLaw fsrq LSP 96.353516 1.6416146 0.3895606 5.420268160516125e-09 "" "" "" "" "" "" "" "" "" "" "" ""
J0343.2-2529 LogParabola fsrq LSP 233.56107 1.2374476 0.27362823 1.0397130852470365e-08 "" "" "" "" "" "" "" "" "" "" "" ""
J0343.2-6444 PowerLaw bll ISP 94.406105 0.5364828 0.12862375 1.0347053176547666e-08 "" "" "" "" "" "" "" "" -0.044181403973947535 0.024948732602974876 0.0 0.1
J0345.2-2353 LogParabola bll ISP 44.603344 0.24415082 0.07080394 1.9085676561319743e-08 "" "" "" "" -0.1421217961489452 0.0056252730016396486 0.0 0.1 0.030799355336249366 0.024885621783110448 0.1754974510819156 0.07090023709659114
J0347.0+4844 PowerLaw fsrq LSP 26.999716 0.5663978 0.23678306 1.2426520666864983e-08 "" "" "" "" "" "" "" "" "" "" "" ""
J0347.7-3616 PowerLaw bcu LSP 118.45202 1.2599399 0.29324377 4.296612221861327e-09 "" "" "" "" "" "" "" "" 0.10509330893043126 0.06161965114458697 0.3241809817531424 0.09503896683166496
