4LAC_variability_analysis/resulting_catalogs/df_filtered_4lac_luana_dr3.ecsv
# %ECSV 1.0
# ---
# datatype:
# - {name: Source_Name, datatype: string}
# - {name: SpectrumType, datatype: string}
# - {name: CLASS, datatype: string}
# - {name: SED_class, datatype: string}
# - {name: Variability_Index, datatype: float32}
# - {name: Frac_Variability, datatype: float32}
# - {name: Unc_Frac_Variability, datatype: float32}
# - {name: Spectrum_Flux_Estimated, datatype: float64}
# - {name: Bright_Ratio_x, datatype: float64}
# - {name: Norm_Excess_Var(3_days), datatype: float64}
# - {name: Unc_Norm_Excess_Var(3_days), datatype: float64}
# - {name: Frac_Variability(3_days), datatype: float64}
# - {name: Unc_Frac_Variability(3_days), datatype: float64}
# - {name: Bright_Ratio_y, datatype: float64}
# - {name: Norm_Excess_Var(weekly), datatype: float64}
# - {name: Unc_Norm_Excess_Var(weekly), datatype: float64}
# - {name: Frac_Variability(weekly), datatype: float64}
# - {name: Unc_Frac_Variability(weekly), datatype: float64}
# - {name: Bright_Ratio, datatype: float64}
# - {name: Norm_Excess_Var(monthly), datatype: float64}
# - {name: Unc_Norm_Excess_Var(monthly), datatype: float64}
# - {name: Frac_Variability(monthly), datatype: float64}
# - {name: Unc_Frac_Variability(monthly), datatype: float64}
# schema: astropy-2.0
Source_Name SpectrumType CLASS SED_class Variability_Index Frac_Variability Unc_Frac_Variability Spectrum_Flux_Estimated Bright_Ratio_x Norm_Excess_Var(3_days) Unc_Norm_Excess_Var(3_days) Frac_Variability(3_days) Unc_Frac_Variability(3_days) Bright_Ratio_y Norm_Excess_Var(weekly) Unc_Norm_Excess_Var(weekly) Frac_Variability(weekly) Unc_Frac_Variability(weekly) Bright_Ratio Norm_Excess_Var(monthly) Unc_Norm_Excess_Var(monthly) Frac_Variability(monthly) Unc_Frac_Variability(monthly)
[from data line 539]
J0904.9-5734 LogParabola bcu LSP 8488.266 1.4891634 0.31774202 1.1742507235914424e-07 0.5931330472103005 5.798319189559443 0.04736582707738502 2.4079699311991924 0.00983521979732454 0.2861736334405145 4.979893775567603 0.04061930890094306 2.2315675601620497 0.009101070840533595 0.056179775280898875 3.251568799635012 0.02731572198641902 1.803210691970024 0.007574190333958244
J0905.6+1358 LogParabola bll HSP 33.45642 0.28319785 0.09073734 2.9829161176872133e-09 "" "" "" "" "" "" "" "" "" "" "" "" "" "" ""
J0906.3-0905 PowerLaw bll "" 109.47547 0.852572 0.20032845 5.587403663497813e-09 "" "" "" "" "" "" "" "" "" "" "" "" "" "" ""
J0909.1+0121 LogParabola fsrq LSP 1034.359 0.99253565 0.2134183 5.213475696950268e-08 "" "" "" "" "" "" "" "" "" "" 0.5630252100840336 2.0360144031613783 0.12218058421484451 1.4268897655955692 0.04281360311104607
J0909.7-0230 LogParabola fsrq LSP 162.73167 0.3679204 0.08358409 3.2901401283311573e-08 "" "" "" "" "" 0.6275303643724697 0.3062908129861734 0.07480127216237677 0.5534354641565477 0.06757903767187756 0.05521472392638037 0.49587830186548565 0.04085413098602017 0.7041862692963315 0.029008042876811746
J0910.6+2247 LogParabola fsrq LSP 176.86232 1.1387112 0.257613 9.067117882368459e-09 "" "" "" "" "" "" "" "" "" "" "" "" "" "" ""
J0910.8+3859 PowerLaw bll LSP 49.73576 0.6301313 0.17343995 3.1873172983529147e-09 "" "" "" "" "" "" "" "" "" "" "" "" "" "" ""
J0911.0-5047 PowerLaw bcu LSP 33.783188 0.9571814 0.28177 1.979321478972072e-08 "" "" "" "" "" "" "" "" "" "" "" "" "" "" ""
J0912.2+4127 PowerLaw fsrq LSP 373.3386 1.1869521 0.2594782 1.602414927079089e-08 "" "" "" "" "" "" "" "" "" "" 1.2380952380952381 1.8145338546937522 0.23067787627123731 1.347046344671835 0.08562358570054791
J0915.4-3027 LogParabola bcu LSP 34.31191 0.55315757 0.16874257 4.458100491038594e-09 "" "" "" "" "" "" "" "" "" "" "" "" "" "" ""
J0915.9+2933 LogParabola bll HSP 32.44626 0.15915811 0.051196568 1.027341473722704e-08 "" "" "" "" "" 0.701271186440678 -0.9535320305761261 0.12374104973555175 0.0 0.1 "" "" "" "" ""
J0916.7+3856 LogParabola fsrq LSP 58.352097 0.55416095 0.14228863 7.868543829091667e-09 "" "" "" "" "" "" "" "" "" "" "" "" "" "" ""
J0920.3-0443 PowerLaw bcu LSP 34.63661 0.66967815 0.21438453 4.969550284918003e-09 "" "" "" "" "" "" "" "" "" "" "" "" "" "" ""
J0920.9+4441 LogParabola fsrq LSP 2412.533 0.9901364 0.21209064 7.158314508807067e-08 "" "" "" "" "" 0.7136752136752137 2.5943541471587235 0.07835607562479419 1.6106998935738226 0.02432361110142549 0.20512820512820512 2.3655358471461585 0.0653691443978249 1.538029858990442 0.021250934764274667
J0921.6+6216 LogParabola fsrq LSP 3346.0066 0.94950396 0.20298739 5.6810123158707505e-08 0.9073120494335737 2.289464959090458 0.07754070847635722 1.5130978022224664 0.02562316472949203 0.48789571694599626 2.318199362170336 0.07020561753966904 1.522563418111159 0.023055071698347966 0.06818181818181818 1.528402015786796 0.03867717187070993 1.2362855721016872 0.015642491000262458
J0922.6+4454 PowerLaw bcu LSP 18.729912 0.34646094 0.20797645 1.0746995105948197e-08 "" "" "" "" "" "" "" "" "" "" "" "" "" "" ""
J0922.6+0434 LogParabola bcu LSP 163.04333 0.9180212 0.20837069 1.167619136745935e-08 "" "" "" "" "" "" "" "" "" "" "" "" "" "" ""
J0922.7-3959 LogParabola fsrq LSP 235.46883 1.0209723 0.22683483 2.03617946020205e-08 "" "" "" "" "" "" "" "" "" "" 1.1123595505617978 2.4234248527013054 0.24884468611338303 1.5567353187685136 0.07992517517693265
J0923.5+3852 LogParabola bcu LSP 111.961334 0.61001813 0.14373785 1.6647791962031435e-08 "" "" "" "" "" "" "" "" "" "" "" "" "" "" ""
J0923.5+4125 LogParabola fsrq LSP 100.7721 0.4384344 0.10423884 1.4516436675017871e-08 "" "" "" "" "" "" "" "" "" "" "" "" "" "" ""
J0924.0+2816 PowerLaw fsrq LSP 112.95993 0.8928923 0.20901167 7.203217379120936e-09 "" "" "" "" "" "" "" "" "" "" "" "" "" "" ""
J0928.1-2035 LogParabola fsrq LSP 99.673805 0.9945379 0.23533228 6.786495218456311e-09 "" "" "" "" "" "" "" "" "" "" "" "" "" "" ""
J0928.4-0415 PowerLaw bcu LSP 22.65163 0.4931815 0.24384697 4.8703787480016995e-09 "" "" "" "" "" "" "" "" "" "" "" "" "" "" ""
J0929.3+5014 LogParabola bll LSP 88.35761 0.4023539 0.09697122 1.0892925429160628e-08 "" "" "" "" "" "" "" "" "" "" "" "" "" "" ""
J0930.3+8612 LogParabola bll LSP 107.04973 0.4897823 0.11644879 9.424832880891224e-09 "" "" "" "" "" "" "" "" "" "" 0.296551724137931 0.4697424763897526 0.06812887830957154 0.6853776159094727 0.04970170948694235
J0930.9-1015 LogParabola bcu LSP 56.654835 0.77225083 0.20219073 4.562852132816262e-09 "" "" "" "" "" "" "" "" "" "" "" "" "" "" ""
J0931.2-8533 PowerLaw bcu LSP 70.18658 0.7213733 0.17938581 1.3391627207581172e-08 "" "" "" "" "" "" "" "" "" "" "" "" "" "" ""
J0931.9+6737 PowerLaw rdg "" 49.700275 0.44332063 0.11980012 7.579986057571256e-09 "" "" "" "" "" "" "" "" "" "" "" "" "" "" ""
J0932.6+5306 PowerLaw fsrq LSP 426.2805 1.157777 0.25252852 1.3528156254465414e-08 "" "" "" "" "" "" "" "" "" "" 1.647887323943662 2.616656694706243 0.3039194549209838 1.6176083254936107 0.09394098995757927
J0937.1+5008 PowerLaw fsrq LSP 63.269386 0.660719 0.16916841 6.377597868555663e-09 "" "" "" "" "" "" "" "" "" "" "" "" "" "" ""
J0937.9-1434 LogParabola bll ISP 40.99938 0.69708705 0.21253103 1.2473324018828626e-09 "" "" "" "" "" "" "" "" "" "" "" "" "" "" ""
J0939.3-1732 PowerLaw bcu LSP 72.97469 0.8480524 0.2107074 5.759716846253163e-09 "" "" "" "" "" "" "" "" "" "" "" "" "" "" ""
J0940.0-2828 LogParabola bcu LSP 122.58443 0.9245441 0.21711242 6.477375404487599e-09 "" "" "" "" "" "" "" "" "" "" "" "" "" "" ""
J0940.7-6105 LogParabola bcu LSP 32.518944 0.61123925 0.19432928 6.5442004456888926e-09 "" "" "" "" "" "" "" "" "" "" "" "" "" "" ""
J0940.9-1335 LogParabola fsrq LSP 184.99373 0.83149284 0.18708113 1.3624444492083709e-08 "" "" "" "" "" "" "" "" "" "" "" "" "" "" ""
J0941.7+4125 LogParabola bcu LSP 36.39496 0.72911566 0.22286224 2.773934215066792e-09 "" "" "" "" "" "" "" "" "" "" "" "" "" "" ""
J0941.9+2724 PowerLaw bll LSP 23.545155 0.35867977 0.1412584 6.526542911859392e-09 "" "" "" "" "" "" "" "" "" "" "" "" "" "" ""
J0942.3-0800 LogParabola bll LSP 156.16298 0.71103 0.16290641 6.773691989249637e-09 "" "" "" "" "" "" "" "" "" "" "" "" "" "" ""
J0943.7+6137 PowerLaw bcu "" 74.63122 0.6350317 0.15641673 1.2741815917243144e-08 "" "" "" "" "" "" "" "" "" "" "" "" "" "" ""
J0945.2+5200 LogParabola fsrq LSP 254.99763 1.0068399 0.22387572 1.0102490068434372e-08 "" "" "" "" "" "" "" "" "" "" "" "" "" "" ""
J0945.7+5759 LogParabola bll LSP 61.235176 0.77698743 0.20042399 1.3581524491876272e-09 "" "" "" "" "" "" "" "" "" "" "" "" "" "" ""
J0946.6+1016 LogParabola fsrq LSP 358.6305 0.50239205 0.11074028 3.9489532196709586e-08 "" "" "" "" "" 0.7986577181208053 0.27058344968579245 0.07646910056753563 0.5201763640206968 0.07350305190384725 0.20512820512820512 0.6434402452543417 0.0488820108699877 0.8021472715495215 0.03046947400042981
J0947.1-2541 LogParabola bll "" 31.161892 0.26508313 0.0883099 3.7130983439191056e-09 "" "" "" "" "" "" "" "" "" "" "" "" "" "" ""
J0948.9+0022 LogParabola NLSY1 LSP 533.0934 0.40192565 0.08739117 1.0242001075914486e-07 "" "" "" "" "" 0.560077519379845 0.871326905625924 0.058910134825457816 0.9334489303791204 0.03155509257562246 0.16049382716049382 0.8666705727888325 0.03437140475729714 0.9309514341730359 0.018460364040273087
J0949.0+4038 PowerLaw fsrq LSP 35.891945 0.6103044 0.18736528 5.040882830393836e-09 "" "" "" "" "" "" "" "" "" "" "" "" "" "" ""
J0949.2+1749 PowerLaw fsrq LSP 52.75399 0.7898502 0.21531723 5.336274003104985e-09 "" "" "" "" "" "" "" "" "" "" "" "" "" "" ""
J0949.7+5819 PowerLaw bcu LSP 57.678207 0.7009202 0.18132132 6.695225623047113e-09 "" "" "" "" "" "" "" "" "" "" "" "" "" "" ""
J0952.6-5048 PowerLaw bcu "" 32.57891 0.8531415 0.29343215 3.7172436526534992e-09 "" "" "" "" "" "" "" "" "" "" "" "" "" "" ""
J0953.0-0840 LogParabola bll HSP 60.09873 0.22942598 0.060620185 1.3553782866764198e-08 "" "" "" "" "" 0.7127659574468085 -0.7066199481240448 0.09295521408545848 0.0 0.1 0.1069182389937107 0.11201176739050908 0.03730825210584717 0.33468159105410783 0.0557369349003357
J0956.7+2516 LogParabola fsrq LSP 124.051605 0.5337465 0.12393686 1.975546584747913e-08 "" "" "" "" "" "" "" "" "" "" 0.6068376068376068 0.3482393019110533 0.10586838623546549 0.5901180406588611 0.08970102499939202
J0957.3-1348 LogParabola fsrq LSP 129.53859 0.68162376 0.15811191 1.4275701958675303e-08 "" "" "" "" "" "" "" "" "" "" "" "" "" "" ""
J0957.6+5523 LogParabola fsrq LSP 51.110664 0.0636096 0.017233547 8.178089817467798e-08 0.04670793472144063 -0.0062155248291539174 0.006292522922608714 0.0 0.1 0.01394169835234474 0.008837822754681226 0.004310632247712025 0.09400969500366027 0.022926530330431297 "" "" "" "" ""
J0957.8+3423 LogParabola bcu LSP 52.847015 0.6023509 0.16265015 2.594177392026226e-09 "" "" "" "" "" "" "" "" "" "" "" "" "" "" ""
J0958.0+4728 LogParabola fsrq LSP 284.16177 0.8954397 0.19757047 1.5768878175432704e-08 "" "" "" "" "" "" "" "" "" "" 0.8252427184466019 2.2541998623915234 0.21026296016144136 1.5013993014489928 0.07002233182022852
J0958.4+5042 PowerLaw fsrq LSP 33.282784 0.4276166 0.13498889 6.392815509236207e-09 "" "" "" "" "" "" "" "" "" "" "" "" "" "" ""
J0958.7+6534 LogParabola BLL LSP 2438.0686 0.79806596 0.1707795 5.6231799885492454e-08 0.5668358714043993 2.4602212165208766 0.0469079190481402 1.5685092338015982 0.014953026108252292 0.2778702163061564 2.0582039236228757 0.03433839833919651 1.4346441801446363 0.011967566179278901 0.062146892655367235 1.3663996932179043 0.0299433086152289 1.1689310044728494 0.012807988025235237
J1001.1+2911 PowerLaw bll LSP 228.9485 0.9752413 0.21644491 1.2349827921402929e-08 "" "" "" "" "" "" "" "" "" "" 1.065934065934066 1.593654868312455 0.23020788141638512 1.2624004389703194 0.09117862855155329
J1006.7-2159 LogParabola fsrq LSP 1901.0173 0.9757529 0.2090509 5.7699674043858277e-08 "" "" "" "" "" 0.8849765258215962 1.9685563218392883 0.09217394667575972 1.4030525014550554 0.03284764703393829 0.2789115646258503 1.7459111995806043 0.07745328177235701 1.3213293304776839 0.029308848288547518
J1007.6-3332 LogParabola fsrq LSP 352.5419 0.75963116 0.16680315 2.045105738561548e-08 "" "" "" "" "" "" "" "" "" "" 0.8076923076923077 1.0706282888282654 0.16027871451461861 1.0347116935785858 0.07745090516967543
J1008.0+0620 LogParabola bll LSP 97.67606 0.4919779 0.11842509 1.050262686465696e-08 "" "" "" "" "" "" "" "" "" "" "" "" "" "" ""
J1008.7-2909 LogParabola bcu LSP 30.85416 0.851248 0.27844718 3.272561724771422e-09 "" "" "" "" "" "" "" "" "" "" "" "" "" "" ""
J1010.2-3119 PowerLaw bll HSP 42.88654 0.5005856 0.14227262 3.459652924448979e-09 "" "" "" "" "" "" "" "" "" "" "" "" "" "" ""
J1010.8-0158 PowerLaw fsrq LSP 30.391096 0.46633354 0.16959174 6.712724472420174e-09 "" "" "" "" "" "" "" "" "" "" "" "" "" "" ""
J1011.3-0427 PowerLaw fsrq LSP 29.109419 0.73806477 0.26658052 3.2271509508045984e-09 "" "" "" "" "" "" "" "" "" "" "" "" "" "" ""
J1012.7+2439 LogParabola fsrq LSP 748.5022 0.7259138 0.15704939 3.2664993218575465e-08 "" "" "" "" "" 0.8044943820224719 0.8397428719006759 0.07185515762138125 0.9163748533764312 0.03920620331113799 0.38235294117647056 1.023887726051369 0.05508357402519339 1.0118733745145037 0.027218610259224615
J1013.7+3444 PowerLaw fsrq LSP 90.98997 0.6250399 0.1508809 1.2723720567202185e-08 "" "" "" "" "" "" "" "" "" "" "" "" "" "" ""
J1015.0+4926 LogParabola bll HSP 338.85156 0.23550795 0.05183998 4.628062048840482e-08 0.15518311607697083 0.06314808217998394 0.01526977267777924 0.2512928215846683 0.030382429114940677 0.03221649484536082 0.1267780648413831 0.012074116715212573 0.3560590749319319 0.016955215532030454 0.0053475935828877 0.12331085154825179 0.009166549806777011 0.3511564488205389 0.013051945703354637
J1015.6+5553 PowerLaw fsrq LSP 71.33524 0.7815378 0.19728088 5.5635207065216694e-09 "" "" "" "" "" "" "" "" "" "" "" "" "" "" ""
J1016.0+0512 PowerLaw fsrq LSP 542.7835 1.7308117 0.37353447 1.7880143893432606e-08 "" "" "" "" "" "" "" "" "" "" 2.357142857142857 4.45134452579887 0.4176534171353575 2.109820970082265 0.09897840220989759
J1017.8+0715 PowerLaw bcu "" 25.842508 0.66233635 0.25577345 4.673335679256459e-09 "" "" "" "" "" "" "" "" "" "" "" "" "" "" ""
J1018.1+1905 PowerLaw bll LSP 28.44684 0.5016204 0.18184996 2.943587433770959e-09 "" "" "" "" "" "" "" "" "" "" "" "" "" "" ""
J1018.3-3124 LogParabola fsrq LSP 244.11548 0.6189907 0.1379395 2.7802733995805118e-08 "" "" "" "" "" "" "" "" "" "" 0.7128712871287128 0.9278473718688046 0.16639379025250445 0.9632483438183554 0.08637117900089644
J1018.4+3540 LogParabola fsrq LSP 146.63382 0.75453717 0.17310357 1.2450784909518883e-08 "" "" "" "" "" "" "" "" "" "" "" "" "" "" ""
J1018.4+0528 PowerLaw fsrq LSP 34.027023 0.73549324 0.23089048 5.335316298400519e-09 "" "" "" "" "" "" "" "" "" "" "" "" "" "" ""
J1019.7+6321 LogParabola bll LSP 34.19461 0.36367816 0.11380976 2.986191456205524e-09 "" "" "" "" "" "" "" "" "" "" "" "" "" "" ""
J1019.7+0511 PowerLaw bcu LSP 23.13636 0.51984966 0.2495339 2.0524078068176574e-09 "" "" "" "" "" "" "" "" "" "" "" "" "" "" ""
J1023.1+3949 LogParabola fsrq LSP 1901.3063 1.5702419 0.3361055 2.7767833765862796e-08 "" "" "" "" "" "" "" "" "" "" 0.6347826086956522 5.775758237908516 0.271192717398663 2.403280723908157 0.05642135658577079
J1023.8-4335 LogParabola bll HSP 54.906033 0.3837789 0.103195705 3.4323794959297423e-09 "" "" "" "" "" "" "" "" "" "" "" "" "" "" ""
J1023.9-3236 LogParabola fsrq LSP 424.91092 1.3002299 0.28347552 1.5351803402136317e-08 "" "" "" "" "" "" "" "" "" "" 1.4736842105263157 1.9868421634557347 0.3031363927304963 1.4095538880992577 0.1075291960420424
J1026.9-1749 LogParabola bll HSP 109.83172 0.5254243 0.12327786 8.04568078524871e-09 "" "" "" "" "" "" "" "" "" "" 0.42424242424242425 0.35614607073473553 0.10864955724248164 0.5967797506071528 0.09102986246763867
J1027.2+7427 LogParabola bcu LSP 231.8197 0.8834449 0.19589837 1.4693126511799263e-08 "" "" "" "" "" "" "" "" "" "" 1.3670886075949367 0.9896548433531526 0.278167650224028 0.9948139742450106 0.13980887755177365
J1027.6+8251 PowerLaw bcu "" 27.714838 0.5229811 0.18046112 2.765944540604599e-09 "" "" "" "" "" "" "" "" "" "" "" "" "" "" ""
J1028.3+3108 PowerLaw bll ISP 21.765783 0.49159962 0.316111 1.6346925844014878e-09 "" "" "" "" "" "" "" "" "" "" "" "" "" "" ""
J1028.4-0234 LogParabola fsrq LSP 50.204163 0.62168676 0.16848682 9.374264934708376e-09 "" "" "" "" "" "" "" "" "" "" "" "" "" "" ""
J1031.1+7442 PowerLaw bll ISP 30.521486 0.47440833 0.13795178 6.268188716599461e-09 "" "" "" "" "" "" "" "" "" "" "" "" "" "" ""
J1031.6+6019 PowerLaw fsrq LSP 134.82387 0.6504064 0.15200582 2.0994629899940734e-08 "" "" "" "" "" "" "" "" "" "" "" "" "" "" ""
J1032.6+3737 PowerLaw bll ISP 25.485817 0.28292996 0.10712213 6.563614716769068e-09 "" "" "" "" "" "" "" "" "" "" "" "" "" "" ""
J1033.1+4115 LogParabola fsrq LSP 150.24303 0.41543454 0.09586866 2.1385025636525835e-08 "" "" "" "" "" "" "" "" "" "" 0.4351145038167939 0.3277193113812729 0.08633249691662236 0.5724677382886069 0.0754038098065696
J1033.9+6050 LogParabola FSRQ LSP 953.4672 0.53521377 0.11538536 5.863634565676131e-08 0.7924710424710425 1.289660427812693 0.05947157205285497 1.1356321710011095 0.026184346292527173 0.4084507042253521 1.3752657730465216 0.046826373347210154 1.1727172604880178 0.01996490327418038 0.13253012048192772 1.1241480472597518 0.03698886092021111 1.0602584813429938 0.017443322345961593
J1036.2+2202 PowerLaw fsrq LSP 140.41508 0.71534216 0.16567093 1.5364466886724412e-08 "" "" "" "" "" "" "" "" "" "" 1.1363636363636365 1.189144818564601 0.2682602395531986 1.0904791692483635 0.12300108388961836
J1037.4-2933 PowerLaw fsrq LSP 61.594067 0.5731391 0.14951101 1.1927928444730079e-08 "" "" "" "" "" "" "" "" "" "" "" "" "" "" ""
