4LAC_variability_analysis/resulting_catalogs/df_filtered_4lac_luana_dr3.ecsv
# %ECSV 1.0
# ---
# datatype:
# - {name: Source_Name, datatype: string}
# - {name: SpectrumType, datatype: string}
# - {name: CLASS, datatype: string}
# - {name: SED_class, datatype: string}
# - {name: Variability_Index, datatype: float32}
# - {name: Frac_Variability, datatype: float32}
# - {name: Unc_Frac_Variability, datatype: float32}
# - {name: Spectrum_Flux_Estimated, datatype: float64}
# - {name: Bright_Ratio_x, datatype: float64}
# - {name: Norm_Excess_Var(3_days), datatype: float64}
# - {name: Unc_Norm_Excess_Var(3_days), datatype: float64}
# - {name: Frac_Variability(3_days), datatype: float64}
# - {name: Unc_Frac_Variability(3_days), datatype: float64}
# - {name: Bright_Ratio_y, datatype: float64}
# - {name: Norm_Excess_Var(weekly), datatype: float64}
# - {name: Unc_Norm_Excess_Var(weekly), datatype: float64}
# - {name: Frac_Variability(weekly), datatype: float64}
# - {name: Unc_Frac_Variability(weekly), datatype: float64}
# - {name: Bright_Ratio, datatype: float64}
# - {name: Norm_Excess_Var(monthly), datatype: float64}
# - {name: Unc_Norm_Excess_Var(monthly), datatype: float64}
# - {name: Frac_Variability(monthly), datatype: float64}
# - {name: Unc_Frac_Variability(monthly), datatype: float64}
# schema: astropy-2.0
Source_Name SpectrumType CLASS SED_class Variability_Index Frac_Variability Unc_Frac_Variability Spectrum_Flux_Estimated Bright_Ratio_x Norm_Excess_Var(3_days) Unc_Norm_Excess_Var(3_days) Frac_Variability(3_days) Unc_Frac_Variability(3_days) Bright_Ratio_y Norm_Excess_Var(weekly) Unc_Norm_Excess_Var(weekly) Frac_Variability(weekly) Unc_Frac_Variability(weekly) Bright_Ratio Norm_Excess_Var(monthly) Unc_Norm_Excess_Var(monthly) Frac_Variability(monthly) Unc_Frac_Variability(monthly)
[from data line 1235]
J2031.2-4121 LogParabola bcu "" 155.78067 1.9807259 0.44498783 2.0265258424547963e-09 "" "" "" "" "" "" "" "" "" "" "" "" "" "" ""
J2032.0+1219 PowerLaw bll LSP 40.573277 0.5672959 0.16952275 1.283119179570387e-08 "" "" "" "" "" "" "" "" "" "" "" "" "" "" ""
J2034.6+1154 LogParabola fsrq LSP 229.93904 1.0000895 0.22249903 2.0645867057284943e-08 "" "" "" "" "" "" "" "" "" "" 0.8902439024390244 1.3960318035912311 0.10264270727302507 1.1815378976534063 0.04343606221894306
J2035.4+1056 LogParabola fsrq LSP 3105.0142 1.3221852 0.2825995 7.825227497610405e-08 "" "" "" "" "" "" "" "" "" "" 0.4036697247706422 2.439746589026565 0.049918582466222286 1.5619688181991869 0.015979378680482888
J2036.4+6553 LogParabola bll ISP 40.068756 0.41660285 0.12460849 2.4576944938162143e-09 "" "" "" "" "" "" "" "" "" "" "" "" "" "" ""
J2038.7+5117 LogParabola fsrq LSP 126.31823 0.5854015 0.13729198 2.7960176477736912e-08 "" "" "" "" "" "" "" "" "" "" "" "" "" "" ""
J2039.0-1046 LogParabola bll LSP 56.942257 0.26170176 0.06782196 1.625531307437487e-08 "" "" "" "" "" "" "" "" "" "" 0.18840579710144928 0.0715667887537579 0.027316178933859035 0.2675196978799092 0.0510545188827953
J2040.5-1705 PowerLaw bcu LSP 64.58422 0.6523402 0.16620848 1.2820242112639456e-08 "" "" "" "" "" "" "" "" "" "" "" "" "" "" ""
J2044.0+1036 LogParabola bcu ISP 38.959812 1.1432391 0.31349593 1.7315342288008981e-10 "" "" "" "" "" "" "" "" "" "" "" "" "" "" ""
J2046.8-4258 LogParabola bll "" 31.1263 0.67723626 0.24376865 1.0381157386078662e-09 "" "" "" "" "" "" "" "" "" "" "" "" "" "" ""
J2049.9+1002 LogParabola bll LSP 59.07644 0.35726246 0.09276069 2.093538074468378e-08 "" "" "" "" "" "" "" "" "" "" 0.30701754385964913 0.14801737832843428 0.029140336005931893 0.38473026697731266 0.037871124924582916
J2050.4-2627 LogParabola fsrq LSP 119.702965 0.97783846 0.22814667 4.8396536157872385e-09 "" "" "" "" "" "" "" "" "" "" "" "" "" "" ""
J2052.2-5533 LogParabola bcu "" 931.71045 1.1344237 0.2442045 2.3215126037618318e-08 "" "" "" "" "" "" "" "" "" "" 0.8117647058823529 0.8414424729810576 0.0441244550692737 0.9173017349711368 0.02405122185376772
J2053.8+2922 LogParabola bll HSP 25.769453 0.29293802 0.10784687 1.2823428861605237e-09 "" "" "" "" "" "" "" "" "" "" 0.8589743589743589 -0.10673649924384251 0.03667839167300291 0.0 0.1
J2056.2-4714 LogParabola fsrq LSP 2659.6853 0.5755847 0.1232019 1.4490174271529002e-07 0.4150596877869605 0.5277926896424643 0.013814639688389871 0.726493420233428 0.009507752791450691 0.2054794520547945 0.6336690970174025 0.015379358697540228 0.7960333516991625 0.009659996446576278 0.05325443786982249 0.7055762525327302 0.01564840815068064 0.8399858644838794 0.009314685408602467
J2056.5-0202 LogParabola bcu LSP 60.9269 0.7643423 0.19429749 9.201018424608779e-09 "" "" "" "" "" "" "" "" "" "" "" "" "" "" ""
J2056.7+4939 PowerLaw bcu HSP 23.76347 0.18692802 0.07745136 1.3421572040985104e-08 "" "" "" "" "" "" "" "" "" "" 0.5666666666666667 -0.06220500152524714 0.02553370480593966 0.0 0.1
J2100.0+2103 LogParabola bcu LSP 17.643887 0.42409894 0.25302142 3.395683814149783e-09 "" "" "" "" "" "" "" "" "" "" "" "" "" "" ""
J2101.4-2935 LogParabola fsrq "" 38.849796 0.6171126 0.18136472 1.1931368574443209e-08 "" "" "" "" "" "" "" "" "" "" "" "" "" "" ""
J2103.8-6233 LogParabola bll ISP 69.564735 0.2587856 0.06543532 1.2479523112638094e-08 "" "" "" "" "" "" "" "" "" "" 0.08974358974358974 0.06366941498637792 0.02463710817309143 0.2523279908895918 0.04881960991769558
J2104.0-3546 PowerLaw bcu LSP 146.71114 0.88831013 0.20371561 1.1551314099092751e-08 "" "" "" "" "" "" "" "" "" "" "" "" "" "" ""
J2106.9+2455 LogParabola bcu LSP 28.517714 0.77248204 0.28834632 3.0712439904707345e-09 "" "" "" "" "" "" "" "" "" "" "" "" "" "" ""
J2108.2-2454 PowerLaw bcu "" 40.973274 0.5444237 0.15618192 1.037360137227691e-08 "" "" "" "" "" "" "" "" "" "" "" "" "" "" ""
J2108.5+1434 LogParabola fsrq LSP 60.976597 0.67924374 0.17460108 1.1929109140799975e-08 "" "" "" "" "" "" "" "" "" "" "" "" "" "" ""
J2110.3+0808 PowerLaw fsrq LSP 121.76042 0.9536609 0.22249347 1.2488704798177518e-08 "" "" "" "" "" "" "" "" "" "" "" "" "" "" ""
J2112.7+0819 LogParabola bll HSP 21.927176 0.39412564 0.15769503 1.3093067112334333e-09 "" "" "" "" "" "" "" "" "" "" "" "" "" "" ""
J2114.8+2831 LogParabola fsrq LSP 31.778149 0.46195024 0.1868953 6.2507916225672546e-09 "" "" "" "" "" "" "" "" "" "" "" "" "" "" ""
J2114.8+2026 LogParabola agn "" 14.6827 0.0 10.0 7.246438693996584e-11 "" "" "" "" "" "" "" "" "" "" "" "" "" "" ""
J2115.4+2932 LogParabola fsrq LSP 900.98346 0.6645908 0.14334932 6.270046425637618e-08 "" "" "" "" "" 0.8605341246290801 0.41542642217659076 0.027221465578858198 0.6445358191571596 0.0211171084443801 0.13157894736842105 0.8017431855806307 0.03626475746025562 0.8954011311030553 0.02025056491473304
J2116.2+3339 LogParabola bll ISP 157.5034 0.35168135 0.080436185 1.534373808395676e-08 "" "" "" "" "" 0.6982097186700768 -0.023303273991717922 0.01967138209858967 0.0 0.1 0.0875 0.18857812684968406 0.027365503944193712 0.43425583110613963 0.031508504876593256
J2118.0+0019 LogParabola fsrq LSP 33.286346 0.83330876 0.29090345 2.5413278870996813e-09 "" "" "" "" "" "" "" "" "" "" "" "" "" "" ""
J2118.2+5752 LogParabola bcu "" 91.76686 1.1361084 0.28017485 6.58489956516397e-09 "" "" "" "" "" "" "" "" "" "" "" "" "" "" ""
J2119.6-1105 PowerLaw fsrq LSP 140.02824 1.1041869 0.2531466 7.641410285807391e-09 "" "" "" "" "" "" "" "" "" "" "" "" "" "" ""
J2120.6-1254 PowerLaw bcu "" 39.39587 0.8687462 0.25871363 4.394907182784523e-09 "" "" "" "" "" "" "" "" "" "" "" "" "" "" ""
J2121.0+1901 LogParabola fsrq LSP 50.75513 0.1911149 0.05271211 2.7481742528716974e-08 "" "" "" "" "" 0.7262569832402235 -0.10397180477214256 0.008936388971932515 0.0 0.1 0.07407407407407407 0.008987394450097483 0.013879667674104496 0.09480186944410686 0.07320355471622661
J2123.6+0535 PowerLaw fsrq LSP 59.78686 0.6076014 0.1572916 1.1968645201312008e-08 "" "" "" "" "" "" "" "" "" "" "" "" "" "" ""
J2126.3-4605 LogParabola FSRQ LSP 602.94507 1.265639 0.2739464 2.402880243474581e-08 "" "" "" "" "" "" "" "" "" "" 0.5632183908045977 0.6668520938212275 0.05119331227024004 0.8166101235113532 0.03134501446670365
J2127.7+3612 LogParabola bll HSP 69.15436 0.45814914 0.115992576 4.761023697171883e-09 "" "" "" "" "" "" "" "" "" "" 0.7613636363636364 -0.07078840639874298 0.03199813332835799 0.0 0.1
J2130.4-4241 PowerLaw bcu "" 248.02509 2.6795886 0.59407014 4.2149651734832346e-09 "" "" "" "" "" "" "" "" "" "" "" "" "" "" ""
J2131.0-2746 LogParabola bll HSP 30.001215 0.30899346 0.1025154 2.3103704112396473e-09 "" "" "" "" "" "" "" "" "" "" 0.6774193548387096 -0.12496664858110614 0.030921023187016904 0.0 0.1
J2131.5-0916 PowerLaw bll HSP 26.70575 0.26983976 0.10520243 6.603122170601747e-09 "" "" "" "" "" "" "" "" "" "" 0.8933333333333333 -0.14052636152908396 0.005250503285824941 0.0 0.1
J2132.0-5418 PowerLaw bcu LSP 78.67538 0.8149733 0.20169853 6.4957037451007314e-09 "" "" "" "" "" "" "" "" "" "" "" "" "" "" ""
J2133.9+6646 PowerLaw bll HSP 65.7554 0.57635075 0.1467784 9.899876048008978e-09 "" "" "" "" "" "" "" "" "" "" "" "" "" "" ""
J2134.2-0154 LogParabola bll LSP 115.04185 0.5300528 0.12328252 1.660230093355142e-08 "" "" "" "" "" "" "" "" "" "" 0.5048543689320388 0.4690762984450977 0.05667298237951166 0.6848914501182634 0.041373696787808986
J2134.5-2130 LogParabola bll ISP 62.368122 0.53430694 0.13613845 4.676318807661549e-09 "" "" "" "" "" "" "" "" "" "" "" "" "" "" ""
J2135.3-5006 LogParabola fsrq LSP 102.499596 0.44129235 0.10559525 1.8203916736172364e-08 "" "" "" "" "" "" "" "" "" "" 0.46078431372549017 0.06588605973374553 0.02474554221662117 0.25668279984008574 0.048202571874776425
J2136.2+0032 LogParabola fsrq "" 221.2667 0.9970898 0.22264 2.014720761771455e-08 "" "" "" "" "" "" "" "" "" "" "" "" "" "" ""
J2136.5+4259 LogParabola bcu LSP 226.10663 1.5106788 0.33645412 1.5029911361115346e-08 "" "" "" "" "" "" "" "" "" "" "" "" "" "" ""
J2139.4-4235 LogParabola bll ISP 850.6859 0.4973295 0.10732325 4.8352355885846617e-08 0.4666666666666667 0.12814555132315458 0.013374984768844368 0.3579742327642516 0.01868149093520459 0.18446601941747573 0.24699784687994727 0.015824893560486917 0.49698877943062986 0.015920775493781316 0.005434782608695652 0.3320055877164259 0.01628763203412189 0.57619926042683 0.014133680093633347
J2140.5-6731 LogParabola bcu "" 43.294197 1.1376604 0.29807597 3.591090224909394e-09 "" "" "" "" "" "" "" "" "" "" "" "" "" "" ""
J2141.7-6410 LogParabola bcu LSP 2109.9617 1.09208 0.23384175 4.0787664669863724e-08 "" "" "" "" "" "" "" "" "" "" 0.6082474226804123 1.0911888382783488 0.03818413938418494 1.0445998460072397 0.018276921794568357
J2141.8-3727 PowerLaw fsrq LSP 59.622555 0.47027424 0.12201584 1.576753619776548e-08 "" "" "" "" "" "" "" "" "" "" "" "" "" "" ""
J2142.5-2552 LogParabola bcu "" 141.84628 0.8445557 0.19393659 5.553616949092342e-09 "" "" "" "" "" "" "" "" "" "" "" "" "" "" ""
J2142.8+1958 LogParabola bcu ISP 22.348932 0.6158666 0.28809056 1.713279838152621e-10 "" "" "" "" "" "" "" "" "" "" "" "" "" "" ""
J2143.1-3929 PowerLaw bll HSP 48.8779 0.63225925 0.17058986 5.540373917444574e-09 "" "" "" "" "" "" "" "" "" "" "" "" "" "" ""
J2143.5+1743 LogParabola fsrq LSP 1208.7343 0.45293558 0.097647555 1.2172948583642114e-07 0.707395498392283 0.1483420358842232 0.011273912942772515 0.3851519646635899 0.014635668485580346 0.3843137254901961 0.23049267090185552 0.012821150552890192 0.4800965224846515 0.013352680088721198 0.2535211267605634 0.2935058490658158 0.013438822550587912 0.5417618010397335 0.01240288861709751
J2144.2+3132 PowerLaw bll ISP 32.22026 0.3948376 0.122102365 7.608105301102334e-09 "" "" "" "" "" "" "" "" "" "" "" "" "" "" ""
J2144.3-7802 LogParabola fsrq LSP 16.067156 0.34914955 0.30383226 4.609983508282263e-09 "" "" "" "" "" "" "" "" "" "" "" "" "" "" ""
J2145.0-3356 LogParabola fsrq LSP 346.17874 0.7274973 0.15958646 2.0303434651338696e-08 "" "" "" "" "" "" "" "" "" "" 0.6593406593406593 0.958977228523372 0.05789758707792481 0.9792738271409953 0.029561490092591205
J2146.4-1528 PowerLaw fsrq LSP 52.28277 0.7099676 0.19200374 1.2550092564828111e-08 "" "" "" "" "" "" "" "" "" "" "" "" "" "" ""
J2146.5-1344 LogParabola bll "" 44.464745 0.27937385 0.079927064 3.9848094923052585e-09 "" "" "" "" "" "" "" "" "" "" 0.2740740740740741 0.011945551861454644 0.032809619835694956 0.10929570833959878 0.150095645721744
J2146.8+0425 PowerLaw bcu LSP 26.335575 0.58239484 0.21534744 6.248638940591369e-09 "" "" "" "" "" "" "" "" "" "" "" "" "" "" ""
J2147.1+0931 LogParabola FSRQ LSP 670.74304 0.7601166 0.16457844 4.696479468800814e-08 "" "" "" "" "" "" "" "" "" "" 0.2972972972972973 0.5756633678759696 0.03653107032298718 0.7587248301432935 0.024073991565616668
J2147.3-7536 LogParabola FSRQ LSP 3458.676 0.9232656 0.19747509 8.930060480545318e-08 "" "" "" "" "" 0.9266862170087976 0.8670590264725696 0.024253245959719342 0.9311600434257097 0.013023135029770167 0.33043478260869563 1.2191927707379244 0.028599894221658602 1.1041706257358617 0.012950849060397045
J2148.6+0652 LogParabola fsrq LSP 40.719463 0.5731258 0.1648836 1.2904711804904377e-08 "" "" "" "" "" "" "" "" "" "" "" "" "" "" ""
J2149.1+6104 LogParabola bcu "" 25.380022 0.43021163 0.14884384 1.608715471330986e-08 "" "" "" "" "" "" "" "" "" "" "" "" "" "" ""
J2149.6+0323 PowerLaw bll LSP 46.442272 0.6598596 0.17932615 5.839967677691088e-09 "" "" "" "" "" "" "" "" "" "" "" "" "" "" ""
J2149.7+1917 LogParabola bcu LSP 82.676765 0.956117 0.23336197 7.359452820729964e-09 "" "" "" "" "" "" "" "" "" "" "" "" "" "" ""
J2150.7-2810 PowerLaw fsrq LSP 25.114697 0.88767105 0.5327338 1.4671704776695459e-09 "" "" "" "" "" "" "" "" "" "" "" "" "" "" ""
J2151.7-2749 PowerLaw fsrq LSP 25.531973 0.6766525 0.2649508 4.6823049675272175e-09 "" "" "" "" "" "" "" "" "" "" "" "" "" "" ""
J2151.8-3027 LogParabola fsrq LSP 1235.7162 0.89194965 0.19167346 7.282260879765566e-08 "" "" "" "" "" "" "" "" "" "" 0.30578512396694213 1.0691786159565488 0.037682028680202484 1.0340109360913687 0.018221291170595882
J2153.8-1137 LogParabola fsrq LSP 77.955086 0.51070076 0.12551743 1.981265734498002e-08 "" "" "" "" "" "" "" "" "" "" 0.7241379310344828 0.11047836585249982 0.031140595213864992 0.33238286034707 0.04684446601931937
J2156.3-0036 PowerLaw fsrq LSP 75.15323 0.9083772 0.22213556 7.06994880385845e-09 "" "" "" "" "" "" "" "" "" "" "" "" "" "" ""
J2157.5+3127 LogParabola fsrq LSP 1848.62 1.2112029 0.25942317 3.646450201607297e-08 "" "" "" "" "" "" "" "" "" "" 0.36607142857142855 1.1913731854045415 0.04260681540638299 1.091500428494896 0.01951754405865642
J2158.1-1501 LogParabola fsrq LSP 35.1072 0.26728567 0.08311377 1.0581909576120086e-08 "" "" "" "" "" "" "" "" "" "" 0.5463917525773195 0.0905428907957151 0.039687754192108314 0.3009034576001331 0.06594765395625476
J2158.8-3013 LogParabola bll HSP 745.36664 0.25221577 0.054557394 1.1603640015815858e-07 0.07185273159144893 0.2137872531752448 0.008336807554667612 0.4623713368876198 0.00901527288735665 0.021879021879021878 0.24516428832105716 0.008900767097193396 0.4951406752843652 0.008988119479460639 0.0 0.2041917794537992 0.0072601151306031265 0.45187584517630414 0.008033307387530877
J2159.8-4751 PowerLaw bcu LSP 69.723946 0.7276302 0.18421689 7.125839838514155e-09 "" "" "" "" "" "" "" "" "" "" "" "" "" "" ""
J2200.1+2138 PowerLaw bll LSP 46.009388 0.57630277 0.16010222 5.03933153425999e-09 "" "" "" "" "" "" "" "" "" "" "" "" "" "" ""
J2200.7-2414 PowerLaw bcu LSP 29.416332 0.58629507 0.20441571 3.981151658663281e-09 "" "" "" "" "" "" "" "" "" "" "" "" "" "" ""
J2201.5-8339 LogParabola fsrq LSP 418.89417 0.6786298 0.14843492 3.858052778842803e-08 "" "" "" "" "" "" "" "" "" "" 0.391304347826087 0.5318899424372986 0.03035942184971536 0.7293078516218638 0.020813859183197374
J2201.8+5048 LogParabola fsrq LSP 3775.6736 1.3350013 0.2853374 9.616943662684541e-08 "" "" "" "" "" "" "" "" "" "" "" "" "" "" ""
J2202.7+4216 LogParabola BLL LSP 4421.8706 0.43420082 0.09280248 3.333168586616739e-07 0.04312354312354312 1.1793302511610275 0.007839542102289137 1.0859697284736014 0.0036094662202546405 0.011464968152866241 1.1623146218719842 0.0077635844519076385 1.0781069621665487 0.003600563174319015 0.0 0.9512395174813304 0.006814163631999751 0.975315086257426 0.003493313970025688
J2203.4+1725 LogParabola fsrq LSP 1286.9769 1.0170888 0.21838379 4.03459864813274e-08 "" "" "" "" "" "" "" "" "" "" 0.5684210526315789 0.5157922150907793 0.03275416535981868 0.7181867550232177 0.022803376093144315
J2205.0+7432 LogParabola bcu LSP 71.023895 1.0352348 0.2725056 7.759771925270391e-10 "" "" "" "" "" "" "" "" "" "" "" "" "" "" ""
J2206.8-0032 LogParabola bll LSP 107.84711 0.5887913 0.13934891 1.1972719150714495e-08 "" "" "" "" "" "" "" "" "" "" 0.7215189873417721 0.1344359391351621 0.044574256754246894 0.36665506833420713 0.06078500013208236
J2207.1+4316 PowerLaw bcu LSP 23.841337 0.49649882 0.19295101 5.005193709358071e-09 "" "" "" "" "" "" "" "" "" "" "" "" "" "" ""
J2207.5-5346 PowerLaw fsrq LSP 94.27744 0.45985746 0.10921589 1.7912743171408847e-08 "" "" "" "" "" "" "" "" "" "" 0.3217391304347826 0.26689845699052833 0.03577297217898671 0.5166221607621264 0.03462198768846273
J2207.6+0053 PowerLaw fsrq "" 28.372807 0.674553 0.23128626 4.854389374876853e-09 "" "" "" "" "" "" "" "" "" "" "" "" "" "" ""
J2209.8-5028 PowerLaw bcu "" 25.674845 0.88212615 0.3313361 1.541978585363304e-09 "" "" "" "" "" "" "" "" "" "" "" "" "" "" ""
J2211.2-1325 PowerLaw fsrq LSP 52.5515 0.481987 0.13123317 1.560048559456387e-08 "" "" "" "" "" "" "" "" "" "" "" "" "" "" ""
J2212.9-2526 LogParabola fsrq LSP 87.33198 0.6889162 0.16548468 6.216151752677953e-09 "" "" "" "" "" "" "" "" "" "" "" "" "" "" ""
J2216.9+2421 PowerLaw bll LSP 38.142624 0.37262556 0.1115196 1.2039170427400283e-08 "" "" "" "" "" "" "" "" "" "" "" "" "" "" ""
