4LAC_variability_analysis/resulting_catalogs/df_filtered_4lac_luana_dr3.ecsv
# %ECSV 1.0
# ---
# datatype:
# - {name: Source_Name, datatype: string}
# - {name: SpectrumType, datatype: string}
# - {name: CLASS, datatype: string}
# - {name: SED_class, datatype: string}
# - {name: Variability_Index, datatype: float32}
# - {name: Frac_Variability, datatype: float32}
# - {name: Unc_Frac_Variability, datatype: float32}
# - {name: Spectrum_Flux_Estimated, datatype: float64}
# - {name: Norm_Excess_Var(3-days), datatype: float64}
# - {name: err_Norm_Excess_Var(3-days), datatype: float64}
# - {name: Fvar(3-days), datatype: float64}
# - {name: err_Fvar(3-days), datatype: float64}
# - {name: Norm_Excess_Var(weekly), datatype: float64}
# - {name: err_Norm_Excess_Var(weekly), datatype: float64}
# - {name: Fvar(weekly), datatype: float64}
# - {name: err_Fvar(weekly), datatype: float64}
# - {name: Norm_Excess_Var(monthly), datatype: float64}
# - {name: err_Norm_Excess_Var(monthly), datatype: float64}
# - {name: Fvar(monthly), datatype: float64}
# - {name: err_Fvar(monthly), datatype: float64}
# - {name: Norm_Excess_Var(monthly-t), datatype: float64}
# - {name: err_Norm_Excess_Var(monthly-t), datatype: float64}
# - {name: Fvar(monthly-t), datatype: float64}
# - {name: err_Fvar(monthly-t), datatype: float64}
# schema: astropy-2.0
Source_Name SpectrumType CLASS SED_class Variability_Index Frac_Variability Unc_Frac_Variability Spectrum_Flux_Estimated Norm_Excess_Var(3-days) err_Norm_Excess_Var(3-days) Fvar(3-days) err_Fvar(3-days) Norm_Excess_Var(weekly) err_Norm_Excess_Var(weekly) Fvar(weekly) err_Fvar(weekly) Norm_Excess_Var(monthly) err_Norm_Excess_Var(monthly) Fvar(monthly) err_Fvar(monthly) Norm_Excess_Var(monthly-t) err_Norm_Excess_Var(monthly-t) Fvar(monthly-t) err_Fvar(monthly-t)
[from data line 1215]
J2009.4-4849 LogParabola BLL HSP 160.51767 0.37974763 0.08601614 1.5566365634021577e-08 -0.09112033086155061 0.016831348765457502 0.0 0.1 -0.04178042736785478 0.016625877792893325 0.0 0.1 0.10891197128091264 0.021031731916498236 0.3300181378059585 0.031864509108987686 0.14593322399290298 0.023393610283191518 0.38201207309835505 0.030618941036934792
J2009.9+3544 PowerLaw bcu "" 27.54345 0.6739733 0.25527436 1.2528745004413646e-08 "" "" "" "" "" "" "" "" "" "" "" "" "" "" "" ""
J2010.0+7229 LogParabola bll LSP 71.450134 0.26158735 0.06579822 2.125481329368598e-08 "" "" "" "" -0.06890416425053071 0.007280905717933823 0.0 0.1 0.018911584712035797 0.014682044296344506 0.1375193975846164 0.05338172124885352 0.12954546411539244 0.024438367518401328 0.35992424774581727 0.03394932082439191
J2012.0+4629 LogParabola bll ISP 561.0523 0.5997166 0.13030848 2.700468640403008e-08 0.02911922847541939 0.015660363591237687 0.17064357144474968 0.04588618094033545 0.11997384121257731 0.018350967404273118 0.34637240249849194 0.026490227385181205 0.32560128681370454 0.023518765110565422 0.5706148322762953 0.02060826654009713 0.4927703176455924 0.028940263755165938 0.7019760093091447 0.020613427931566872
J2012.2-1646 LogParabola bll LSP 99.580635 0.8354526 0.19525437 1.310062727883365e-08 "" "" "" "" "" "" "" "" 0.12678044560210644 0.040152629512244076 0.35606241812652234 0.05638425661926547 0.3421998174098971 0.06013495691254037 0.5849784760227483 0.05139929021098025
J2014.3-0047 PowerLaw bll "" 23.69858 0.42449328 0.16843612 4.177709147632939e-09 "" "" "" "" "" "" "" "" "" "" "" "" "" "" "" ""
J2015.3-1432 PowerLaw bll "" 32.03896 0.7460169 0.3390136 1.4097853612504766e-09 "" "" "" "" "" "" "" "" "" "" "" "" "" "" "" ""
J2015.5+3710 LogParabola FSRQ LSP 171.03093 0.41316643 0.094407104 1.1508828286323063e-07 0.3070648400423942 0.01764689979434004 0.554134315885954 0.015922944391312463 0.4032177133687804 0.019338743461479423 0.634994262469182 0.015227494644030727 0.6344894122198872 0.02352058742299298 0.7965484368322413 0.01476406602248256 0.8724001305559578 0.028191241552563133 0.9340236241958539 0.015091289354075136
J2016.3-0903 LogParabola bll ISP 34.91145 0.27943447 0.08698867 7.0503280460241785e-09 "" "" "" "" "" "" "" "" -0.05695087637237092 0.024522894755219158 0.0 0.1 -0.05837513973133961 0.0300781349408836 0.0 0.1
J2022.3-4513 LogParabola bll ISP 64.106995 0.41528335 0.10698478 9.282431414774794e-09 "" "" "" "" "" "" "" "" 0.02596969442445046 0.0347004276992032 0.16115115396561844 0.10766422344889487 0.06901936303805102 0.04258963924318464 0.26271536505893794 0.08105662041051541
J2022.5+7612 LogParabola bll LSP 123.385056 0.42866638 0.10020196 1.776947125154994e-08 "" "" "" "" 0.033286012160149966 0.022942506730513543 0.182444545438196 0.06287528814690005 0.16811121256852513 0.029149055124942515 0.4100136736360449 0.03554644271548994 0.27587903981759637 0.034430107757474536 0.5252418869602807 0.032775477939060646
J2023.6-1139 LogParabola fsrq LSP 28.137163 0.22320075 0.07734993 8.906657568545663e-09 "" "" "" "" "" "" "" "" -0.053987334424063955 0.020535963182092352 0.0 0.1 -0.011010786742044452 0.034624145595723174 0.0 0.1
J2024.6-3252 LogParabola fsrq LSP 103.30381 0.57629925 0.13716458 1.795931617538923e-08 "" "" "" "" "" "" "" "" 0.15098712366437284 0.04227881047571611 0.38857061605887394 0.05440299488486062 0.31157889733703664 0.057548675664093205 0.5581925271239634 0.0515491276465197
J2024.8-6459 PowerLaw bcu LSP 62.805355 1.0214155 0.26122522 3.893911063552902e-09 "" "" "" "" "" "" "" "" "" "" "" "" "" "" "" ""
J2025.2+0317 LogParabola fsrq LSP 107.732574 0.63377184 0.14862527 9.818310622662221e-09 "" "" "" "" "" "" "" "" 0.056802580630809764 0.04326543783410688 0.23833291973793666 0.0907668103123987 0.15193199111842312 0.05551360341478179 0.3897845444837739 0.07121062674291428
J2025.3+3341 LogParabola bll LSP 132.53114 0.6118398 0.14161 5.407160338992571e-08 "" "" "" "" "" "" "" "" 0.35803933470558413 0.0428660050221887 0.5983638815182482 0.035819345340015664 0.7293205379306834 0.05989582157008598 0.8540026568639487 0.035067702125210126
J2025.6-0735 LogParabola fsrq LSP 3653.9766 0.7013914 0.14995778 1.463511575046193e-07 0.8999149012276693 0.017819362019981532 0.9486384459991432 0.00939207244611169 1.0974925082140086 0.01971773922782215 1.0476127663473793 0.009410795601780554 1.258614478684696 0.02088406200136868 1.1218798860326786 0.009307619408001563 1.505316735786209 0.02322707188271011 1.2269134997163447 0.009465651770919495
J2026.0-2845 PowerLaw fsrq LSP 21.802322 0.34520262 0.20723392 6.069402968839642e-09 "" "" "" "" "" "" "" "" "" "" "" "" "" "" "" ""
J2029.5+4925 LogParabola bll LSP 149.17583 0.68127877 0.15564959 1.516512434394305e-08 "" "" "" "" "" "" "" "" 0.1715790890137629 0.04523204902827114 0.41422106297696026 0.05459892442841206 0.25417088118779935 0.04796536779727805 0.5041536285576048 0.047570189997945746
J2030.2-0620 PowerLaw fsrq LSP 73.886986 1.4283736 0.35305628 4.577470399244694e-09 "" "" "" "" "" "" "" "" "" "" "" "" "" "" "" ""
J2031.2-4121 LogParabola bcu "" 155.78067 1.9807259 0.44498783 2.0265258424547963e-09 "" "" "" "" "" "" "" "" "" "" "" "" "" "" "" ""
J2032.0+1219 PowerLaw bll LSP 40.573277 0.5672959 0.16952275 1.283119179570387e-08 "" "" "" "" "" "" "" "" -0.033140249540465516 0.02936258583907159 0.0 0.1 -0.09359570805341537 0.03755405978353148 0.0 0.1
J2034.6+1154 LogParabola fsrq LSP 229.93904 1.0000895 0.22249903 2.0645867057284943e-08 "" "" "" "" "" "" "" "" 1.3256338975231439 0.10538578593282019 1.151361757886349 0.045765714038603154 1.5345660068240525 0.10987269977811727 1.238776011563048 0.04434728262112672
J2035.4+1056 LogParabola fsrq LSP 3105.0142 1.3221852 0.2825995 7.825227497610405e-08 "" "" "" "" 1.1231795204142179 0.033115824484690866 1.0598016420133618 0.015623595572931442 1.822895310598923 0.042560647761258584 1.350146403394433 0.01576149358849378 3.1527333395534844 0.05899143315959438 1.775593799142553 0.01661174790880712
J2036.4+6553 LogParabola bll ISP 40.068756 0.41660285 0.12460849 2.4576944938162143e-09 "" "" "" "" "" "" "" "" 0.030879539374549635 0.057520544340934746 0.17572575045948627 0.1636656670707921 -0.04598682566982286 0.04806453148378311 0.0 0.1
J2038.7+5117 LogParabola fsrq LSP 126.31823 0.5854015 0.13729198 2.7960176477736912e-08 "" "" "" "" "" "" "" "" 0.07002354959143363 0.031706563872040606 0.2646196319085824 0.05990969687954636 0.17930183329627414 0.04501939798227514 0.42344047196303064 0.05315906362654636
J2039.0-1046 LogParabola bll LSP 56.942257 0.26170176 0.06782196 1.625531307437487e-08 "" "" "" "" -0.10970134748932818 0.0057443533227463485 0.0 0.1 0.012717209916303764 0.020393510867510817 0.11277060750170571 0.09042032901703732 0.10019125239463184 0.030876924437007 0.31653001815725446 0.04877408565665187
J2040.5-1705 PowerLaw bcu LSP 64.58422 0.6523402 0.16620848 1.2820242112639456e-08 "" "" "" "" "" "" "" "" "" "" "" "" "" "" "" ""
J2044.0+1036 LogParabola bcu ISP 38.959812 1.1432391 0.31349593 1.7315342288008981e-10 "" "" "" "" "" "" "" "" "" "" "" "" "" "" "" ""
J2046.8-4258 LogParabola bll "" 31.1263 0.67723626 0.24376865 1.0381157386078662e-09 "" "" "" "" "" "" "" "" "" "" "" "" "" "" "" ""
J2049.9+1002 LogParabola bll LSP 59.07644 0.35726246 0.09276069 2.093538074468378e-08 "" "" "" "" -0.01862946109081315 0.019821615270558122 0.0 0.1 0.08369334670849286 0.024583624365069064 0.28929802403143523 0.04248840697646417 0.21624564413394773 0.03441321937075781 0.4650221974636778 0.03700169535825843
J2050.4-2627 LogParabola fsrq LSP 119.702965 0.97783846 0.22814667 4.8396536157872385e-09 "" "" "" "" "" "" "" "" "" "" "" "" "" "" "" ""
J2052.2-5533 LogParabola bcu "" 931.71045 1.1344237 0.2442045 2.3215126037618318e-08 "" "" "" "" "" "" "" "" 0.5941152776701762 0.037275617455138625 0.7707887373789113 0.02418017781493241 1.2473805238288873 0.05435704913392147 1.1168619090240688 0.024334722446313663
J2053.8+2922 LogParabola bll HSP 25.769453 0.29293802 0.10784687 1.2823428861605237e-09 "" "" "" "" "" "" "" "" -0.09280308695793946 0.03149389684161422 0.0 0.1 -0.10627828468222154 0.04432371308704211 0.0 0.1
J2056.2-4714 LogParabola fsrq LSP 2659.6853 0.5755847 0.1232019 1.4490174271529002e-07 0.3926618332416976 0.012201491190229187 0.6266273479841887 0.009735843184534182 0.5132508896267376 0.01362898068643717 0.7164153052711378 0.009511927359842685 0.6235682989555659 0.014570217670217725 0.7896634086467258 0.009225587453258867 0.7911047838808766 0.016611789262009215 0.8894407140899705 0.009338334190719803
J2056.5-0202 LogParabola bcu LSP 60.9269 0.7643423 0.19429749 9.201018424608779e-09 "" "" "" "" "" "" "" "" "" "" "" "" "" "" "" ""
J2056.7+4939 PowerLaw bcu HSP 23.76347 0.18692802 0.07745136 1.3421572040985104e-08 "" "" "" "" "" "" "" "" -0.07695378512889225 0.012190925007570541 0.0 0.1 0.21577564345799347 0.4568048952685614 0.4645165696269547 0.49169924727918063
J2100.0+2103 LogParabola bcu LSP 17.643887 0.42409894 0.25302142 3.395683814149783e-09 "" "" "" "" "" "" "" "" "" "" "" "" "" "" "" ""
J2101.4-2935 LogParabola fsrq "" 38.849796 0.6171126 0.18136472 1.1931368574443209e-08 "" "" "" "" "" "" "" "" "" "" "" "" "" "" "" ""
J2103.8-6233 LogParabola bll ISP 69.564735 0.2587856 0.06543532 1.2479523112638094e-08 "" "" "" "" -0.09490452069232351 0.011837531300598005 0.0 0.1 0.028222957492504235 0.02050526552884247 0.16799689727046818 0.06102870309512273 0.10548446602446061 0.02840041160331346 0.32478372192038907 0.04372203667626385
J2104.0-3546 PowerLaw bcu LSP 146.71114 0.88831013 0.20371561 1.1551314099092751e-08 "" "" "" "" "" "" "" "" 0.2666023969168145 0.04965524225061858 0.5163355468266876 0.04808427635458322 0.45778328961319487 0.06407524248121575 0.6765968442234969 0.047351124253877025
J2106.9+2455 LogParabola bcu LSP 28.517714 0.77248204 0.28834632 3.0712439904707345e-09 "" "" "" "" "" "" "" "" "" "" "" "" "" "" "" ""
J2108.2-2454 PowerLaw bcu "" 40.973274 0.5444237 0.15618192 1.037360137227691e-08 "" "" "" "" "" "" "" "" "" "" "" "" "" "" "" ""
J2108.5+1434 LogParabola fsrq LSP 60.976597 0.67924374 0.17460108 1.1929109140799975e-08 "" "" "" "" "" "" "" "" -0.05318573194417498 "" 0.0 0.1 -0.035579399103876815 0.037853393769336885 0.0 0.1
J2110.3+0808 PowerLaw fsrq LSP 121.76042 0.9536609 0.22249347 1.2488704798177518e-08 "" "" "" "" "" "" "" "" "" "" "" "" "" "" "" ""
J2112.7+0819 LogParabola bll HSP 21.927176 0.39412564 0.15769503 1.3093067112334333e-09 "" "" "" "" "" "" "" "" "" "" "" "" "" "" "" ""
J2114.8+2831 LogParabola fsrq LSP 31.778149 0.46195024 0.1868953 6.2507916225672546e-09 "" "" "" "" "" "" "" "" "" "" "" "" "" "" "" ""
J2114.8+2026 LogParabola agn "" 14.6827 0.0 10.0 7.246438693996584e-11 "" "" "" "" "" "" "" "" "" "" "" "" "" "" "" ""
J2115.4+2932 LogParabola fsrq LSP 900.98346 0.6645908 0.14334932 6.270046425637618e-08 "" "" "" "" 0.26849812063373607 0.023162286150250476 0.5181680428526407 0.022350168511682502 0.5888253456263315 0.0312304474318509 0.7673495589536307 0.020349557165600777 0.9111496046053877 0.03887345332495891 0.9545415677723982 0.020362367987639032
J2116.2+3339 LogParabola bll ISP 157.5034 0.35168135 0.080436185 1.534373808395676e-08 "" "" "" "" 0.006023070303620585 0.021986956346795372 0.07760844221874696 0.1416531225096813 0.14748208774503568 0.024903570975470437 0.38403396691573477 0.03242365665656707 0.2252795984978245 0.029663953084166052 0.4746362802165723 0.031249142048971328
J2118.0+0019 LogParabola fsrq LSP 33.286346 0.83330876 0.29090345 2.5413278870996813e-09 "" "" "" "" "" "" "" "" "" "" "" "" "" "" "" ""
J2118.2+5752 LogParabola bcu "" 91.76686 1.1361084 0.28017485 6.58489956516397e-09 "" "" "" "" "" "" "" "" "" "" "" "" "" "" "" ""
J2119.6-1105 PowerLaw fsrq LSP 140.02824 1.1041869 0.2531466 7.641410285807391e-09 "" "" "" "" "" "" "" "" "" "" "" "" "" "" "" ""
J2120.6-1254 PowerLaw bcu "" 39.39587 0.8687462 0.25871363 4.394907182784523e-09 "" "" "" "" "" "" "" "" "" "" "" "" "" "" "" ""
J2121.0+1901 LogParabola fsrq LSP 50.75513 0.1911149 0.05271211 2.7481742528716974e-08 "" "" "" "" -0.0764157012048464 0.008167577570312421 0.0 0.1 -0.004732169546939273 0.011813391154931366 0.0 0.1 0.03112495247968013 0.016345005625719108 0.17642265296633572 0.04632343225458127
J2123.6+0535 PowerLaw fsrq LSP 59.78686 0.6076014 0.1572916 1.1968645201312008e-08 "" "" "" "" "" "" "" "" "" "" "" "" "" "" "" ""
J2126.3-4605 LogParabola FSRQ LSP 602.94507 1.265639 0.2739464 2.402880243474581e-08 "" "" "" "" "" "" "" "" 0.47082680040816094 0.043869760093353284 0.6861682012510933 0.03196720571819371 0.8881382826663181 0.060130353125760636 0.9424108884485143 0.03190240788959521
J2127.7+3612 LogParabola bll HSP 69.15436 0.45814914 0.115992576 4.761023697171883e-09 "" "" "" "" "" "" "" "" -0.046927190107838156 0.034073679746546945 0.0 0.1 -0.06651819081909141 0.03733602306978839 0.0 0.1
J2130.4-4241 PowerLaw bcu "" 248.02509 2.6795886 0.59407014 4.2149651734832346e-09 "" "" "" "" "" "" "" "" "" "" "" "" "" "" "" ""
J2131.0-2746 LogParabola bll HSP 30.001215 0.30899346 0.1025154 2.3103704112396473e-09 "" "" "" "" "" "" "" "" -0.14817997129097665 "" 0.0 0.1 -0.16912491070660804 0.030260969601523715 0.0 0.1
J2131.5-0916 PowerLaw bll HSP 26.70575 0.26983976 0.10520243 6.603122170601747e-09 "" "" "" "" "" "" "" "" -0.11544109948306447 "" 0.0 0.1 -0.1789758102179629 0.01772813456837201 0.0 0.1
J2132.0-5418 PowerLaw bcu LSP 78.67538 0.8149733 0.20169853 6.4957037451007314e-09 "" "" "" "" "" "" "" "" "" "" "" "" "" "" "" ""
J2133.9+6646 PowerLaw bll HSP 65.7554 0.57635075 0.1467784 9.899876048008978e-09 "" "" "" "" "" "" "" "" -0.06722748575175612 0.017182630128217906 0.0 0.1 -0.13153890549958566 0.029664558817560808 0.0 0.1
J2134.2-0154 LogParabola bll LSP 115.04185 0.5300528 0.12328252 1.660230093355142e-08 "" "" "" "" "" "" "" "" 0.3858795116805235 0.05444345396281315 0.6211920087062642 0.043821759777786504 0.5534162177940649 0.06257702122718349 0.7439194968503413 0.04205900066615171
J2134.5-2130 LogParabola bll ISP 62.368122 0.53430694 0.13613845 4.676318807661549e-09 "" "" "" "" "" "" "" "" -0.044528450059007275 0.040615060829592244 0.0 0.1 -0.11070059793907207 0.0366348274293082 0.0 0.1
J2135.3-5006 LogParabola fsrq LSP 102.499596 0.44129235 0.10559525 1.8203916736172364e-08 "" "" "" "" "" "" "" "" 0.06853269086791418 0.025447594821283934 0.26178749180950983 0.04860353457949191 0.14105849962696757 0.03270737002284636 0.3755775547433147 0.043542764483356755
J2136.2+0032 LogParabola fsrq "" 221.2667 0.9970898 0.22264 2.014720761771455e-08 "" "" "" "" "" "" "" "" "" "" "" "" "" "" "" ""
J2136.5+4259 LogParabola bcu LSP 226.10663 1.5106788 0.33645412 1.5029911361115346e-08 "" "" "" "" "" "" "" "" "" "" "" "" "" "" "" ""
J2139.4-4235 LogParabola bll ISP 850.6859 0.4973295 0.10732325 4.8352355885846617e-08 0.0882064928479977 0.012112583349803635 0.29699577917539116 0.020391844260268993 0.1925852695975665 0.014005816053590496 0.4388453823359276 0.015957574828563782 0.29972941927174945 0.015520717158374591 0.547475496503496 0.014174805317771405 0.3470661980084323 0.016653702993882715 0.5891232451774691 0.014134311564014004
J2140.5-6731 LogParabola bcu "" 43.294197 1.1376604 0.29807597 3.591090224909394e-09 "" "" "" "" "" "" "" "" "" "" "" "" "" "" "" ""
J2141.7-6410 LogParabola bcu LSP 2109.9617 1.09208 0.23384175 4.0787664669863724e-08 "" "" "" "" "" "" "" "" 0.7723953164403379 0.03201038785949656 0.878860237148284 0.018211307387943458 1.550100738213425 0.04612847968306177 1.2450304165816293 0.018525041263535026
