4LAC_variability_analysis/resulting_catalogs/df_filtered_4lac_luana_dr3.ecsv
# %ECSV 1.0
# ---
# datatype:
# - {name: Source_Name, datatype: string}
# - {name: SpectrumType, datatype: string}
# - {name: CLASS, datatype: string}
# - {name: SED_class, datatype: string}
# - {name: Variability_Index, datatype: float32}
# - {name: Frac_Variability, datatype: float32}
# - {name: Unc_Frac_Variability, datatype: float32}
# - {name: Spectrum_Flux_Estimated, datatype: float64}
# - {name: Bright_Ratio_x, datatype: float64}
# - {name: Norm_Excess_Var(3_days), datatype: float64}
# - {name: Unc_Norm_Excess_Var(3_days), datatype: float64}
# - {name: Frac_Variability(3_days), datatype: float64}
# - {name: Unc_Frac_Variability(3_days), datatype: float64}
# - {name: Bright_Ratio_y, datatype: float64}
# - {name: Norm_Excess_Var(weekly), datatype: float64}
# - {name: Unc_Norm_Excess_Var(weekly), datatype: float64}
# - {name: Frac_Variability(weekly), datatype: float64}
# - {name: Unc_Frac_Variability(weekly), datatype: float64}
# - {name: Bright_Ratio, datatype: float64}
# - {name: Norm_Excess_Var(monthly), datatype: float64}
# - {name: Unc_Norm_Excess_Var(monthly), datatype: float64}
# - {name: Frac_Variability(monthly), datatype: float64}
# - {name: Unc_Frac_Variability(monthly), datatype: float64}
# schema: astropy-2.0
Source_Name SpectrumType CLASS SED_class Variability_Index Frac_Variability Unc_Frac_Variability Spectrum_Flux_Estimated Bright_Ratio_x Norm_Excess_Var(3_days) Unc_Norm_Excess_Var(3_days) Frac_Variability(3_days) Unc_Frac_Variability(3_days) Bright_Ratio_y Norm_Excess_Var(weekly) Unc_Norm_Excess_Var(weekly) Frac_Variability(weekly) Unc_Frac_Variability(weekly) Bright_Ratio Norm_Excess_Var(monthly) Unc_Norm_Excess_Var(monthly) Frac_Variability(monthly) Unc_Frac_Variability(monthly)
[from data line 767]
J1230.8+1223 LogParabola rdg ISP 23.805555 0.14289868 0.05742472 1.5578711993273904e-08 "" "" "" "" "" "" "" "" "" "" 0.19745222929936307 -0.020493917765223402 0.04351297164377793 0.0 0.1
J1231.7+2847 PowerLaw bll ISP 274.27725 0.5821918 0.12877387 1.7828822133411014e-08 "" "" "" "" "" "" "" "" "" "" 0.2702702702702703 0.5004354419747141 0.03859465201167543 0.707414618151699 0.052052229727627956
J1233.7-0144 PowerLaw bll ISP 38.01073 0.32665446 0.096742205 1.1002031922847933e-08 "" "" "" "" "" "" "" "" "" "" 0.7904761904761904 0.04467880683920494 0.20154590049293603 0.2113736190710774 0.44219337728463604
J1234.0-5735 LogParabola bcu ISP 27.216003 0.22174056 0.0808945 7.0230484154005115e-09 "" "" "" "" "" "" "" "" "" "" 0.5666666666666667 -0.5586425487313825 0.1361056862737825 0.0 0.1
J1238.1-4541 PowerLaw bll ISP 31.413645 0.39812475 0.1358387 6.733301830394197e-09 "" "" "" "" "" "" "" "" "" "" "" "" "" "" ""
J1238.3-1959 LogParabola bll LSP 39.53694 0.38658246 0.11456613 5.061966380069871e-09 "" "" "" "" "" "" "" "" "" "" "" "" "" "" ""
J1238.5-1201 LogParabola fsrq "" 172.5663 0.83713835 0.18966828 1.8381329541958692e-08 "" "" "" "" "" "" "" "" "" "" "" "" "" "" ""
J1239.5+0443 LogParabola fsrq LSP 2535.2659 0.81186295 0.17368503 1.000089687027714e-07 "" "" "" "" "" 0.5018656716417911 1.8439552495664593 0.014232254993228364 1.3579231383132329 0.019534966781448903 0.10588235294117647 1.600546344142411 0.00494559853808572 1.2651270071192107 0.016045671008810526
J1243.9-0218 LogParabola bcu LSP 67.28995 0.9497522 0.24205492 2.587909363532976e-09 "" "" "" "" "" "" "" "" "" "" "" "" "" "" ""
J1245.1+5709 PowerLaw bll ISP 24.829935 0.33258033 0.12477515 3.971680221344185e-09 "" "" "" "" "" "" "" "" "" "" "" "" "" "" ""
J1246.7-2548 LogParabola fsrq LSP 1138.02 0.4736994 0.10190972 1.1018026698933104e-07 0.7161290322580646 1.1216871438638096 0.024423322475546065 1.059097325019665 0.02308011865648979 0.3383333333333333 1.1383976688029613 0.010577306153494021 1.066957201017436 0.016972993502954704 0.062146892655367235 0.7861666622936316 0.002602831340933023 0.8866603985143532 0.011646567467235122
J1248.3+5820 LogParabola bll ISP 174.28874 0.19255705 0.043928735 3.4599943183069215e-08 0.3762962962962963 -0.2511857427205049 0.030187435850676982 0.0 0.1 0.07396449704142012 0.05257076877552838 0.012092070547914387 0.2292831628696891 0.0317056938393337 0.0053475935828877 0.07064900367247508 0.003858954644832107 0.26579880299293124 0.015801377767058155
J1248.9+4840 PowerLaw bcu LSP 55.18366 1.1149936 0.2889694 3.3352337632549727e-09 "" "" "" "" "" "" "" "" "" "" "" "" "" "" ""
J1249.3-0545 PowerLaw bcu "" 59.367165 0.6429484 0.16810212 6.0166313325440184e-09 "" "" "" "" "" "" "" "" "" "" "" "" "" "" ""
J1249.8+3707 PowerLaw bll "" 32.400585 0.55565405 0.17366794 2.0733940488252783e-09 "" "" "" "" "" "" "" "" "" "" "" "" "" "" ""
J1251.3-0201 LogParabola bcu LSP 97.576965 0.6372424 0.1573726 4.760567486273422e-09 "" "" "" "" "" "" "" "" "" "" "" "" "" "" ""
J1253.2+5301 LogParabola bll LSP 128.22119 0.22820066 0.052861217 2.981923633195028e-08 0.8118908382066277 -0.7552905184562785 0.06904453218390535 0.0 0.1 0.253125 0.06421081609129599 0.025138629102075597 0.2533985321411629 0.055268954474665226 0.010752688172043012 0.11464115872704572 0.006371327423062993 0.33858700318684076 0.02034031886373239
J1253.8+6242 LogParabola bll LSP 54.629204 0.52089995 0.13432968 2.747050351240335e-09 "" "" "" "" "" "" "" "" "" "" "" "" "" "" ""
J1254.2-2205 PowerLaw bcu "" 38.76472 0.5788836 0.17715351 5.021571095868452e-09 "" "" "" "" "" "" "" "" "" "" "" "" "" "" ""
J1254.5+2210 PowerLaw bll HSP 41.014915 0.45458236 0.12946926 5.023992598257708e-09 "" "" "" "" "" "" "" "" "" "" "" "" "" "" ""
J1254.9-7141 LogParabola bcu "" 161.45325 1.6035099 0.36385834 6.1767623593077746e-09 "" "" "" "" "" "" "" "" "" "" "" "" "" "" ""
J1254.9+1138 PowerLaw fsrq LSP 50.469635 0.6011941 0.16228232 1.3580264152979879e-08 "" "" "" "" "" "" "" "" "" "" "" "" "" "" ""
J1256.1-0547 LogParabola FSRQ LSP 29785.236 0.9545981 0.20356989 7.096399286811371e-07 0.10324483775811209 3.138557902231078 0.0023128059563804525 1.7715975565096826 0.006182524020536848 0.0280970625798212 2.481099685722501 0.0010386521395322412 1.5751506866717548 0.005095266211944874 0.0 1.6740780994047444 0.0002204389674691208 1.2938617002619501 0.0033638405037178364
J1257.2+3646 LogParabola bll ISP 43.13865 0.40161055 0.116549775 3.465600889408267e-09 "" "" "" "" "" "" "" "" "" "" "" "" "" "" ""
J1257.8+3228 LogParabola fsrq LSP 403.19357 0.84299105 0.18400578 1.614495128016495e-08 "" "" "" "" "" "" "" "" "" "" 0.6785714285714286 1.5568830764921822 0.050690441743599296 1.247751207770276 0.05482527501959842
J1258.6-1759 LogParabola fsrq LSP 250.5242 0.82127357 0.182019 1.4860188723429973e-08 "" "" "" "" "" "" "" "" "" "" "" "" "" "" ""
J1258.8-2219 LogParabola fsrq LSP 579.76953 0.92600363 0.20039906 3.41815617225504e-08 "" "" "" "" "" "" "" "" "" "" 0.6068376068376068 1.386655593511656 0.08409797206238462 1.1775634137963256 0.07460111609088162
J1259.1-2311 PowerLaw bll LSP 105.0388 0.67459804 0.16068257 9.21571528166861e-09 "" "" "" "" "" "" "" "" "" "" "" "" "" "" ""
J1259.7-3223 LogParabola bll LSP 130.7703 0.73782206 0.17058367 1.2624705809290846e-08 "" "" "" "" "" "" "" "" "" "" "" "" "" "" ""
J1300.4+1416 LogParabola fsrq LSP 55.930813 0.44091162 0.11611943 1.6757323141113197e-08 "" "" "" "" "" "" "" "" "" "" "" "" "" "" ""
J1301.6+3336 PowerLaw fsrq LSP 39.586395 0.629681 0.18601178 5.417819133266866e-09 "" "" "" "" "" "" "" "" "" "" "" "" "" "" ""
J1302.8+5748 PowerLaw bll LSP 41.866257 0.44242293 0.12738004 4.81714772284709e-09 "" "" "" "" "" "" "" "" "" "" "" "" "" "" ""
J1303.0+2434 LogParabola bll LSP 264.0485 0.5345164 0.11881581 1.992409835304492e-08 "" "" "" "" "" "" "" "" "" "" 0.7247706422018348 1.2237456996516456 0.06900887695847954 1.1062304007988777 0.06704421345284911
J1303.6-4622 LogParabola fsrq LSP 69.66454 0.8999967 0.2266229 3.1018158742538524e-09 "" "" "" "" "" "" "" "" "" "" "" "" "" "" ""
J1304.0+3704 PowerLaw bll LSP 24.188059 0.42741853 0.17891724 4.790971660492647e-09 "" "" "" "" "" "" "" "" "" "" "" "" "" "" ""
J1304.3-4353 LogParabola bll HSP 109.63452 0.3618383 0.08537886 1.1267843864416075e-08 "" "" "" "" "" "" "" "" "" "" 0.24503311258278146 0.14585247565409246 0.045103147195520346 0.38190637027168384 0.07545339622086963
J1304.6-0348 LogParabola fsrq LSP 33.063316 1.6615753 0.58328646 3.0669415597995457e-10 "" "" "" "" "" "" "" "" "" "" "" "" "" "" ""
J1307.6-4259 PowerLaw bll HSP 29.009914 0.18054658 0.06136651 1.4298508460920077e-08 "" "" "" "" "" "" "" "" "" "" 0.3333333333333333 -0.05560036011175209 0.07143373969375247 0.0 0.1
J1308.4-6706 LogParabola bcu LSP 133.70279 0.86048394 0.19981207 1.0555088705370504e-08 "" "" "" "" "" "" "" "" "" "" "" "" "" "" ""
J1308.5+3547 LogParabola fsrq LSP 326.32715 0.8273898 0.18181135 1.2705121893847733e-08 "" "" "" "" "" "" "" "" "" "" "" "" "" "" ""
J1309.4+4305 LogParabola bll ISP 37.28269 0.18465349 0.056750983 7.982481618060375e-09 "" "" "" "" "" "" "" "" "" "" 0.13253012048192772 -0.0058191227847142575 0.03922143812485206 0.0 0.1
J1310.5+3221 LogParabola fsrq LSP 897.96747 0.76263285 0.16440342 5.851141797881423e-08 "" "" "" "" "" 0.711453744493392 2.232971199708419 0.022814746818433103 1.4943129523993357 0.025219873591538905 0.19745222929936307 1.6198242900006812 0.005702304803653862 1.2727231788573197 0.017247049329067603
J1310.7-5553 LogParabola bcu HSP 75.72479 1.1295857 0.28269354 4.411747780555037e-09 "" "" "" "" "" "" "" "" "" "" "" "" "" "" ""
J1311.0+3233 LogParabola fsrq LSP 88.06266 0.8843892 0.21625602 5.1293533223838235e-09 "" "" "" "" "" "" "" "" "" "" "" "" "" "" ""
J1312.4-2156 LogParabola bll HSP 289.9716 0.6903063 0.15214363 1.2802665839677419e-08 "" "" "" "" "" "" "" "" "" "" 0.3925925925925926 0.43318837352102874 0.05543630879368023 0.6581704745132744 0.06766303086160959
J1312.6+4828 LogParabola bcu LSP 3892.9688 2.291977 0.4893227 2.283535747557497e-08 "" "" "" "" "" "" "" "" "" "" "" "" "" "" ""
J1312.8-0425 LogParabola fsrq LSP 544.1315 0.82578754 0.17955302 2.4317818624373606e-08 "" "" "" "" "" "" "" "" "" "" 0.5798319327731093 1.2290571494183802 0.042420755984534306 1.1086284992811524 0.050356605416517056
J1314.7+2348 LogParabola bll ISP 37.45344 0.23154698 0.068399355 9.694187197530212e-09 "" "" "" "" "" "" "" "" "" "" 0.36231884057971014 -0.1983011409871889 0.08340452603100917 0.0 0.1
J1315.1-5333 LogParabola bll LSP 277.10663 0.84847236 0.18729804 2.578537160309946e-08 "" "" "" "" "" 0.948905109489051 0.4810011677280327 0.06268853821862719 0.6935424772341149 0.05993854633152534 0.16770186335403728 0.6061437284694462 0.01289317077586512 0.7785523286648407 0.026996599026673843
J1315.9-0732 LogParabola bll HSP 70.68979 0.8358144 0.20572384 1.9565379651320816e-09 "" "" "" "" "" "" "" "" "" "" "" "" "" "" ""
J1316.1-3338 LogParabola fsrq LSP 677.63403 0.88829917 0.19193487 3.717341681624876e-08 "" "" "" "" "" "" "" "" "" "" 0.5284552845528455 2.2993145234466406 0.027214820240110942 1.51634907704217 0.038409703276883624
J1317.6+3428 PowerLaw fsrq LSP 142.31038 0.82928675 0.190344 1.2310193992813843e-08 "" "" "" "" "" "" "" "" "" "" "" "" "" "" ""
J1318.2+6754 LogParabola bcu LSP 88.06897 1.0520401 0.25693622 1.016472519954913e-09 "" "" "" "" "" "" "" "" "" "" "" "" "" "" ""
J1318.7-1234 LogParabola bcu LSP 18.834553 0.20927453 0.12303364 4.701337318177012e-09 "" "" "" "" "" "" "" "" "" "" "" "" "" "" ""
J1319.5-0045 PowerLaw bcu LSP 51.715122 0.6946251 0.19243106 5.969380209790375e-09 "" "" "" "" "" "" "" "" "" "" "" "" "" "" ""
J1319.8+7759 PowerLaw bll ISP 35.318623 0.4214771 0.12742528 3.5754518667148786e-09 "" "" "" "" "" "" "" "" "" "" "" "" "" "" ""
J1320.7+3314 PowerLaw fsrq ISP 49.919716 0.98437804 0.2706116 4.435214355169731e-09 "" "" "" "" "" "" "" "" "" "" "" "" "" "" ""
J1321.1+2216 LogParabola fsrq LSP 366.49 0.57659274 0.1259572 3.576802436646402e-08 "" "" "" "" "" "" "" "" "" "" 0.3333333333333333 1.2605119299202039 0.024199807806666203 1.1227252245853407 0.03681894518409756
J1322.0+8317 PowerLaw fsrq LSP 109.10944 1.1547818 0.2726449 4.533668862567769e-09 "" "" "" "" "" "" "" "" "" "" "" "" "" "" ""
J1322.2+0842 PowerLaw fsrq LSP 34.532482 0.6099185 0.19527215 3.5431358763104147e-09 "" "" "" "" "" "" "" "" "" "" "" "" "" "" ""
J1322.6-0936 LogParabola fsrq LSP 429.5244 1.0314845 0.22553174 1.9698650743550453e-08 "" "" "" "" "" "" "" "" "" "" "" "" "" "" ""
J1323.9+1405 LogParabola bll HSP 27.918558 0.42172167 0.14313927 1.6232657682218662e-09 "" "" "" "" "" "" "" "" "" "" "" "" "" "" ""
J1324.9+4748 PowerLaw fsrq "" 100.888916 0.8871819 0.2093646 1.0937235374619663e-08 "" "" "" "" "" "" "" "" "" "" "" "" "" "" ""
J1326.8-5256 LogParabola bll LSP 396.2782 0.68654746 0.15011697 3.017496312994655e-08 "" "" "" "" "" 0.8541666666666666 0.47843742686737384 0.06304308484085362 0.6916917137478039 0.060294308373323634 0.189873417721519 0.5853845006191596 0.016126514588743347 0.7651042416685191 0.030601283466269284
J1326.9+2210 LogParabola fsrq LSP 209.83745 0.5205173 0.116994835 2.741967697648343e-08 "" "" "" "" "" "" "" "" "" "" 0.5798319327731093 0.6552521736974036 0.05907615656234559 0.8094764812503225 0.0658421501749069
J1329.0-5607 LogParabola bll LSP 1066.732 0.8003936 0.17227289 6.966406520076799e-08 "" "" "" "" "" 0.916267942583732 0.7726807521247635 0.05157463753454416 0.879022611839288 0.04629193986684824 0.2064516129032258 0.8586596437750863 0.01111709661646732 0.9266388961052122 0.02464128001618802
J1330.2-7003 LogParabola bcu LSP 1092.9772 1.3560349 0.2914557 2.6418085267709864e-08 "" "" "" "" "" "" "" "" "" "" 0.4166666666666667 1.1491690927337839 0.02972945287812837 1.0719930469614922 0.04145004954766615
J1330.2+7002 PowerLaw bll HSP 32.79175 0.39738616 0.13034716 2.2827290873954493e-09 "" "" "" "" "" "" "" "" "" "" "" "" "" "" ""
J1330.7+2933 LogParabola bcu LSP 77.12215 1.3164562 0.3189778 1.9164927750583563e-09 "" "" "" "" "" "" "" "" "" "" "" "" "" "" ""
J1331.2-1325 LogParabola bll LSP 62.391518 0.82357085 0.21803075 7.039241865576304e-09 "" "" "" "" "" "" "" "" "" "" "" "" "" "" ""
J1332.0-0509 LogParabola fsrq LSP 2709.0525 1.2824053 0.2742118 6.872047597131998e-08 "" "" "" "" "" "" "" "" "" "" 0.6548672566371682 3.615947155776873 0.024352938580134417 1.90156439695764 0.035957212339182566
J1332.2+4722 PowerLaw fsrq LSP 55.804783 0.8086973 0.21338212 5.334526883732988e-09 "" "" "" "" "" "" "" "" "" "" "" "" "" "" ""
J1332.6-1256 LogParabola fsrq LSP 858.3483 0.75146556 0.16210663 6.511673599866888e-08 "" "" "" "" "" "" "" "" "" "" 0.5714285714285714 0.793410151248553 0.05163542670211339 0.8907357359220258 0.058991046743487006
J1333.2+2725 PowerLaw fsrq LSP 58.564056 0.53631264 0.13966562 7.413984741442056e-09 "" "" "" "" "" "" "" "" "" "" "" "" "" "" ""
J1333.7+5056 LogParabola fsrq LSP 379.9662 0.79219836 0.17339861 1.4509656800082998e-08 "" "" "" "" "" "" "" "" "" "" 0.7904761904761904 0.8185769462127578 0.09918262821372724 0.9047524226067359 0.08959381719066177
J1337.4+5502 PowerLaw fsrq LSP 30.917223 0.6289031 0.23061623 3.7036256960672995e-09 "" "" "" "" "" "" "" "" "" "" "" "" "" "" ""
J1337.6-1257 LogParabola fsrq LSP 329.70084 0.5757944 0.12657808 3.746790132874232e-08 "" "" "" "" "" "" "" "" "" "" 0.21428571428571427 0.6138820570667286 0.021375586278497855 0.7835062584732355 0.03580853889515201
J1337.9-1956 PowerLaw bcu LSP 29.140509 0.65593076 0.28080735 3.944160693152317e-09 "" "" "" "" "" "" "" "" "" "" "" "" "" "" ""
J1338.0+6534 PowerLaw fsrq LSP 34.597687 0.5610537 0.17579813 5.555192922524418e-09 "" "" "" "" "" "" "" "" "" "" "" "" "" "" ""
J1338.9+1153 PowerLaw bll ISP 36.735634 0.52926075 0.15922363 3.7075816948623893e-09 "" "" "" "" "" "" "" "" "" "" "" "" "" "" ""
J1339.0-2400 LogParabola bcu LSP 69.08666 0.5017968 0.12820046 1.0971968346456973e-08 "" "" "" "" "" "" "" "" "" "" "" "" "" "" ""
J1339.1-2620 PowerLaw fsrq LSP 42.04718 0.80908483 0.23723955 4.1575136838283605e-09 "" "" "" "" "" "" "" "" "" "" "" "" "" "" ""
J1339.9-0138 LogParabola fsrq LSP 57.57005 0.844716 0.2225491 1.933993323609271e-09 "" "" "" "" "" "" "" "" "" "" "" "" "" "" ""
J1340.4+6926 PowerLaw bcu LSP 172.14252 1.5393705 0.34654263 4.5131751920609215e-09 "" "" "" "" "" "" "" "" "" "" "" "" "" "" ""
J1341.8-2053 LogParabola fsrq LSP 123.35068 1.2320923 0.28372985 1.1609216688955797e-08 "" "" "" "" "" "" "" "" "" "" "" "" "" "" ""
J1344.2-1723 LogParabola fsrq LSP 520.5657 0.9155971 0.19917397 1.860401594155554e-08 "" "" "" "" "" "" "" "" "" "" 0.87 1.0470947582414605 0.08044912868897403 1.0232764818178226 0.07518480255698035
J1345.5+4453 LogParabola fsrq LSP 5241.823 0.6488844 0.13860855 1.4923928098499928e-07 0.5170731707317073 1.228244712130853 0.008672803748878488 1.1082620232286466 0.012536946379690146 0.3040650406504065 1.245133255724339 0.0037541186992186403 1.1158553919412404 0.009820292698738766 0.10588235294117647 1.1317272139427936 0.0014477355448983893 1.0638266841656085 0.008644243606562803
J1345.6-3356 PowerLaw bll ISP 69.2752 0.94453067 0.23229551 4.730813965392517e-09 "" "" "" "" "" "" "" "" "" "" "" "" "" "" ""
J1345.8+0706 PowerLaw fsrq LSP 231.4825 1.0401707 0.23070857 1.7033762968424107e-08 "" "" "" "" "" "" "" "" "" "" "" "" "" "" ""
J1347.6-3751 LogParabola fsrq LSP 68.56274 0.53609544 0.13831277 7.486940827005676e-09 "" "" "" "" "" "" "" "" "" "" "" "" "" "" ""
J1349.5-1131 LogParabola fsrq ISP 535.04156 1.3135654 0.28442165 2.0841474995624006e-08 "" "" "" "" "" "" "" "" "" "" "" "" "" "" ""
J1350.8+3033 PowerLaw fsrq LSP 262.44943 0.9966704 0.22050987 1.3262732418317597e-08 "" "" "" "" "" "" "" "" "" "" "" "" "" "" ""
