4LAC_variability_analysis/resulting_catalogs/df_filtered_4lac_luana_dr3.ecsv
# %ECSV 1.0
# ---
# datatype:
# - {name: Source_Name, datatype: string}
# - {name: SpectrumType, datatype: string}
# - {name: CLASS, datatype: string}
# - {name: SED_class, datatype: string}
# - {name: Variability_Index, datatype: float32}
# - {name: Frac_Variability, datatype: float32}
# - {name: Unc_Frac_Variability, datatype: float32}
# - {name: Spectrum_Flux_Estimated, datatype: float64}
# - {name: Bright_Ratio_x, datatype: float64}
# - {name: Norm_Excess_Var(3_days), datatype: float64}
# - {name: Unc_Norm_Excess_Var(3_days), datatype: float64}
# - {name: Frac_Variability(3_days), datatype: float64}
# - {name: Unc_Frac_Variability(3_days), datatype: float64}
# - {name: Bright_Ratio_y, datatype: float64}
# - {name: Norm_Excess_Var(weekly), datatype: float64}
# - {name: Unc_Norm_Excess_Var(weekly), datatype: float64}
# - {name: Frac_Variability(weekly), datatype: float64}
# - {name: Unc_Frac_Variability(weekly), datatype: float64}
# - {name: Bright_Ratio, datatype: float64}
# - {name: Norm_Excess_Var(monthly), datatype: float64}
# - {name: Unc_Norm_Excess_Var(monthly), datatype: float64}
# - {name: Frac_Variability(monthly), datatype: float64}
# - {name: Unc_Frac_Variability(monthly), datatype: float64}
# schema: astropy-2.0
Source_Name SpectrumType CLASS SED_class Variability_Index Frac_Variability Unc_Frac_Variability Spectrum_Flux_Estimated Bright_Ratio_x Norm_Excess_Var(3_days) Unc_Norm_Excess_Var(3_days) Frac_Variability(3_days) Unc_Frac_Variability(3_days) Bright_Ratio_y Norm_Excess_Var(weekly) Unc_Norm_Excess_Var(weekly) Frac_Variability(weekly) Unc_Frac_Variability(weekly) Bright_Ratio Norm_Excess_Var(monthly) Unc_Norm_Excess_Var(monthly) Frac_Variability(monthly) Unc_Frac_Variability(monthly)
[from data line 1328]
J2219.2-0342 PowerLaw fsrq LSP 83.26522 0.7523916 0.18274298 1.7039940008401147e-08 "" "" "" "" "" "" "" "" "" "" "" "" "" "" ""
J2221.5-5225 LogParabola bll HSP 36.946957 0.29125243 0.09173779 2.480553608878277e-09 "" "" "" "" "" "" "" "" "" "" 0.46153846153846156 -0.09846452158906532 0.024427899150482293 0.0 0.1
J2221.9-3504 PowerLaw fsrq "" 53.534813 0.79826677 0.21705979 4.240792085058304e-09 "" "" "" "" "" "" "" "" "" "" "" "" "" "" ""
J2222.8+1209 PowerLaw bcu LSP 32.817364 0.62331295 0.20322412 5.011743721310695e-09 "" "" "" "" "" "" "" "" "" "" "" "" "" "" ""
J2225.6+2120 LogParabola fsrq LSP 29.759079 0.48758468 0.15092276 1.1093581895594695e-08 "" "" "" "" "" "" "" "" "" "" "" "" "" "" ""
J2225.7-0457 LogParabola fsrq LSP 264.5927 0.8581082 0.19034292 2.0804229161579405e-08 "" "" "" "" "" "" "" "" "" "" 0.6966292134831461 0.05930962405189304 0.025002544894534965 0.24353567305816418 0.05133240765217084
J2228.6-1636 PowerLaw bll ISP 45.055733 0.8084753 0.23019418 2.786204383247322e-09 "" "" "" "" "" "" "" "" "" "" "" "" "" "" ""
J2229.7-0832 LogParabola FSRQ LSP 1000.52563 0.59595615 0.12845342 8.774570339726472e-08 0.9972862957937585 0.24835875894652046 0.016233511101898794 0.49835605639594716 0.01628706112181886 0.47072072072072074 0.35427715918411884 0.018443363548384665 0.5952118607555791 0.015493108222820129 0.09868421052631579 0.5262363334866627 0.02174909646806314 0.7254214867831409 0.014990661887138768
J2230.9-7815 PowerLaw fsrq LSP 46.90853 0.5981821 0.16613068 6.737322706126524e-09 "" "" "" "" "" "" "" "" "" "" "" "" "" "" ""
J2231.0-4416 PowerLaw fsrq LSP 285.18423 0.8863403 0.19584411 1.5725219733648466e-08 "" "" "" "" "" "" "" "" "" "" "" "" "" "" ""
J2232.6+1143 LogParabola FSRQ LSP 84340.76 1.4631274 0.31196892 6.99119446744094e-07 0.11147116007777058 3.2529208133690632 0.012689974396640647 1.8035855436793298 0.0035179851715691265 0.03913630229419703 3.6624865006056444 0.013234138385564718 1.9137623939783237 0.003457623168687527 0.0 3.5427358157886464 0.01295250185438356 1.8822156666515786 0.0034407592296332823
J2234.1-2656 LogParabola bll LSP 214.08388 0.67287993 0.1512826 1.0496828347407474e-08 "" "" "" "" "" "" "" "" "" "" 0.5698924731182796 0.20699685828975434 0.04451341928105262 0.4549690739926774 0.04891917036296082
J2235.1-0623 PowerLaw bcu LSP 32.347565 0.8163919 0.26110932 2.177656574198381e-09 "" "" "" "" "" "" "" "" "" "" "" "" "" "" ""
J2235.3-4836 LogParabola fsrq LSP 166.6503 0.5360898 0.12239588 1.938643632422902e-08 "" "" "" "" "" "" "" "" "" "" 0.6888888888888889 0.2458895600149356 0.036771825157724224 0.4958725239564455 0.03707790145774849
J2235.8-3627 LogParabola bll ISP 83.20732 0.40075642 0.098430924 1.1446630238994731e-08 "" "" "" "" "" "" "" "" "" "" 0.5098039215686274 0.01455836756627277 0.027112288500408498 0.12065806051098604 0.11235175000156701
J2236.3+2828 LogParabola fsrq LSP 877.71924 0.43792218 0.09454231 7.744537437369006e-08 0.5536609829488466 0.2557612188630056 0.013568213662325029 0.5057284042477797 0.01341452600680635 0.24338624338624337 0.40546901574139105 0.016235189349984278 0.6367644900129019 0.012748189954542946 0.029585798816568046 0.5349880480681793 0.021790537663288225 0.7314287716983653 0.014895871277179158
J2236.4-2309 LogParabola bcu LSP 41.111095 0.36326835 0.10802674 1.5002553255982864e-08 "" "" "" "" "" "" "" "" "" "" "" "" "" "" ""
J2236.5-1433 LogParabola BLL LSP 1812.4861 0.7768129 0.16642071 6.602012202725975e-08 0.7326732673267327 1.2275925112414903 0.027932644202418706 1.1079677392602594 0.012605350865661523 0.3041825095057034 1.4349287051285662 0.030691980022123637 1.1978850967970869 0.012810903192713581 0.03529411764705882 1.3900660520208454 0.03011059674941911 1.1790106242188174 0.01276943401988834
J2237.0-3921 PowerLaw fsrq LSP 188.44489 1.2458082 0.2798133 7.3214286267141775e-09 "" "" "" "" "" "" "" "" "" "" "" "" "" "" ""
J2243.4-2544 LogParabola bll LSP 41.999954 0.20412812 0.05994447 1.6957081284041858e-08 "" "" "" "" "" 0.9909365558912386 -0.09853428323711415 0.020241174132520582 0.0 0.1 0.1 0.0763269441597469 0.026451256002400805 0.2762733142374538 0.04787153633605424
J2243.8-2510 LogParabola bcu LSP 32.15573 0.8910093 0.3132659 1.555738606028187e-09 "" "" "" "" "" "" "" "" "" "" "" "" "" "" ""
J2243.9+2021 LogParabola bll HSP 129.26231 0.27767465 0.064156346 2.0478083459035123e-08 0.7464167585446527 -0.01298954858051449 0.01675976388946548 0.0 0.1 0.2314487632508834 0.13809750852387265 0.020290407746426594 0.3716147313063257 0.02730032751271775 0.022222222222222223 0.20198714796537703 0.019661010678897594 0.4494298031565965 0.021873283147676607
J2244.2+4057 LogParabola fsrq LSP 4666.583 1.2456656 0.26608893 5.8249312525766295e-08 "" "" "" "" "" "" "" "" "" "" 0.4953271028037383 1.3902146647761824 0.03504706404209839 1.1790736468839351 0.014862118297156857
J2245.9+1544 PowerLaw bll ISP 30.476234 0.31682953 0.13799877 4.628565392359814e-09 "" "" "" "" "" "" "" "" "" "" "" "" "" "" ""
J2248.7-3235 PowerLaw fsrq LSP 101.84926 0.6456214 0.1529195 1.6438109123307867e-08 "" "" "" "" "" "" "" "" "" "" 0.7710843373493976 0.3263516761794197 0.037357153674147596 0.5712719809157628 0.03269646938946942
J2249.4-1300 PowerLaw bll "" 279.31964 1.3004855 0.29775217 2.2917594587203983e-08 "" "" "" "" "" "" "" "" "" "" "" "" "" "" ""
J2250.0-1250 LogParabola bcu LSP 9594.897 1.5608294 0.3333469 1.3885638920285382e-07 "" "" "" "" "" "" "" "" "" "" "" "" "" "" ""
J2250.0+3825 PowerLaw bll HSP 38.074005 0.42078862 0.12692198 3.3062944340489782e-09 "" "" "" "" "" "" "" "" "" "" "" "" "" "" ""
J2250.4-4206 PowerLaw bll ISP 32.830795 0.4211423 0.1324952 4.161483891071606e-09 "" "" "" "" "" "" "" "" "" "" "" "" "" "" ""
J2250.7-2806 LogParabola bll LSP 742.793 0.9544878 0.20583293 2.401937127017074e-08 "" "" "" "" "" "" "" "" "" "" 0.6774193548387096 0.779998624526033 0.04597246266939257 0.8831753079236494 0.026026804790021875
J2251.2+5550 LogParabola bcu "" 34.235767 1.0714153 0.31538463 4.552703840298147e-10 "" "" "" "" "" "" "" "" "" "" "" "" "" "" ""
J2251.5-4928 LogParabola bll ISP 109.20144 0.83707297 0.19644675 1.873654432106215e-09 "" "" "" "" "" "" "" "" "" "" "" "" "" "" ""
J2252.0+4031 PowerLaw bll "" 21.603456 0.1897027 0.08005752 1.2187395750242033e-08 "" "" "" "" "" "" "" "" "" "" 0.2956521739130435 -0.03532158562094554 0.020783674118116765 0.0 0.1
J2253.2-1232 LogParabola bcu LSP 28.141129 0.47181478 0.16210587 9.40071354974267e-09 "" "" "" "" "" "" "" "" "" "" "" "" "" "" ""
J2253.9+1609 LogParabola FSRQ LSP 77426.66 0.96451724 0.20566168 1.6250900446069262e-06 0.049008168028004666 3.801748974828115 0.008342928207857408 1.9498074199335982 0.002139423648347161 0.03263707571801567 3.6128327246810414 0.0081561610752969 1.900745307683552 0.002145516561931397 0.005405405405405406 2.76259907791459 0.0069497292870636905 1.6621068190446096 0.002090638582139517
J2254.8-2725 PowerLaw bll ISP 55.015587 0.73137957 0.20858422 2.404991051792892e-09 "" "" "" "" "" "" "" "" "" "" "" "" "" "" ""
J2256.0-2740 PowerLaw fsrq LSP 25.510717 0.21640544 0.08190797 3.292615253321416e-08 "" "" "" "" "" "" "" "" "" "" 0.20155038759689922 0.10355095689143108 0.027361077103702076 0.3217933450079897 0.042513429081360805
J2258.1-2759 LogParabola fsrq LSP 1454.335 0.84668106 0.1816638 6.40036466120264e-08 "" "" "" "" "" 0.5776255707762558 0.9928392938416952 0.032543798690068654 0.9964132144053968 0.016330473251244947 0.19047619047619047 1.254468707496843 0.03578954117599893 1.1200306725696592 0.015977036188610738
J2258.5-8247 LogParabola bcu ISP 37.328026 0.5026736 0.15279397 2.9829967538357994e-09 "" "" "" "" "" "" "" "" "" "" "" "" "" "" ""
J2259.8-1552 LogParabola bcu LSP 57.7108 0.6802422 0.17836547 3.5979724113724137e-09 "" "" "" "" "" "" "" "" "" "" "" "" "" "" ""
J2300.7-2645 PowerLaw fsrq LSP 54.11468 1.0634604 0.29223844 4.06678697534655e-09 "" "" "" "" "" "" "" "" "" "" "" "" "" "" ""
J2301.0-0158 LogParabola fsrq LSP 601.0875 0.9494157 0.20575298 2.4227844971111062e-08 "" "" "" "" "" "" "" "" "" "" 0.4563106796116505 0.8488858050282461 0.04221965960774962 0.9213499905183947 0.022911846769540237
J2304.3+0618 LogParabola bcu LSP 33.979588 0.66202164 0.21572922 3.976664815767596e-09 "" "" "" "" "" "" "" "" "" "" "" "" "" "" ""
J2304.6+3704 PowerLaw bll HSP 39.507015 0.39735016 0.11589052 4.6978355934880204e-09 "" "" "" "" "" "" "" "" "" "" "" "" "" "" ""
J2307.6+1451 LogParabola bll LSP 72.75111 0.90938485 0.23394805 2.2174417244927136e-09 "" "" "" "" "" "" "" "" "" "" "" "" "" "" ""
J2311.0+0205 LogParabola bll LSP 167.08553 0.90765697 0.20547672 6.945429808765587e-09 "" "" "" "" "" "" "" "" "" "" "" "" "" "" ""
J2311.0+3425 LogParabola FSRQ LSP 2396.9778 0.89476496 0.19153967 6.955055231365772e-08 "" "" "" "" "" 0.5495283018867925 0.9235699027751397 0.02655406662819976 0.9610254433547218 0.013815485745884905 0.08974358974358974 1.3254924963478087 0.031877806728504876 1.1513003501900834 0.01384426171817013
J2311.7+2604 PowerLaw bcu LSP 66.74571 0.94921553 0.23703669 6.317715568763338e-09 "" "" "" "" "" "" "" "" "" "" "" "" "" "" ""
J2312.5+7241 LogParabola bcu LSP 46.005188 0.9207268 0.2571478 4.0389928443829995e-09 "" "" "" "" "" "" "" "" "" "" "" "" "" "" ""
J2313.5+3945 LogParabola bcu "" 131.37738 0.8338393 0.19352068 1.3483105633055358e-08 "" "" "" "" "" "" "" "" "" "" "" "" "" "" ""
J2315.6-5018 PowerLaw bll LSP 57.949837 0.7446451 0.19546674 5.472269022059793e-09 "" "" "" "" "" "" "" "" "" "" "" "" "" "" ""
J2317.4-4533 LogParabola bll HSP 31.65723 0.39042708 0.12647475 2.2912412052004506e-09 "" "" "" "" "" "" "" "" "" "" 0.9726027397260274 -0.07769596449073381 0.03791379714985307 0.0 0.1
J2318.2+1915 PowerLaw bcu LSP 62.7204 0.6096147 0.15411347 1.5446609353265815e-08 "" "" "" "" "" "" "" "" "" "" "" "" "" "" ""
J2320.8-0823 LogParabola fsrq LSP 23.201485 0.6960523 0.31758127 1.6078911507033832e-09 "" "" "" "" "" "" "" "" "" "" "" "" "" "" ""
J2321.5-1619 LogParabola bll "" 39.59995 0.71682644 0.20341101 6.57649773976896e-10 "" "" "" "" "" "" "" "" "" "" "" "" "" "" ""
J2321.7-6438 PowerLaw bll ISP 183.44705 0.8844304 0.19934168 6.344707752038043e-09 "" "" "" "" "" "" "" "" "" "" "" "" "" "" ""
J2321.9+3204 LogParabola fsrq LSP 1199.3973 0.9342143 0.20085001 3.490938176946417e-08 "" "" "" "" "" "" "" "" "" "" 0.48598130841121495 1.42560033486388 0.05556080094715325 1.1939850647574617 0.02326695809986514
J2322.6-0735 PowerLaw bcu LSP 61.518944 0.7944486 0.20569055 6.6528623560039036e-09 "" "" "" "" "" "" "" "" "" "" "" "" "" "" ""
J2322.8-4916 LogParabola bll HSP 35.560608 0.37331602 0.11807116 1.7270519354736639e-09 "" "" "" "" "" "" "" "" "" "" 0.8987341772151899 -0.06510153603425681 0.04951729331179202 0.0 0.1
J2323.5-0317 LogParabola fsrq LSP 874.44104 0.6045611 0.13038619 5.801155707048866e-08 "" "" "" "" "" 0.4608501118568233 0.7752917937880701 0.02909240287010625 0.8805065552215214 0.016520264782575678 0.047058823529411764 0.9244808611801922 0.031816606626096075 0.9614992777845401 0.016545309685206948
J2323.6-0617 LogParabola fsrq LSP 189.80086 1.1106684 0.24885307 9.374561759115034e-09 "" "" "" "" "" "" "" "" "" "" "" "" "" "" ""
J2323.8+4210 LogParabola bll HSP 46.59272 0.21537288 0.06121569 1.0203897657526847e-08 "" "" "" "" "" 0.8959537572254336 -0.14895251964870593 0.010768012923063574 0.0 0.1 0.08588957055214724 0.057878027729635614 0.023786326743025017 0.24057852715825578 0.049435681197304134
J2324.7-4041 LogParabola bll HSP 71.20445 0.46095696 0.114633426 3.2995735415206844e-09 "" "" "" "" "" "" "" "" "" "" 0.4954954954954955 -0.03323081862127215 0.03411757729258225 0.0 0.1
J2324.7+0801 PowerLaw bll ISP 25.900467 0.2849192 0.10450956 1.097136734048141e-08 "" "" "" "" "" "" "" "" "" "" "" "" "" "" ""
J2325.2+3957 LogParabola bll LSP 86.03061 0.37754604 0.0915306 1.2164535552856787e-08 "" "" "" "" "" "" "" "" "" "" 0.2677165354330709 0.11948328319787276 0.03218493050034817 0.3456635404520887 0.046555286765642016
J2325.4-4800 PowerLaw bll ISP 133.19888 0.5536882 0.12714717 1.5156065814588678e-08 "" "" "" "" "" "" "" "" "" "" 0.2 0.1919156878738123 0.032362951990815673 0.4380818278287885 0.036937108474930605
J2325.4-3559 LogParabola fsrq LSP 186.2541 0.42513633 0.096380375 2.2149571317797807e-08 "" "" "" "" "" "" "" "" "" "" 0.22627737226277372 0.22061288153685407 0.026373200730482566 0.4696944555100199 0.028074847830431703
J2325.7+1821 PowerLaw bcu LSP 31.614277 0.4398938 0.14587417 7.525367970012156e-09 "" "" "" "" "" "" "" "" "" "" "" "" "" "" ""
J2326.2+0113 PowerLaw bcu LSP 57.76949 1.048492 0.27279612 3.2999885270830565e-09 "" "" "" "" "" "" "" "" "" "" "" "" "" "" ""
J2327.5-3259 LogParabola bcu "" 13.567044 0.23040614 0.20679049 3.0481136012574564e-09 "" "" "" "" "" "" "" "" "" "" "" "" "" "" ""
J2327.5+0939 LogParabola fsrq LSP 434.73053 0.7418971 0.16231701 4.5613027976802476e-08 "" "" "" "" "" "" "" "" "" "" 0.6019417475728155 0.4364491510314781 0.039755197956939166 0.6606429830335581 0.030088261722231717
J2328.3-4036 LogParabola fsrq LSP 347.1513 0.6122974 0.13438825 3.410642742585484e-08 "" "" "" "" "" "" "" "" "" "" 0.41228070175438597 0.740215801053846 0.0480492853203189 0.860357949375634 0.02792400846367986
J2329.3-4955 LogParabola FSRQ LSP 16384.979 1.1942681 0.25476465 1.6372106279411433e-07 0.7750826901874311 0.9406335364023292 0.015472489098264574 0.9698626379041153 0.007976639419629982 0.4490644490644491 1.209843587724593 0.017709147620444045 1.0999289012134343 0.008050132877182984 0.12162162162162163 1.693991950635346 0.01993563571980177 1.301534460026067 0.007658512445149744
J2329.3-4733 PowerLaw fsrq LSP 53.506725 0.6718626 0.17639126 7.478565191412284e-09 "" "" "" "" "" "" "" "" "" "" "" "" "" "" ""
J2330.2+7759 LogParabola bcu "" 43.30219 0.6050684 0.16876575 4.1736630631447015e-09 "" "" "" "" "" "" "" "" "" "" "" "" "" "" ""
J2330.5+1102 LogParabola fsrq LSP 37.64403 0.6282046 0.1890057 7.651982504038922e-09 "" "" "" "" "" "" "" "" "" "" "" "" "" "" ""
J2331.0-2147 LogParabola fsrq LSP 289.81918 0.80587757 0.1775244 2.0398081448726366e-08 "" "" "" "" "" "" "" "" "" "" 0.3050847457627119 0.30771169394907044 0.03515143458174393 0.5547176704856899 0.03168407683044121
J2331.3-1558 PowerLaw fsrq LSP 30.641829 0.6942764 0.24623562 4.4404189128924535e-09 "" "" "" "" "" "" "" "" "" "" "" "" "" "" ""
J2334.2+0736 PowerLaw fsrq LSP 96.52104 1.1484858 0.27714655 6.915200369669419e-09 "" "" "" "" "" "" "" "" "" "" "" "" "" "" ""
J2334.8+1432 LogParabola bll LSP 121.71188 0.84284323 0.19459839 4.042547475885133e-09 "" "" "" "" "" "" "" "" "" "" 0.8135593220338984 0.007318340125352607 0.04909096823094385 0.08554729759234132 0.28692296315938076
J2335.4-0128 LogParabola fsrq LSP 64.27955 1.0207074 0.2507459 6.113230135464708e-09 "" "" "" "" "" "" "" "" "" "" "" "" "" "" ""
J2336.5-7622 PowerLaw bll "" 22.989252 0.40682313 0.16637242 4.084645175995161e-09 "" "" "" "" "" "" "" "" "" "" "" "" "" "" ""
J2336.6-4115 LogParabola fsrq LSP 161.60208 0.734942 0.16730464 1.1694108859410555e-08 "" "" "" "" "" "" "" "" "" "" "" "" "" "" ""
J2338.0-0230 PowerLaw fsrq LSP 136.03596 0.57845163 0.13412176 2.4540236942974496e-08 "" "" "" "" "" "" "" "" "" "" 0.6666666666666666 0.1781280197116662 0.040324911687478475 0.4220521528338248 0.04777242743191937
J2339.6+0242 LogParabola bcu LSP 29.759596 0.6149073 0.2007117 5.181185675502401e-09 "" "" "" "" "" "" "" "" "" "" "" "" "" "" ""
J2343.7-5624 PowerLaw bcu LSP 47.54724 1.025155 0.29347625 1.952217287779284e-09 "" "" "" "" "" "" "" "" "" "" "" "" "" "" ""
J2345.2-1555 LogParabola FSRQ LSP 3702.563 0.89033765 0.19032075 8.977744559241804e-08 "" "" "" "" "" 0.6433566433566433 1.0156170886814806 0.025590999063271887 1.0077782934165036 0.012696740558141496 0.25757575757575757 1.333665003920046 0.029824542021484053 1.1548441470259292 0.012912799574856578
