4LAC_variability_analysis/resulting_catalogs/df_filtered_4lac_luana_dr3.ecsv
# %ECSV 1.0
# ---
# datatype:
# - {name: Source_Name, datatype: string}
# - {name: SpectrumType, datatype: string}
# - {name: CLASS, datatype: string}
# - {name: SED_class, datatype: string}
# - {name: Variability_Index, datatype: float32}
# - {name: Frac_Variability, datatype: float32}
# - {name: Unc_Frac_Variability, datatype: float32}
# - {name: Spectrum_Flux_Estimated, datatype: float64}
# - {name: Norm_Excess_Var(3-days), datatype: float64}
# - {name: err_Norm_Excess_Var(3-days), datatype: float64}
# - {name: Fvar(3-days), datatype: float64}
# - {name: err_Fvar(3-days), datatype: float64}
# - {name: Norm_Excess_Var(weekly), datatype: float64}
# - {name: err_Norm_Excess_Var(weekly), datatype: float64}
# - {name: Fvar(weekly), datatype: float64}
# - {name: err_Fvar(weekly), datatype: float64}
# - {name: Norm_Excess_Var(monthly), datatype: float64}
# - {name: err_Norm_Excess_Var(monthly), datatype: float64}
# - {name: Fvar(monthly), datatype: float64}
# - {name: err_Fvar(monthly), datatype: float64}
# - {name: Norm_Excess_Var(monthly-t), datatype: float64}
# - {name: err_Norm_Excess_Var(monthly-t), datatype: float64}
# - {name: Fvar(monthly-t), datatype: float64}
# - {name: err_Fvar(monthly-t), datatype: float64}
# schema: astropy-2.0
Source_Name SpectrumType CLASS SED_class Variability_Index Frac_Variability Unc_Frac_Variability Spectrum_Flux_Estimated Norm_Excess_Var(3-days) err_Norm_Excess_Var(3-days) Fvar(3-days) err_Fvar(3-days) Norm_Excess_Var(weekly) err_Norm_Excess_Var(weekly) Fvar(weekly) err_Fvar(weekly) Norm_Excess_Var(monthly) err_Norm_Excess_Var(monthly) Fvar(monthly) err_Fvar(monthly) Norm_Excess_Var(monthly-t) err_Norm_Excess_Var(monthly-t) Fvar(monthly-t) err_Fvar(monthly-t)
[from data line 996]
J1606.9+5919 PowerLaw bll ISP 29.46559 0.77967656 0.26663172 1.2522824773526591e-09 "" "" "" "" "" "" "" "" "" "" "" "" "" "" "" ""
J1608.0+4949 LogParabola bcu LSP 33.15448 1.0922395 0.34428045 9.207840836320177e-10 "" "" "" "" "" "" "" "" "" "" "" "" "" "" "" ""
J1608.7+1029 LogParabola fsrq LSP 279.94467 0.86083996 0.19000515 2.32334137743448e-08 "" "" "" "" 0.20804323891630838 0.020426559482706483 0.4561175713742109 0.022391769978477756 0.39721080937455094 0.026060882169042995 0.6302466258335311 0.020675146125991743 0.7940045736134562 0.037351140553685984 0.8910693427637696 0.020958604881319603
J1610.3-3958 LogParabola fsrq LSP 32.633266 0.42466593 0.13807619 2.1400503791788897e-08 "" "" "" "" "" "" "" "" -0.023135726419856922 0.016104752419129377 0.0 0.1 0.0018154653378558555 0.030346906442940975 0.042608277809081364 0.35611514948948436
J1610.7-6648 LogParabola bll HSP 71.18749 0.2165713 0.0557993 8.512252572725018e-09 "" "" "" "" -0.1242594235733627 0.011560612227024649 0.0 0.1 0.006637034041996713 0.01768360357103851 0.08146799397307333 0.10853098688598657 0.044735925362467975 0.021850129191009583 0.21150868862169225 0.05165302979607392
J1612.4-3100 LogParabola bll LSP 88.685905 0.5992903 0.14525683 7.919446942786167e-09 "" "" "" "" "" "" "" "" -0.023498537500967 0.03327715688225121 0.0 0.1 -0.03560677974233014 0.042689069022435376 0.0 0.1
J1613.6+3411 LogParabola fsrq LSP 91.36565 0.3797552 0.09190635 1.9433013880505618e-08 "" "" "" "" 0.6826522201667561 0.07772163436006523 0.8262277047925445 0.04703402821597478 0.22718090349045722 0.04056759786058191 0.4766349792980549 0.042556253341211145 0.342945270688671 0.043075402140303976 0.585615292396528 0.03677790069656945
J1615.6+2130 PowerLaw bcu LSP 41.76495 0.59768003 0.16315606 1.2426956219798962e-08 "" "" "" "" "" "" "" "" "" "" "" "" "" "" "" ""
J1615.6+4712 PowerLaw fsrq ISP 19.827639 0.290864 0.12053502 5.605481871014929e-09 "" "" "" "" "" "" "" "" -0.11449102573837269 "" 0.0 0.1 -0.23258282777079373 "" 0.0 0.1
J1616.6+4630 PowerLaw fsrq LSP 45.037613 0.91527337 0.2562003 3.600465789771482e-09 "" "" "" "" "" "" "" "" "" "" "" "" "" "" "" ""
J1617.3-5849 LogParabola fsrq LSP 111.168304 0.77700454 0.18066193 1.4267948481832388e-08 "" "" "" "" "" "" "" "" "" "" "" "" "" "" "" ""
J1617.9-7718 LogParabola fsrq LSP 500.26013 0.6531088 0.14222477 4.7849758804748696e-08 "" "" "" "" "" "" "" "" 0.861838657704754 0.052964535518541 0.9283526580479823 0.028526085997269534 1.328667486245899 0.06405375357832023 1.152678396711719 0.027784746274870917
J1618.0+5139 PowerLaw fsrq LSP 106.576355 1.148185 0.27260497 4.751476537014865e-09 "" "" "" "" "" "" "" "" "" "" "" "" "" "" "" ""
J1621.7-1103 LogParabola bcu "" 80.17301 1.0123116 0.2565333 5.922221255960893e-09 "" "" "" "" "" "" "" "" "" "" "" "" "" "" "" ""
J1625.7-2527 LogParabola fsrq LSP 1855.3644 1.3883235 0.2972223 6.500352533465283e-08 "" "" "" "" 0.62705231003033 0.026627868026653536 0.7918663460649973 0.016813360082149453 0.9625993387126234 0.03158517271573368 0.9811214699070769 0.0160964639366852 1.6884348256569404 0.047082626522117685 1.2993978704218891 0.018117093922445354
J1625.7+4134 LogParabola fsrq LSP 66.61709 0.4922885 0.12597011 7.645012832905504e-09 "" "" "" "" "" "" "" "" -0.027167309767532045 0.031296068098670644 0.0 0.1 -0.04815770131510974 0.035192979895593536 0.0 0.1
J1626.0-2950 LogParabola FSRQ LSP 567.45734 0.68170226 0.14812554 7.116965695417335e-08 "" "" "" "" 0.16097657721346226 0.018118922380049023 0.4012188644785565 0.022579848536779617 0.2782996227893559 0.022711189699268376 0.5275411100467488 0.02152551646378402 0.5451920157671473 0.03312599843319596 0.7383711910463105 0.022431805868708587
J1626.6-7639 PowerLaw bll ISP 27.486227 0.43559086 0.15951423 3.633153506137066e-09 "" "" "" "" "" "" "" "" "" "" "" "" "" "" "" ""
J1627.7+0251 LogParabola bcu LSP 20.95681 0.5557451 0.27980262 8.875767309971481e-10 "" "" "" "" "" "" "" "" "" "" "" "" "" "" "" ""
J1628.6+7706 LogParabola bll LSP 243.17996 0.63512194 0.14145464 8.15253202872903e-09 "" "" "" "" 0.005201252721910929 0.02650395338733337 0.07211971104982971 0.18374971974735851 0.11721887926035512 0.029398420788436488 0.342372427716303 0.04293339417623407 0.30083887888995564 0.041990259334407774 0.5484878110678082 0.038278206449711444
J1628.8-6149 LogParabola fsrq "" 84.2206 0.6687139 0.16051267 1.5236508732196358e-08 "" "" "" "" "" "" "" "" 0.0350416974311653 0.029910475816894374 0.18719427723935714 0.07989153369963645 0.16012692201215992 0.04724393037842137 0.4001586210643973 0.0590315038730834
J1630.7+5221 LogParabola bll "" 150.41127 0.40790996 0.094005816 1.1811596262575997e-08 "" "" "" "" -0.005589623571764621 0.019248327586843784 0.0 0.1 0.14588154135132056 0.026111729065891837 0.38194442180940485 0.034182629166557024 0.2692907717896754 0.033371424304593375 0.5189323383541206 0.03215392628106041
J1631.2+1046 LogParabola bcu LSP 40.937683 0.5070676 0.1457009 8.79273344024333e-09 "" "" "" "" "" "" "" "" "" "" "" "" "" "" "" ""
J1632.2+0854 PowerLaw bcu LSP 34.361298 0.80398905 0.27710333 4.383131778457346e-09 "" "" "" "" "" "" "" "" "" "" "" "" "" "" "" ""
J1632.8-1048 PowerLaw bcu LSP 159.95996 1.5389178 0.3511578 1.5258043590721036e-08 "" "" "" "" "" "" "" "" "" "" "" "" "" "" "" ""
J1633.8+0701 LogParabola bcu ISP 29.397501 0.5909843 0.19631326 2.8202799924289702e-09 "" "" "" "" "" "" "" "" "" "" "" "" "" "" "" ""
J1635.2+3808 LogParabola FSRQ LSP 8472.668 0.7053676 0.15055846 2.832512475595902e-07 0.8763299947876307 0.011366336797900055 0.936124988870413 0.0060709504249082105 1.1407268647578792 0.012712214059637631 1.068048156572483 0.005951142737062024 1.2251215299795493 0.013042347601482143 1.106852081345809 0.005891639823102695 1.2251215299795493 0.013042347601482143 1.106852081345809 0.005891639823102695
J1635.6+3628 PowerLaw fsrq LSP 203.25166 1.4882234 0.3319462 1.2224859078396977e-08 "" "" "" "" "" "" "" "" "" "" "" "" "" "" "" ""
J1637.7+4717 LogParabola fsrq LSP 734.81866 0.91588706 0.19799139 2.471813114500973e-08 "" "" "" "" "" "" "" "" 0.5122917517756206 0.04061706762406303 0.7157455915167208 0.028373955847909794 1.33519311405654 0.06563007200333995 1.1555055664325204 0.028398855838472774
J1637.7+7326 PowerLaw bll "" 28.900978 0.9968186 0.45420468 4.99606489639205e-10 "" "" "" "" "" "" "" "" "" "" "" "" "" "" "" ""
J1638.1+5721 LogParabola fsrq LSP 102.81518 0.49185202 0.11727887 1.5970115984680464e-08 "" "" "" "" "" "" "" "" 0.030549244827861057 0.022648201466378852 0.17478342263458813 0.06478932934540488 0.11148030928608771 0.032401425939485064 0.33388667132140465 0.04852159238829712
J1639.2+4129 LogParabola fsrq LSP 77.20583 0.65534693 0.16224796 5.500401908288453e-09 "" "" "" "" "" "" "" "" "" "" "" "" "" "" "" ""
J1640.3+6850 PowerLaw bcu HSP 32.442177 0.45440942 0.1546843 3.216409891680353e-09 "" "" "" "" "" "" "" "" "" "" "" "" "" "" "" ""
J1640.4+3945 PowerLaw FSRQ LSP 437.65234 0.8274775 0.1801975 4.98097603540332e-08 "" "" "" "" 0.1203617223427674 0.02507914472915938 0.3469318698862464 0.03614419271625643 0.4645266658273753 0.04269591360399577 0.6815619310285569 0.03132210857167641 0.7569737354393744 0.05603928987213411 0.8700423756572863 0.03220491980623266
J1641.9-0621 LogParabola bll LSP 50.4493 0.36192396 0.10511974 1.3516042086183497e-08 "" "" "" "" "" "" "" "" 0.05854791400363371 0.028162964831961547 0.2419667621877718 0.058195936866127174 0.17641459195453774 0.04379926432916236 0.4200173710152209 0.05213982486402346
J1642.9+3948 LogParabola FSRQ LSP 236.88344 0.45033768 0.10042726 5.2285231521889066e-08 0.9816708646474137 0.03003830385679562 0.9907930483443118 0.015158717507653005 1.241119724647971 0.03474920594288372 1.114055530325114 0.015595814121017326 1.1680495810928448 0.03608577760675447 1.0807634251272777 0.016694577540179424 1.3445233907235505 0.040065805764629765 1.1595358514179501 0.01727665673969239
J1643.5-0646 PowerLaw bll "" 39.161453 0.7891696 0.2560566 5.70604760240882e-09 "" "" "" "" "" "" "" "" "" "" "" "" "" "" "" ""
J1644.9+2620 LogParabola NLSY1 LSP 62.972492 0.52702206 0.13773447 1.490592272027844e-08 "" "" "" "" "" "" "" "" "" "" "" "" "" "" "" ""
J1645.6+6329 LogParabola fsrq LSP 126.63436 0.593776 0.13800134 1.1714449486036846e-08 "" "" "" "" "" "" "" "" 0.11299843226880867 0.030112125347348105 0.3361523944118332 0.04478939589294816 0.305947539413361 0.044183912967157284 0.5531252474922483 0.03994024243828835
J1647.4-6438 LogParabola bll LSP 30.381666 0.31506407 0.10499794 1.0564271180016488e-08 "" "" "" "" "" "" "" "" "" "" "" "" "" "" "" ""
J1647.5+4950 PowerLaw bll LSP 116.146416 0.3204272 0.075506344 2.6975801015052304e-08 "" "" "" "" 0.04158362275326019 0.01858313714662174 0.20392062856234086 0.04556463286140926 0.11518591785012493 0.019625393914280604 0.3393905093695534 0.028912702878369275 0.20697735386080793 0.02519639716125524 0.4549476385924076 0.027691535271192995
J1648.0+2221 PowerLaw bcu LSP 53.505005 0.76987696 0.21342903 6.050387683646232e-09 "" "" "" "" "" "" "" "" "" "" "" "" "" "" "" ""
J1648.2+4232 LogParabola bcu "" 213.65646 0.7814428 0.1750001 1.1113274346270478e-08 "" "" "" "" "" "" "" "" 0.10163176588922432 0.036055444897446214 0.31879737434493455 0.056549155982750815 0.31516583142515325 0.0544099078423227 0.5613963229530037 0.04845944444035619
J1649.4+5235 LogParabola bll ISP 113.97411 0.40318012 0.09494871 1.2164796287845065e-08 "" "" "" "" "" "" "" "" 0.1071611269385568 0.030501525701561106 0.32735474173831175 0.04658787824424444 0.28647452452267874 0.04331410390859378 0.5352331496858904 0.04046283748868443
J1649.6+0411 LogParabola bcu LSP 72.56249 0.85413617 0.21781068 6.4528212299378e-09 "" "" "" "" "" "" "" "" "" "" "" "" "" "" "" ""
J1650.3-5045 LogParabola bll LSP 333.7602 0.6285829 0.13837625 6.091875057320289e-08 -0.045754594498905544 0.00854026250312153 0.0 0.1 -0.021761275603001406 0.008802854086045113 0.0 0.1 0.08105686806515362 0.01577457961741975 0.2847048788924307 0.027703388292442677 0.18722240454782946 0.022863962810728652 0.4326920435457873 0.02642059537698571
J1650.7+0831 LogParabola fsrq LSP 50.39862 0.55223125 0.1526584 8.804443437401186e-09 "" "" "" "" "" "" "" "" -0.02443654918725038 0.01965081592024052 0.0 0.1 0.032970856500622474 0.04164897515149051 0.18157878868585525 0.11468568397475744
J1653.8+3945 LogParabola BLL HSP 688.1423 0.3317155 0.07183891 5.636650864977853e-08 0.02017316415507959 0.0066928141568240685 0.14203226448620604 0.023560893649886373 0.08986385667976261 0.00754164505158958 0.29977300859110484 0.012578926113185368 0.11160929786232099 0.007261615768551213 0.33407977769137864 0.010868086387526664 0.11160929786232099 0.007261615768551213 0.33407977769137864 0.010868086387526664
J1656.0+2047 PowerLaw bcu LSP 52.323067 0.6942488 0.1857206 6.790550373059234e-09 "" "" "" "" "" "" "" "" "" "" "" "" "" "" "" ""
J1656.3-3301 LogParabola fsrq LSP 146.96529 0.79291177 0.18266663 3.4215414432313525e-08 "" "" "" "" "" "" "" "" "" "" "" "" "" "" "" ""
J1657.0+6010 PowerLaw fsrq LSP 40.438923 0.5322614 0.1591982 5.022221355422757e-09 "" "" "" "" "" "" "" "" "" "" "" "" "" "" "" ""
J1657.7+4808 LogParabola fsrq LSP 470.7028 0.49849886 0.10874601 3.7982474698360984e-08 "" "" "" "" 0.21410912442147434 0.022269988695293185 0.4627192717204183 0.024064254566804638 0.43013577868948344 0.0282099212539572 0.6558473745388353 0.0215064680816884 0.7601765515498928 0.03762020723857011 0.8718810420865296 0.021574162886108778
J1659.7-3131 PowerLaw bcu LSP 66.65895 0.5273445 0.13486288 2.1544280429780875e-08 "" "" "" "" "" "" "" "" 0.010110222992413135 0.031072622478787587 0.10054960463578728 0.15451389685389336 0.0788590142597799 0.05347927415607648 0.280818472077212 0.09522036381811126
J1700.0+6830 LogParabola fsrq LSP 2309.8801 0.71383125 0.15283865 6.818066359740531e-08 0.5527084179961489 0.017139930670467034 0.7434436212626677 0.011527391035621844 0.7209466931955473 0.019127014954229325 0.8490857984889084 0.011263299296884412 0.8171386358374234 0.020280183526820334 0.9039572090743142 0.011217446646389377 1.2229276227375832 0.025336392020828474 1.1058605801535668 0.01145550916432436
J1701.0+6613 LogParabola bcu "" 61.811474 0.4531919 0.11841957 1.1364383083523705e-08 "" "" "" "" "" "" "" "" 0.11853487801136504 0.04742001413009794 0.34428894552594197 0.06886659410115284 0.14931739562829624 0.04913275176669656 0.3864160913164671 0.06357492981116282
J1702.2+2642 PowerLaw bll LSP 24.61162 0.3450531 0.18476698 3.13623097993207e-09 "" "" "" "" "" "" "" "" "" "" "" "" "" "" "" ""
J1703.6-6213 LogParabola fsrq LSP 577.66486 0.7060818 0.15319797 4.350554304728308e-08 "" "" "" "" 0.17790499165792553 0.022486735890506475 0.4217878514821468 0.026656452777728098 0.372228018070477 0.02857409804702723 0.6101049238208761 0.02341736390855325 0.68040273178538 0.03883301068723061 0.8248652809916175 0.023539001811633556
J1704.1+7647 LogParabola bcu LSP 362.88217 0.86196834 0.18878163 1.7909653805976378e-08 "" "" "" "" "" "" "" "" 0.41083829791104426 0.04901480125117109 0.6409666901727766 0.03823506119948202 0.45194366366695427 0.12235107313225954 0.6722675536324465 0.09099879391111697
J1704.2+1234 PowerLaw bll LSP 33.105667 0.6279209 0.19182919 5.244172625805137e-09 "" "" "" "" "" "" "" "" "" "" "" "" "" "" "" ""
J1704.5-0527 PowerLaw bll ISP 22.01749 0.2734083 0.11606433 9.306238883348577e-09 "" "" "" "" "" "" "" "" -0.016810352210906376 0.050055804222209406 0.0 0.1 -0.10997570836933535 0.030785261477884886 0.0 0.1
J1706.1+1000 LogParabola bcu "" 38.983772 0.7214118 0.20660199 6.50393294761615e-09 "" "" "" "" "" "" "" "" 0.0918433228765821 0.06490557950007309 0.3030566331176107 0.10708490164424883 -0.041846761694772854 0.03739964479115168 0.0 0.1
J1706.9+4543 PowerLaw fsrq LSP 37.56201 0.6331939 0.18770353 6.167877081007489e-09 "" "" "" "" "" "" "" "" "" "" "" "" "" "" "" ""
J1707.5+1649 LogParabola fsrq LSP 32.729164 0.5608864 0.1813572 3.9903069819987225e-09 "" "" "" "" "" "" "" "" "" "" "" "" "" "" "" ""
J1707.9+0016 PowerLaw bcu LSP 33.287598 1.3767068 0.3758063 1.0892390708979255e-09 "" "" "" "" "" "" "" "" "" "" "" "" "" "" "" ""
J1709.7+4318 LogParabola fsrq LSP 2017.4603 1.1331018 0.24259438 3.756734696723819e-08 "" "" "" "" "" "" "" "" 1.3537269555324876 0.04588268913222762 1.1634977247646372 0.01971756719228187 2.531092601020329 0.06489109652396273 1.5909407911736781 0.02039393825463828
J1714.0-2029 PowerLaw bcu HSP 28.12355 0.59405756 0.26284426 1.0109771577675925e-09 "" "" "" "" "" "" "" "" "" "" "" "" "" "" "" ""
J1716.1+6836 PowerLaw fsrq "" 105.13804 0.56745565 0.13379154 1.2445961477886046e-08 "" "" "" "" "" "" "" "" 0.15089273702930017 0.05367807295335346 0.3884491434271675 0.06909279356335851 0.1603222343319744 0.048693703522636814 0.4004025903162646 0.060805929707117144
J1717.5-3342 LogParabola bll LSP 227.50696 0.90964574 0.20272699 4.90344749870959e-08 "" "" "" "" "" "" "" "" 0.47808897523913185 0.0479141348065578 0.6914397842467064 0.034648089318983985 0.8859680526347405 0.06821319582059003 0.9412587596589689 0.036235092168122096
J1717.6-5154 LogParabola fsrq LSP 253.27126 1.7560139 0.38712543 1.1559202810410437e-08 "" "" "" "" "" "" "" "" "" "" "" "" "" "" "" ""
J1719.2+1745 LogParabola bll LSP 1395.2075 1.7758178 0.38033265 1.4814627126358712e-08 "" "" "" "" "" "" "" "" "" "" "" "" "" "" "" ""
J1722.6+6104 LogParabola fsrq LSP 63.871517 0.8364931 0.21249974 6.8355405255624575e-09 "" "" "" "" "" "" "" "" "" "" "" "" "" "" "" ""
J1722.7+1014 LogParabola fsrq LSP 121.36121 0.59050226 0.13615428 1.5918552021147754e-08 "" "" "" "" "" "" "" "" 0.1882542873816301 0.0427781533633751 0.4338828037403996 0.04929689883373448 0.29208103503947075 0.04888962891076118 0.5404452192770982 0.04523088295253694
