4LAC_variability_analysis/resulting_catalogs/df_filtered_4lac_luana_dr3.ecsv
# %ECSV 1.0
# ---
# datatype:
# - {name: Source_Name, datatype: string}
# - {name: SpectrumType, datatype: string}
# - {name: CLASS, datatype: string}
# - {name: SED_class, datatype: string}
# - {name: Variability_Index, datatype: float32}
# - {name: Frac_Variability, datatype: float32}
# - {name: Unc_Frac_Variability, datatype: float32}
# - {name: Spectrum_Flux_Estimated, datatype: float64}
# - {name: Bright_Ratio_x, datatype: float64}
# - {name: Norm_Excess_Var(3_days), datatype: float64}
# - {name: Unc_Norm_Excess_Var(3_days), datatype: float64}
# - {name: Frac_Variability(3_days), datatype: float64}
# - {name: Unc_Frac_Variability(3_days), datatype: float64}
# - {name: Bright_Ratio_y, datatype: float64}
# - {name: Norm_Excess_Var(weekly), datatype: float64}
# - {name: Unc_Norm_Excess_Var(weekly), datatype: float64}
# - {name: Frac_Variability(weekly), datatype: float64}
# - {name: Unc_Frac_Variability(weekly), datatype: float64}
# - {name: Bright_Ratio, datatype: float64}
# - {name: Norm_Excess_Var(monthly), datatype: float64}
# - {name: Unc_Norm_Excess_Var(monthly), datatype: float64}
# - {name: Frac_Variability(monthly), datatype: float64}
# - {name: Unc_Frac_Variability(monthly), datatype: float64}
# schema: astropy-2.0
Source_Name SpectrumType CLASS SED_class Variability_Index Frac_Variability Unc_Frac_Variability Spectrum_Flux_Estimated Bright_Ratio_x Norm_Excess_Var(3_days) Unc_Norm_Excess_Var(3_days) Frac_Variability(3_days) Unc_Frac_Variability(3_days) Bright_Ratio_y Norm_Excess_Var(weekly) Unc_Norm_Excess_Var(weekly) Frac_Variability(weekly) Unc_Frac_Variability(weekly) Bright_Ratio Norm_Excess_Var(monthly) Unc_Norm_Excess_Var(monthly) Frac_Variability(monthly) Unc_Frac_Variability(monthly)
[from data line 99]
J0136.5+3906 LogParabola bll HSP 83.13328 0.19490844 0.047429387 1.521812060297442e-08 0.8723618090452261 -1.4162206240389417 0.08981405536428327 0.0 0.1 0.28044871794871795 -0.15274731845613967 0.0501058540020937 0.0 0.1 0.0053475935828877 0.06478511721721016 0.007863028214564716 0.25452920700228127 0.02523420338447044
J0137.0+4751 LogParabola fsrq LSP 2015.6206 0.9649051 0.20671915 4.634112346117324e-08 "" "" "" "" "" 0.88 1.162734786172491 0.03604107762757776 1.0783018066258125 0.03432920350096998 0.40298507462686567 1.2146667115521863 0.00827657782457456 1.1021191911731627 0.020939239150677556
J0137.6-2430 LogParabola fsrq LSP 488.75156 0.76297146 0.16627303 2.7331158477873985e-08 "" "" "" "" "" "" "" "" "" "" "" "" "" "" ""
J0137.9+5814 PowerLaw bll HSP 59.277443 0.32469696 0.084738754 1.4266388956063774e-08 "" "" "" "" "" "" "" "" "" "" 0.7247706422018348 -0.4877951940556972 0.16441060699658003 0.0 0.1
J0138.0+2247 PowerLaw bll HSP 34.76974 0.48413482 0.1546916 3.6951486122709944e-09 "" "" "" "" "" "" "" "" "" "" "" "" "" "" ""
J0140.6+8736 PowerLaw bcu LSP 29.34442 0.7096743 0.2543341 2.130554953639212e-09 "" "" "" "" "" "" "" "" "" "" "" "" "" "" ""
J0141.4-0928 LogParabola bll LSP 536.55927 0.58669096 0.1274828 3.296776716999218e-08 "" "" "" "" "" 0.5480769230769231 0.6620319912651893 0.030287760119632363 0.8136534835328791 0.03314572086460829 0.056179775280898875 0.6381744688434512 0.00579663463930108 0.7988582282504519 0.017615644779865554
J0143.1-3622 LogParabola bcu LSP 155.10747 0.96139854 0.21878763 9.479233256883952e-09 "" "" "" "" "" "" "" "" "" "" "" "" "" "" ""
J0143.7-5846 LogParabola bll HSP 73.00961 0.3701676 0.09213051 5.660026933894406e-09 "" "" "" "" "" "" "" "" "" "" 0.6068376068376068 -0.08717755793921694 0.11465963281493914 0.0 0.1
J0144.6+2705 LogParabola bll LSP 327.11932 0.26877084 0.059400056 6.345457620061237e-08 0.6368421052631579 -0.27335158717010327 0.04124776482437932 0.0 0.1 0.21116138763197587 0.18199567526696675 0.015714205776696494 0.4266095114586251 0.02699728671328979 0.021739130434782608 0.18697988971665602 0.0041846472679228025 0.43241171320473737 0.015417091139457542
J0145.0-2732 LogParabola fsrq LSP 920.666 1.5234864 0.32788154 1.862351435346339e-08 "" "" "" "" "" "" "" "" "" "" "" "" "" "" ""
J0146.0-6746 LogParabola bll ISP 49.807453 0.58995825 0.15616919 2.7370981420475574e-09 "" "" "" "" "" "" "" "" "" "" "" "" "" "" ""
J0152.2+3714 PowerLaw bcu LSP 28.336678 0.6195843 0.21268567 3.876885125857694e-09 "" "" "" "" "" "" "" "" "" "" "" "" "" "" ""
J0152.2+2206 LogParabola fsrq LSP 59.503624 0.5448029 0.14197372 1.332218976943228e-08 "" "" "" "" "" "" "" "" "" "" "" "" "" "" ""
J0152.6+0147 PowerLaw bll HSP 56.905094 0.44443268 0.11845624 6.5233119519201824e-09 "" "" "" "" "" "" "" "" "" "" "" "" "" "" ""
J0153.9+0823 LogParabola bll ISP 56.87987 0.32105842 0.08429244 1.0065828028686885e-08 "" "" "" "" "" "" "" "" "" "" 0.5161290322580645 -0.09223135109002904 0.09831590788477589 0.0 0.1
J0156.5+3914 PowerLaw fsrq LSP 86.38519 0.710396 0.17374425 1.1729912950760506e-08 "" "" "" "" "" "" "" "" "" "" "" "" "" "" ""
J0156.8-4744 PowerLaw bll HSP 23.053274 0.37237608 0.15048686 4.124643721903099e-09 "" "" "" "" "" "" "" "" "" "" "" "" "" "" ""
J0156.9-5301 LogParabola bll HSP 47.38398 0.47137323 0.13241886 1.5824271341406235e-09 "" "" "" "" "" "" "" "" "" "" "" "" "" "" ""
J0157.7-4614 LogParabola fsrq LSP 158.57487 0.93796676 0.21351609 6.4524452191803655e-09 "" "" "" "" "" "" "" "" "" "" "" "" "" "" ""
J0158.5-3932 LogParabola bll ISP 59.487907 0.4253452 0.1098673 6.500872444231299e-09 "" "" "" "" "" "" "" "" "" "" "" "" "" "" ""
J0159.3-4523 PowerLaw bcu "" 32.51891 0.80215025 0.25741673 3.1306108746210174e-09 "" "" "" "" "" "" "" "" "" "" "" "" "" "" ""
J0159.5+1046 LogParabola bll HSP 43.46549 0.34756866 0.097718656 7.23134726376362e-09 "" "" "" "" "" "" "" "" "" "" 0.5161290322580645 -0.8698035770291411 0.18465262209956634 0.0 0.1
J0200.6-6637 PowerLaw fsrq LSP 53.625526 0.52020544 0.14500447 1.0004514588765924e-08 "" "" "" "" "" "" "" "" "" "" "" "" "" "" ""
J0202.7+4204 PowerLaw bll LSP 38.51214 0.6543083 0.19744043 3.2849342874599823e-09 "" "" "" "" "" "" "" "" "" "" "" "" "" "" ""
J0203.6+7233 PowerLaw bll LSP 31.071226 0.51349413 0.16354096 1.0054241797971399e-08 "" "" "" "" "" "" "" "" "" "" "" "" "" "" ""
J0203.7+3042 LogParabola bll LSP 871.1923 1.0701646 0.23035291 2.5286186944844324e-08 "" "" "" "" "" "" "" "" "" "" "" "" "" "" ""
J0204.8+1513 LogParabola bcu LSP 119.74953 0.5740779 0.13476118 1.469980252890905e-08 "" "" "" "" "" "" "" "" "" "" "" "" "" "" ""
J0205.0-1700 LogParabola fsrq LSP 285.9794 0.5228874 0.115864284 3.808045354112776e-08 "" "" "" "" "" "" "" "" "" "" 0.3925925925925926 3.0573174721144714 0.013859349558717786 1.7485186507768429 0.0269522848234198
J0205.2+3212 LogParabola fsrq LSP 541.8589 0.8032445 0.17468774 3.524659983653884e-08 "" "" "" "" "" "" "" "" "" "" 0.9583333333333334 1.5141643557637934 0.07914072691339105 1.2305138584200477 0.07123894671786778
J0206.4-1151 LogParabola fsrq LSP 259.51135 0.6850125 0.15236747 2.201291910234686e-08 "" "" "" "" "" "" "" "" "" "" "" "" "" "" ""
J0207.5-2402 PowerLaw bcu "" 52.64725 0.5049081 0.14060423 5.100228864177243e-09 "" "" "" "" "" "" "" "" "" "" "" "" "" "" ""
J0209.3-5228 LogParabola bll HSP 140.85785 0.3909652 0.09001382 1.2353286633041925e-08 "" "" "" "" "" 0.9256594724220624 -1.0373043630423278 0.11978716174578984 0.0 0.1 0.16049382716049382 0.14806233724807605 0.028711727185907962 0.384788691684249 0.053194241942618105
J0209.9+7229 LogParabola bll LSP 149.48077 1.2211413 0.2764597 3.2148755843030425e-09 "" "" "" "" "" "" "" "" "" "" "" "" "" "" ""
J0210.7-5101 LogParabola FSRQ LSP 11604.488 1.0616913 0.22650349 1.7837935236406952e-07 0.5409429280397022 1.934002466236736 0.009566573607461737 1.3906841719947545 0.012978832013970265 0.24922118380062305 1.8169604060596676 0.004924650287497903 1.3479467371004195 0.011230933511398542 0.016216216216216217 1.5869298467273338 0.0010202242474803285 1.2597340380919038 0.007245535717966367
J0211.2+1051 LogParabola BLL ISP 577.5538 0.40740427 0.08857102 6.253728509619927e-08 0.7757805108798487 -0.03899511505966604 0.0461379622549387 0.0 0.1 0.29213483146067415 0.42081580903608024 0.01866575914144128 0.6487031748312014 0.02589605002789428 0.021739130434782608 0.3380345183460607 0.0042606237052517 0.5814073600721449 0.01522402887302884
J0212.9+2244 LogParabola bll ISP 55.22591 0.54918224 0.14744422 3.589878739810294e-09 "" "" "" "" "" "" "" "" "" "" "" "" "" "" ""
J0214.4-5822 PowerLaw bcu "" 26.507223 0.9385087 0.34243992 1.262810318008879e-09 "" "" "" "" "" "" "" "" "" "" "" "" "" "" ""
J0216.6-1015 LogParabola bcu LSP 165.23253 0.961184 0.21829994 5.9189897371194925e-09 "" "" "" "" "" "" "" "" "" "" "" "" "" "" ""
J0216.8-6635 LogParabola bll HSP 34.725998 0.2749044 0.08939966 3.4007255292698173e-09 "" "" "" "" "" "" "" "" "" "" "" "" "" "" ""
J0217.2+0837 LogParabola bll LSP 89.34986 0.29613182 0.07249198 2.8582274064234445e-08 "" "" "" "" "" "" "" "" "" "" 0.20512820512820512 0.39800958483492843 0.03017094984869571 0.6308800082701372 0.04591693166542127
J0217.4+7352 LogParabola fsrq LSP 68.15894 0.44440037 0.11275711 2.9691228102580707e-08 "" "" "" "" "" "" "" "" "" "" 0.8076923076923077 -0.14537296669982416 0.13612686242224134 0.0 0.1
J0217.8+0144 LogParabola fsrq LSP 548.079 0.5357675 0.11643792 4.290219373467294e-08 "" "" "" "" "" 0.6820083682008368 0.6663257453613018 0.03544755845602663 0.8162877834203461 0.03676889014146836 0.16049382716049382 0.7111345253556017 0.008217314284501499 0.8432879255364693 0.021092424460624978
J0218.9-2305 PowerLaw bcu ISP 161.31635 1.0956973 0.24935617 1.0493673389509976e-08 "" "" "" "" "" "" "" "" "" "" "" "" "" "" ""
J0218.9+3643 LogParabola bcu "" 175.95999 0.93204397 0.21283296 1.2760087069249618e-08 "" "" "" "" "" "" "" "" "" "" "" "" "" "" ""
J0221.1+3556 LogParabola FSRQ LSP 3546.609 0.9360773 0.19993097 1.2628953978740143e-07 0.6684539767649688 5.011530707432913 0.021767285705679408 2.238644837269394 0.019483968197475197 0.22103658536585366 3.9329403722211675 0.00975469902836002 1.9831642322866676 0.01579357760494403 0.0053475935828877 3.2846609940304603 0.0026022472659894065 1.8123633725140387 0.011575825711288021
J0221.5+2513 LogParabola bll ISP 27.924192 0.6135998 0.27431488 3.968678889971016e-10 "" "" "" "" "" "" "" "" "" "" "" "" "" "" ""
J0222.0-1616 PowerLaw fsrq LSP 237.51907 1.117042 0.24702404 1.5047124218323396e-08 "" "" "" "" "" "" "" "" "" "" "" "" "" "" ""
J0222.6+4302 LogParabola BLL ISP 1444.4158 0.43359333 0.09308504 1.0197120880925802e-07 0.22346002621231978 0.46756406945755524 0.01011861245742476 0.6837865671812772 0.014837070086368953 0.07506702412868632 0.4824310847932253 0.00468176562435558 0.6945725914497528 0.011316630503567968 0.0053475935828877 0.37584059526785424 0.0017636061782982577 0.6130583946638805 0.009618053431307215
J0223.2-1653 LogParabola fsrq LSP 24.676046 0.55008197 0.2593851 4.689245430362906e-09 "" "" "" "" "" "" "" "" "" "" "" "" "" "" ""
J0224.2+0700 PowerLaw fsrq LSP 29.637367 0.6112043 0.20698896 5.595431242296152e-09 "" "" "" "" "" "" "" "" "" "" "" "" "" "" ""
J0224.9+1843 LogParabola fsrq LSP 69.76959 1.1024871 0.27629557 1.0910748128301311e-08 "" "" "" "" "" "" "" "" "" "" "" "" "" "" ""
J0225.1-2604 LogParabola bcu LSP 164.56895 0.5652544 0.12917997 1.830295888275133e-08 "" "" "" "" "" "" "" "" "" "" "" "" "" "" ""
J0225.6-4502 PowerLaw bcu LSP 34.86749 0.68808967 0.20785075 4.167306920420007e-09 "" "" "" "" "" "" "" "" "" "" "" "" "" "" ""
J0226.3-1845 LogParabola bcu LSP 35.31708 0.8222264 0.2469296 2.1355458053712837e-09 "" "" "" "" "" "" "" "" "" "" "" "" "" "" ""
J0226.5+0938 PowerLaw fsrq LSP 79.53767 1.224632 0.31009024 3.389243896595033e-09 "" "" "" "" "" "" "" "" "" "" "" "" "" "" ""
J0226.5-4441 PowerLaw bll HSP 29.50971 0.54264635 0.18495063 2.5128886949305363e-09 "" "" "" "" "" "" "" "" "" "" "" "" "" "" ""
J0227.2+3928 PowerLaw fsrq LSP 33.8011 0.6133168 0.18748173 7.51740502432124e-09 "" "" "" "" "" "" "" "" "" "" "" "" "" "" ""
J0227.8+2246 PowerLaw bcu LSP 59.564285 1.253265 0.32270747 4.027126641046236e-09 "" "" "" "" "" "" "" "" "" "" "" "" "" "" ""
J0228.0-3026 PowerLaw fsrq LSP 38.831635 0.8205879 0.23627901 3.461629606130617e-09 "" "" "" "" "" "" "" "" "" "" "" "" "" "" ""
J0228.1+8208 LogParabola bcu "" 31.461464 0.95224595 0.3246892 1.6873483527299044e-10 "" "" "" "" "" "" "" "" "" "" "" "" "" "" ""
J0228.3-5547 LogParabola fsrq LSP 2371.9336 1.002751 0.2145076 5.22595282699181e-08 "" "" "" "" "" "" "" "" "" "" 0.42424242424242425 1.9556534953754368 0.008755617090257375 1.398446815354605 0.02141955178048506
J0229.5-3644 LogParabola fsrq LSP 303.8079 0.67785543 0.14966527 2.4323205118254403e-08 "" "" "" "" "" "" "" "" "" "" "" "" "" "" ""
J0230.8+4032 LogParabola fsrq LSP 320.95453 0.92897654 0.20422795 1.53240730988108e-08 "" "" "" "" "" "" "" "" "" "" 0.88 0.8619854777955943 0.1140938596784866 0.9284317302826279 0.09769451449526542
J0231.2-4745 LogParabola fsrq LSP 1924.044 1.6110141 0.34492114 2.684451759963322e-08 "" "" "" "" "" "" "" "" "" "" "" "" "" "" ""
J0231.8+1322 PowerLaw fsrq LSP 279.09195 1.1141809 0.2463354 2.319525797787759e-08 "" "" "" "" "" "" "" "" "" "" "" "" "" "" ""
J0233.5+0654 PowerLaw bcu HSP 32.319836 0.431937 0.13399151 1.0468698505747538e-08 "" "" "" "" "" "" "" "" "" "" "" "" "" "" ""
J0236.8-6136 LogParabola fsrq LSP 887.2367 1.4533852 0.3126444 1.5767697600377534e-08 "" "" "" "" "" "" "" "" "" "" "" "" "" "" ""
J0237.6-3602 PowerLaw bll HSP 28.768246 0.60047156 0.20385571 1.6627233165329737e-09 "" "" "" "" "" "" "" "" "" "" "" "" "" "" ""
J0237.8+2848 LogParabola FSRQ LSP 7505.5464 0.7579326 0.16181545 2.006537486956958e-07 0.46588235294117647 1.7237029666164725 0.01012241082491511 1.312898688633846 0.013427976331137372 0.21666666666666667 1.5719897261665698 0.006680488331722234 1.2537901443888326 0.013174333963457099 0.0273224043715847 1.3018378909045696 0.0017995927996978377 1.1409811089166066 0.009639981867259161
J0238.1-3905 PowerLaw bll HSP 27.337296 0.43435025 0.14828035 2.8053661165471615e-09 "" "" "" "" "" "" "" "" "" "" "" "" "" "" ""
J0238.2+1531 PowerLaw bcu LSP 68.43443 1.1270183 0.28189957 5.703044891549047e-09 "" "" "" "" "" "" "" "" "" "" "" "" "" "" ""
J0238.4-3116 PowerLaw bll HSP 42.03516 0.31412748 0.08951285 5.746697676713518e-09 "" "" "" "" "" "" "" "" "" "" 0.6785714285714286 -0.5802643505382058 0.17033871424912944 0.0 0.1
J0238.6+1637 LogParabola BLL LSP 5872.72 1.0831685 0.23126438 1.1954358524993227e-07 0.9978632478632479 2.429119793614514 0.01993810403367659 1.5585633749111758 0.019149162027138494 0.5581395348837209 2.174625968654123 0.012850536387745373 1.4746613064206042 0.018411313771192404 0.175 1.8731819599777115 0.0030042573257291357 1.3686423784092436 0.01246196918647534
J0239.5+1326 PowerLaw bcu "" 47.764168 1.4316455 0.4331379 2.6884127706548065e-09 "" "" "" "" "" "" "" "" "" "" "" "" "" "" ""
J0239.7+0415 LogParabola fsrq LSP 162.13478 0.82910585 0.18807869 1.832336368246835e-08 "" "" "" "" "" "" "" "" "" "" "" "" "" "" ""
J0242.3+1102 LogParabola fsrq LSP 97.27462 0.6613626 0.15814503 1.6902240409460202e-08 "" "" "" "" "" "" "" "" "" "" "" "" "" "" ""
J0242.3+5216 LogParabola bcu "" 75.62947 0.59116054 0.14589953 1.8893385465132886e-08 "" "" "" "" "" "" "" "" "" "" "" "" "" "" ""
J0242.6+1735 LogParabola bcu "" 54.803474 0.8083375 0.21866564 2.3234300796606906e-09 "" "" "" "" "" "" "" "" "" "" "" "" "" "" ""
J0243.2-0550 PowerLaw fsrq LSP 64.82095 0.7847681 0.20417449 6.728800313383021e-09 "" "" "" "" "" "" "" "" "" "" "" "" "" "" ""
J0243.4+7119 LogParabola bll LSP 188.99852 0.7729023 0.17414568 7.7462942258829e-09 "" "" "" "" "" "" "" "" "" "" 0.88 -0.021285005992676204 0.1467994662113705 0.0 0.1
J0244.6-5819 LogParabola bll HSP 36.509552 0.39396816 0.11678609 1.8977768357320376e-09 "" "" "" "" "" "" "" "" "" "" "" "" "" "" ""
J0244.7+1316 LogParabola bcu LSP 27.949566 0.6201839 0.24035749 2.211835917047993e-09 "" "" "" "" "" "" "" "" "" "" "" "" "" "" ""
J0245.1-0257 PowerLaw bll LSP 48.745308 0.63684213 0.17359772 3.94976203955643e-09 "" "" "" "" "" "" "" "" "" "" "" "" "" "" ""
J0245.4+2408 PowerLaw fsrq LSP 110.575516 0.93464273 0.22036174 1.5976519906761132e-08 "" "" "" "" "" "" "" "" "" "" "" "" "" "" ""
J0245.9-4650 LogParabola fsrq LSP 1671.6416 0.82097584 0.17619747 4.914273171015096e-08 "" "" "" "" "" "" "" "" "" "" 0.5798319327731093 1.9078175847167096 0.013876559918319356 1.3812377002951772 0.027141835127104073
J0250.2-8224 LogParabola bcu LSP 140.40376 1.0361187 0.23942463 9.305208708333175e-09 "" "" "" "" "" "" "" "" "" "" "" "" "" "" ""
J0250.6+1712 PowerLaw bll HSP 18.589659 0.30807567 0.17282926 3.318066975914005e-09 "" "" "" "" "" "" "" "" "" "" "" "" "" "" ""
J0251.5-5958 PowerLaw fsrq LSP 46.40955 0.63905877 0.18119276 4.354662450904189e-09 "" "" "" "" "" "" "" "" "" "" "" "" "" "" ""
J0252.8-2219 LogParabola fsrq LSP 1560.7312 0.6239166 0.13392694 7.390183506357181e-08 "" "" "" "" "" 0.7142857142857143 1.4973346487096244 0.02625908243304977 1.2236562624812675 0.027725056363680767 0.1393939393939394 1.3270567867920613 0.005697531944164442 1.1519795079740183 0.01727122116502317
J0253.2-5441 LogParabola fsrq LSP 908.18494 1.3090705 0.2816055 2.245033747511586e-08 "" "" "" "" "" "" "" "" "" "" "" "" "" "" ""
J0253.5+3216 PowerLaw fsrq LSP 105.310074 1.595276 0.37365368 4.022190605805857e-09 "" "" "" "" "" "" "" "" "" "" "" "" "" "" ""
J0253.9+5103 PowerLaw fsrq LSP 122.71816 0.77056944 0.17843387 2.132453699231679e-08 "" "" "" "" "" "" "" "" "" "" "" "" "" "" ""
J0256.3+0334 PowerLaw bll ISP 32.37894 0.3796246 0.12628111 5.879177057426544e-09 "" "" "" "" "" "" "" "" "" "" "" "" "" "" ""
J0257.9-1215 PowerLaw fsrq LSP 54.924805 0.67672473 0.18466802 6.984226929496282e-09 "" "" "" "" "" "" "" "" "" "" "" "" "" "" ""
