4LAC_variability_analysis/resulting_catalogs/df_filtered_4lac_luana_dr3.ecsv
# %ECSV 1.0
# ---
# datatype:
# - {name: Source_Name, datatype: string}
# - {name: SpectrumType, datatype: string}
# - {name: CLASS, datatype: string}
# - {name: SED_class, datatype: string}
# - {name: Variability_Index, datatype: float32}
# - {name: Frac_Variability, datatype: float32}
# - {name: Unc_Frac_Variability, datatype: float32}
# - {name: Spectrum_Flux_Estimated, datatype: float64}
# - {name: Bright_Ratio_x, datatype: float64}
# - {name: Norm_Excess_Var(3_days), datatype: float64}
# - {name: Unc_Norm_Excess_Var(3_days), datatype: float64}
# - {name: Frac_Variability(3_days), datatype: float64}
# - {name: Unc_Frac_Variability(3_days), datatype: float64}
# - {name: Bright_Ratio_y, datatype: float64}
# - {name: Norm_Excess_Var(weekly), datatype: float64}
# - {name: Unc_Norm_Excess_Var(weekly), datatype: float64}
# - {name: Frac_Variability(weekly), datatype: float64}
# - {name: Unc_Frac_Variability(weekly), datatype: float64}
# - {name: Bright_Ratio, datatype: float64}
# - {name: Norm_Excess_Var(monthly), datatype: float64}
# - {name: Unc_Norm_Excess_Var(monthly), datatype: float64}
# - {name: Frac_Variability(monthly), datatype: float64}
# - {name: Unc_Frac_Variability(monthly), datatype: float64}
# schema: astropy-2.0
Source_Name SpectrumType CLASS SED_class Variability_Index Frac_Variability Unc_Frac_Variability Spectrum_Flux_Estimated Bright_Ratio_x Norm_Excess_Var(3_days) Unc_Norm_Excess_Var(3_days) Frac_Variability(3_days) Unc_Frac_Variability(3_days) Bright_Ratio_y Norm_Excess_Var(weekly) Unc_Norm_Excess_Var(weekly) Frac_Variability(weekly) Unc_Frac_Variability(weekly) Bright_Ratio Norm_Excess_Var(monthly) Unc_Norm_Excess_Var(monthly) Frac_Variability(monthly) Unc_Frac_Variability(monthly)
[from data line 481]
J0806.5+4503 PowerLaw fsrq LSP 41.18898 0.8398565 0.23722538 4.4649792105534165e-09 "" "" "" "" "" "" "" "" "" "" "" "" "" "" ""
J0807.1-0541 LogParabola bll ISP 129.8438 0.49667788 0.11517401 1.5884226580652075e-08 "" "" "" "" "" "" "" "" "" "" 0.6637168141592921 0.27121288105317554 0.0969217416275514 0.5207810298514871 0.11551839816167012
J0807.2-7630 PowerLaw bcu LSP 27.27682 0.5526772 0.20991307 3.289001991161585e-09 "" "" "" "" "" "" "" "" "" "" "" "" "" "" ""
J0807.7-1206 PowerLaw bcu LSP 27.616507 0.6025338 0.21253635 5.811911043048061e-09 "" "" "" "" "" "" "" "" "" "" "" "" "" "" ""
J0808.2-0751 LogParabola fsrq LSP 1746.6395 0.6894232 0.14783646 8.578182741383808e-08 0.8642220019821606 1.7341350549848527 0.02237347887770164 1.3168656176637208 0.020895333598415024 0.4636363636363636 1.7205688609571004 0.009852732156159052 1.3117045631380186 0.01610275005195173 0.1393939393939394 1.3187416385270831 0.0027303960200160877 1.1483647671916286 0.011893580982975842
J0809.3+4053 PowerLaw fsrq LSP 36.881348 0.53372186 0.16498408 6.446176011504185e-09 "" "" "" "" "" "" "" "" "" "" "" "" "" "" ""
J0809.5+5341 LogParabola fsrq LSP 524.0887 0.7913452 0.17229111 1.620072660750268e-08 "" "" "" "" "" "" "" "" "" "" 0.9381443298969072 0.47211569976249557 0.1393525351553437 0.6871067600908141 0.13085011017611067
J0809.8+5218 LogParabola BLL HSP 343.8443 0.4027235 0.088413216 2.5738999707780412e-08 "" "" "" "" "" 0.4176991150442478 0.16589944829551898 0.03840932332860361 0.4073075598310434 0.056219536746960515 0.03296703296703297 0.3313207785515044 0.00871738212242596 0.5756047068531531 0.022440046934183853
J0811.0-7529 LogParabola bll ISP 22.582983 0.1067836 0.04392053 1.3935009318791136e-08 "" "" "" "" "" "" "" "" "" "" 0.08045977011494253 0.017553821245224345 0.024673024667114817 0.13249083457063868 0.0961719259230034
J0811.4+0146 LogParabola bll LSP 446.0305 0.49892974 0.109375626 3.416119874101954e-08 "" "" "" "" "" 0.6841004184100419 0.2857136558922193 0.04753105894398946 0.5345218946799273 0.05607577122951086 0.11242603550295859 0.37378800797209516 0.012024613824362065 0.6113820474728507 0.026681079791387785
J0812.6+2821 PowerLaw bcu HSP 24.501131 0.67595565 0.29126483 1.6855414224664943e-09 "" "" "" "" "" "" "" "" "" "" "" "" "" "" ""
J0814.2-1013 LogParabola bll ISP 63.82673 0.43458173 0.10988744 1.0219067776661836e-08 "" "" "" "" "" "" "" "" "" "" 0.7570093457943925 0.024410615913592927 0.14397254944972424 0.1562389705342202 0.41529826092718114
J0814.6+6430 LogParabola bll LSP 144.61028 0.32658434 0.07552789 2.485717894677242e-08 "" "" "" "" "" "" "" "" "" "" 0.35251798561151076 0.40392040874433055 0.04623161315124998 0.6355473300583762 0.06054926474953029
J0816.3+5739 LogParabola bll ISP 54.639366 0.26786536 0.07150559 9.667749622286824e-09 "" "" "" "" "" "" "" "" "" "" 0.40298507462686567 -0.047737125381872074 0.07162765204150279 0.0 0.1
J0816.4-1311 LogParabola bll HSP 119.65832 0.49739218 0.11598459 7.581803688649897e-09 "" "" "" "" "" "" "" "" "" "" 0.5409836065573771 0.12907177644422962 0.0938592067284361 0.3592656070990231 0.14499233632687383
J0816.7-2420 LogParabola bcu LSP 131.91444 0.9245704 0.21238889 1.5242317241596157e-08 "" "" "" "" "" "" "" "" "" "" "" "" "" "" ""
J0817.8-0934 LogParabola bll LSP 26.746748 0.18340579 0.06664158 1.0456974701190332e-08 "" "" "" "" "" "" "" "" "" "" 0.3333333333333333 -0.19357991842299407 0.07479437659103023 0.0 0.1
J0818.2+4222 LogParabola bll LSP 281.1152 0.2555931 0.05658397 5.701130454987938e-08 0.45073700543056633 -0.18042741394818246 0.030345860789539315 0.0 0.1 0.11204481792717087 0.09324684651647287 0.011990012453026938 0.30536346624387284 0.026139103605367604 0.0053475935828877 0.10348103567549508 0.0038270111261091305 0.3216846836196823 0.015201415285289073
J0818.7+3153 PowerLaw bll ISP 32.345295 0.87623495 0.32186 1.4827394944321729e-09 "" "" "" "" "" "" "" "" "" "" "" "" "" "" ""
J0821.1+1007 PowerLaw bcu LSP 29.71422 0.80485326 0.2810489 3.063903027208861e-09 "" "" "" "" "" "" "" "" "" "" "" "" "" "" ""
J0823.1+4042 PowerLaw fsrq LSP 63.27955 1.0231643 0.26279363 5.509899628367382e-09 "" "" "" "" "" "" "" "" "" "" "" "" "" "" ""
J0824.4+2440 PowerLaw fsrq LSP 217.07304 0.96936166 0.21592835 1.560439123905821e-08 "" "" "" "" "" "" "" "" "" "" "" "" "" "" ""
J0824.7+5552 PowerLaw fsrq LSP 103.46128 0.4912341 0.11569904 2.0108136780677383e-08 "" "" "" "" "" "" "" "" "" "" 0.9583333333333334 -0.43642493455409603 0.22178525313606054 0.0 0.1
J0824.9+3915 LogParabola fsrq LSP 28.736012 0.26592824 0.090004556 1.2442074360319647e-08 "" "" "" "" "" "" "" "" "" "" "" "" "" "" ""
J0825.9-3218 LogParabola bcu "" 81.054375 0.52843785 0.13027103 2.0874282478645692e-08 "" "" "" "" "" "" "" "" "" "" "" "" "" "" ""
J0825.9-2230 LogParabola bll LSP 396.23514 0.38992685 0.08547606 3.9813718457662547e-08 0.8098933074684772 -0.5994073495612536 0.06188253612184468 0.0 0.1 0.260596546310832 0.14086970809767152 0.022153436081892897 0.3753261356442841 0.03763603590371677 0.0 0.1971243876185356 0.004764430812362121 0.44398692280126406 0.016513969960276594
J0827.6-3735 LogParabola bcu "" 65.67923 0.9092651 0.22887838 1.5006714783992763e-08 "" "" "" "" "" "" "" "" "" "" "" "" "" "" ""
J0830.8+2410 LogParabola FSRQ LSP 1544.9812 1.7525561 0.37517235 2.966410496629018e-08 "" "" "" "" "" "" "" "" "" "" "" "" "" "" ""
J0831.8+0429 LogParabola bll LSP 487.35156 0.4761032 0.10371934 5.0020758628409645e-08 "" "" "" "" "" 0.8548387096774194 -0.0066450529382173894 0.09107462538502016 0.0 0.1 0.2129032258064516 0.684576186599424 0.016999715457635598 0.8273911932087651 0.03123799278683407
J0833.9+4223 LogParabola fsrq LSP 36.659386 0.33871204 0.10141207 1.0152642386979906e-08 "" "" "" "" "" "" "" "" "" "" "" "" "" "" ""
J0834.6+4402 PowerLaw bll LSP 21.933645 0.3509065 0.14305636 5.05500784123621e-09 "" "" "" "" "" "" "" "" "" "" "" "" "" "" ""
J0836.2+2141 PowerLaw bcu "" 27.814203 0.4127199 0.15107453 1.06249845473509e-08 "" "" "" "" "" "" "" "" "" "" "" "" "" "" ""
J0836.5-2026 LogParabola fsrq LSP 43.151493 0.50509924 0.14911357 1.2716565067676815e-08 "" "" "" "" "" "" "" "" "" "" "" "" "" "" ""
J0839.8+0105 LogParabola fsrq LSP 288.64505 0.7743964 0.1709813 1.7377127698400332e-08 "" "" "" "" "" "" "" "" "" "" "" "" "" "" ""
J0840.8+1317 LogParabola ssrq LSP 73.83025 1.1906576 0.3004094 3.3820092477511037e-09 "" "" "" "" "" "" "" "" "" "" "" "" "" "" ""
J0841.3-3554 LogParabola bll HSP 42.290184 0.35007852 0.096487194 3.034819501506268e-09 "" "" "" "" "" "" "" "" "" "" 0.6491228070175439 -0.36699529118802204 0.14809990571006923 0.0 0.1
J0841.3+7053 LogParabola FSRQ LSP 4173.7544 0.908524 0.19410239 1.1799028477708522e-07 "" "" "" "" "" 0.7235421166306696 3.9888797704648287 0.017494479826368318 1.9972180077459818 0.021365156510504274 0.175 2.4897216521511973 0.006358235055517051 1.5778851834500498 0.018170459350222788
J0842.3-6053 LogParabola bcu "" 62.14481 0.4975859 0.12653787 6.957855113321369e-09 "" "" "" "" "" "" "" "" "" "" "" "" "" "" ""
J0843.0-0853 LogParabola bcu "" 32.839966 0.82490534 0.26545888 1.6304710174291171e-09 "" "" "" "" "" "" "" "" "" "" "" "" "" "" ""
J0844.2+5312 PowerLaw bll LSP 47.804398 0.31458008 0.086239144 7.616665252287584e-09 "" "" "" "" "" "" "" "" "" "" 0.6637168141592921 -0.3873009796898953 0.13508518220438798 0.0 0.1
J0849.1+6607 LogParabola bll "" 23.444551 0.26245236 0.09997643 3.008307139569657e-09 "" "" "" "" "" "" "" "" "" "" "" "" "" "" ""
J0849.4-2911 LogParabola bcu ISP 54.53772 0.6707117 0.18285203 3.1715827136264357e-09 "" "" "" "" "" "" "" "" "" "" "" "" "" "" ""
J0849.8-3541 LogParabola bcu LSP 112.68661 0.69915473 0.16420648 1.3391785666743486e-08 "" "" "" "" "" "" "" "" "" "" "" "" "" "" ""
J0850.0+4855 LogParabola bll LSP 204.88972 0.52309084 0.1187025 1.8711522356160525e-08 "" "" "" "" "" "" "" "" "" "" 0.49206349206349204 0.8684178963207702 0.04748560451788305 0.9318894227969164 0.05543571184009249
J0850.0+5108 LogParabola NLSY1 LSP 1239.3137 1.0513188 0.22591655 2.139514792725697e-08 "" "" "" "" "" "" "" "" "" "" "" "" "" "" ""
J0850.1-1212 LogParabola fsrq LSP 662.31165 0.80623055 0.1743096 3.398624682102617e-08 "" "" "" "" "" "" "" "" "" "" 0.8431372549019608 2.185543740199661 0.06275911703783062 1.4783584613346186 0.060516796529310156
J0851.5+5528 PowerLaw bll LSP 30.214659 0.30606708 0.09972658 7.2358862525653695e-09 "" "" "" "" "" "" "" "" "" "" "" "" "" "" ""
J0851.9-5229 LogParabola bcu "" 26.039303 0.48113012 0.19116783 7.3294702385967875e-09 "" "" "" "" "" "" "" "" "" "" "" "" "" "" ""
J0852.5-5755 LogParabola bcu LSP 1484.091 1.053371 0.22589387 4.5388602088771874e-08 "" "" "" "" "" "" "" "" "" "" 0.8613861386138614 2.2895450253867313 0.04285684121005168 1.5131242597310808 0.048946102068267355
J0854.8+2006 LogParabola BLL LSP 920.42065 0.5145008 0.11083554 7.676023440454828e-08 0.9142857142857143 0.8551893512209717 0.048356956728677195 0.9247644841909597 0.038352379940410165 0.33278145695364236 1.11992451190947 0.018604524872454918 1.0582648590544192 0.023238734663051652 0.016216216216216217 0.76992033984537 0.0037480289484619965 0.8774510469794711 0.014027058539131056
J0855.9+7144 PowerLaw fsrq LSP 25.15739 0.350596 0.14158688 7.152242831883132e-09 "" "" "" "" "" "" "" "" "" "" "" "" "" "" ""
J0856.6-1105 LogParabola bll LSP 42.13352 0.16768688 0.049652178 1.924425953202614e-08 "" "" "" "" "" 0.8764568764568764 -1.2068046686882103 0.12258286299215644 0.0 0.1 0.044444444444444446 0.024556732089926973 0.01852247183293466 0.15670587764958585 0.06529628554619787
J0857.9-1949 LogParabola fsrq LSP 86.45974 0.5810751 0.14204073 1.3266801608394184e-08 "" "" "" "" "" "" "" "" "" "" "" "" "" "" ""
J0900.6-7408 LogParabola bcu LSP 31.044832 0.5344079 0.18588357 8.958897965613015e-09 "" "" "" "" "" "" "" "" "" "" "" "" "" "" ""
J0900.7-1243 PowerLaw bcu ISP 77.38862 1.0095766 0.24537389 4.90949405347999e-09 "" "" "" "" "" "" "" "" "" "" "" "" "" "" ""
J0902.4+2051 LogParabola bll ISP 99.746796 0.43956512 0.10446372 1.4387531376125474e-08 "" "" "" "" "" "" "" "" "" "" 0.504 0.01563694921098265 0.09648449946637186 0.12504778770926997 0.3459627703096297
J0904.0+2724 LogParabola fsrq ISP 36.696014 0.5605038 0.166811 7.59244167293884e-09 "" "" "" "" "" "" "" "" "" "" "" "" "" "" ""
J0904.5-3513 LogParabola bcu LSP 144.9856 0.9024509 0.20787899 1.5316852066347618e-08 "" "" "" "" "" "" "" "" "" "" "" "" "" "" ""
J0904.9-5734 LogParabola bcu LSP 8488.266 1.4891634 0.31774202 1.1742507235914424e-07 0.848605577689243 6.15006322275135 0.008284266542622052 2.479932100431653 0.0117764252226462 0.44404332129963897 5.160980831234272 0.004140324544027165 2.271779221498927 0.010208145266780377 0.07428571428571429 3.260429545068375 0.0011565146892836482 1.8056659561138033 0.007709013802538623
J0905.6+1358 LogParabola bll HSP 33.45642 0.28319785 0.09073734 2.9829161176872133e-09 "" "" "" "" "" "" "" "" "" "" 0.6936936936936937 -0.28613259737290075 0.1524195828133628 0.0 0.1
J0906.3-0905 PowerLaw bll "" 109.47547 0.852572 0.20032845 5.587403663497813e-09 "" "" "" "" "" "" "" "" "" "" "" "" "" "" ""
J0909.1+0121 LogParabola fsrq LSP 1034.359 0.99253565 0.2134183 5.213475696950268e-08 "" "" "" "" "" "" "" "" "" "" "" "" "" "" ""
J0909.7-0230 LogParabola fsrq LSP 162.73167 0.3679204 0.08358409 3.2901401283311573e-08 "" "" "" "" "" "" "" "" "" "" 0.08176100628930817 0.49890041992392026 0.016527348543526246 0.7063288327145653 0.03194135893716166
J0910.6+2247 LogParabola fsrq LSP 176.86232 1.1387112 0.257613 9.067117882368459e-09 "" "" "" "" "" "" "" "" "" "" "" "" "" "" ""
J0910.8+3859 PowerLaw bll LSP 49.73576 0.6301313 0.17343995 3.1873172983529147e-09 "" "" "" "" "" "" "" "" "" "" "" "" "" "" ""
J0911.0-5047 PowerLaw bcu LSP 33.783188 0.9571814 0.28177 1.979321478972072e-08 "" "" "" "" "" "" "" "" "" "" "" "" "" "" ""
J0912.2+4127 PowerLaw fsrq LSP 373.3386 1.1869521 0.2594782 1.602414927079089e-08 "" "" "" "" "" "" "" "" "" "" "" "" "" "" ""
J0915.4-3027 LogParabola bcu LSP 34.31191 0.55315757 0.16874257 4.458100491038594e-09 "" "" "" "" "" "" "" "" "" "" "" "" "" "" ""
J0915.9+2933 LogParabola bll HSP 32.44626 0.15915811 0.051196568 1.027341473722704e-08 "" "" "" "" "" "" "" "" "" "" 0.09302325581395349 0.026699656321051625 0.02695379824454353 0.16340029473979423 0.08808967667866166
J0916.7+3856 LogParabola fsrq LSP 58.352097 0.55416095 0.14228863 7.868543829091667e-09 "" "" "" "" "" "" "" "" "" "" "" "" "" "" ""
J0920.3-0443 PowerLaw bcu LSP 34.63661 0.66967815 0.21438453 4.969550284918003e-09 "" "" "" "" "" "" "" "" "" "" "" "" "" "" ""
J0920.9+4441 LogParabola fsrq LSP 2412.533 0.9901364 0.21209064 7.158314508807067e-08 "" "" "" "" "" 0.9950248756218906 2.6150511944278647 0.035124746883810176 1.6171119919250692 0.031518239543837645 0.26174496644295303 2.391565484553298 0.012412022638144862 1.5464687143790843 0.0255454518121781
J0921.6+6216 LogParabola fsrq LSP 3346.0066 0.94950396 0.20298739 5.6810123158707505e-08 "" "" "" "" "" 0.7716186252771619 2.4974970470192788 0.027268151547707006 1.5803471286458803 0.02748470767743568 0.11904761904761904 1.5612879064051877 0.00538781004606712 1.2495150684986507 0.01676195257869043
J0922.6+4454 PowerLaw bcu LSP 18.729912 0.34646094 0.20797645 1.0746995105948197e-08 "" "" "" "" "" "" "" "" "" "" "" "" "" "" ""
J0922.6+0434 LogParabola bcu LSP 163.04333 0.9180212 0.20837069 1.167619136745935e-08 "" "" "" "" "" "" "" "" "" "" "" "" "" "" ""
J0922.7-3959 LogParabola fsrq LSP 235.46883 1.0209723 0.22683483 2.03617946020205e-08 "" "" "" "" "" "" "" "" "" "" "" "" "" "" ""
J0923.5+3852 LogParabola bcu LSP 111.961334 0.61001813 0.14373785 1.6647791962031435e-08 "" "" "" "" "" "" "" "" "" "" "" "" "" "" ""
J0923.5+4125 LogParabola fsrq LSP 100.7721 0.4384344 0.10423884 1.4516436675017871e-08 "" "" "" "" "" "" "" "" "" "" 0.7570093457943925 -0.19664121399487214 0.14745186104400973 0.0 0.1
J0924.0+2816 PowerLaw fsrq LSP 112.95993 0.8928923 0.20901167 7.203217379120936e-09 "" "" "" "" "" "" "" "" "" "" "" "" "" "" ""
J0928.1-2035 LogParabola fsrq LSP 99.673805 0.9945379 0.23533228 6.786495218456311e-09 "" "" "" "" "" "" "" "" "" "" "" "" "" "" ""
J0928.4-0415 PowerLaw bcu LSP 22.65163 0.4931815 0.24384697 4.8703787480016995e-09 "" "" "" "" "" "" "" "" "" "" "" "" "" "" ""
J0929.3+5014 LogParabola bll LSP 88.35761 0.4023539 0.09697122 1.0892925429160628e-08 "" "" "" "" "" "" "" "" "" "" 0.5666666666666667 -0.24222506244737416 0.1306278551867014 0.0 0.1
J0930.3+8612 LogParabola bll LSP 107.04973 0.4897823 0.11644879 9.424832880891224e-09 "" "" "" "" "" "" "" "" "" "" 0.5537190082644629 0.35452140935025 0.07236845704783501 0.5954170045860716 0.08550098454161634
J0930.9-1015 LogParabola bcu LSP 56.654835 0.77225083 0.20219073 4.562852132816262e-09 "" "" "" "" "" "" "" "" "" "" "" "" "" "" ""
J0931.2-8533 PowerLaw bcu LSP 70.18658 0.7213733 0.17938581 1.3391627207581172e-08 "" "" "" "" "" "" "" "" "" "" "" "" "" "" ""
J0931.9+6737 PowerLaw rdg "" 49.700275 0.44332063 0.11980012 7.579986057571256e-09 "" "" "" "" "" "" "" "" "" "" "" "" "" "" ""
J0932.6+5306 PowerLaw fsrq LSP 426.2805 1.157777 0.25252852 1.3528156254465414e-08 "" "" "" "" "" "" "" "" "" "" "" "" "" "" ""
J0937.1+5008 PowerLaw fsrq LSP 63.269386 0.660719 0.16916841 6.377597868555663e-09 "" "" "" "" "" "" "" "" "" "" "" "" "" "" ""
J0937.9-1434 LogParabola bll ISP 40.99938 0.69708705 0.21253103 1.2473324018828626e-09 "" "" "" "" "" "" "" "" "" "" "" "" "" "" ""
J0939.3-1732 PowerLaw bcu LSP 72.97469 0.8480524 0.2107074 5.759716846253163e-09 "" "" "" "" "" "" "" "" "" "" "" "" "" "" ""
J0940.0-2828 LogParabola bcu LSP 122.58443 0.9245441 0.21711242 6.477375404487599e-09 "" "" "" "" "" "" "" "" "" "" "" "" "" "" ""
J0940.7-6105 LogParabola bcu LSP 32.518944 0.61123925 0.19432928 6.5442004456888926e-09 "" "" "" "" "" "" "" "" "" "" "" "" "" "" ""
