4LAC_variability_analysis/resulting_catalogs/df_filtered_4lac_luana_dr3.ecsv
# %ECSV 1.0
# ---
# datatype:
# - {name: Source_Name, datatype: string}
# - {name: SpectrumType, datatype: string}
# - {name: CLASS, datatype: string}
# - {name: SED_class, datatype: string}
# - {name: Variability_Index, datatype: float32}
# - {name: Frac_Variability, datatype: float32}
# - {name: Unc_Frac_Variability, datatype: float32}
# - {name: Spectrum_Flux_Estimated, datatype: float64}
# - {name: Bright_Ratio_x, datatype: float64}
# - {name: Norm_Excess_Var(3_days), datatype: float64}
# - {name: Unc_Norm_Excess_Var(3_days), datatype: float64}
# - {name: Frac_Variability(3_days), datatype: float64}
# - {name: Unc_Frac_Variability(3_days), datatype: float64}
# - {name: Bright_Ratio_y, datatype: float64}
# - {name: Norm_Excess_Var(weekly), datatype: float64}
# - {name: Unc_Norm_Excess_Var(weekly), datatype: float64}
# - {name: Frac_Variability(weekly), datatype: float64}
# - {name: Unc_Frac_Variability(weekly), datatype: float64}
# - {name: Bright_Ratio, datatype: float64}
# - {name: Norm_Excess_Var(monthly), datatype: float64}
# - {name: Unc_Norm_Excess_Var(monthly), datatype: float64}
# - {name: Frac_Variability(monthly), datatype: float64}
# - {name: Unc_Frac_Variability(monthly), datatype: float64}
# schema: astropy-2.0
Source_Name SpectrumType CLASS SED_class Variability_Index Frac_Variability Unc_Frac_Variability Spectrum_Flux_Estimated Bright_Ratio_x Norm_Excess_Var(3_days) Unc_Norm_Excess_Var(3_days) Frac_Variability(3_days) Unc_Frac_Variability(3_days) Bright_Ratio_y Norm_Excess_Var(weekly) Unc_Norm_Excess_Var(weekly) Frac_Variability(weekly) Unc_Frac_Variability(weekly) Bright_Ratio Norm_Excess_Var(monthly) Unc_Norm_Excess_Var(monthly) Frac_Variability(monthly) Unc_Frac_Variability(monthly)
[from data line 807]
J1309.4+4305 LogParabola bll ISP 37.28269 0.18465349 0.056750983 7.982481618060375e-09 "" "" "" "" "" 0.826879271070615 -1.712848632481392 0.1552123267031056 0.0 0.1 "" "" "" "" ""
J1310.5+3221 LogParabola fsrq LSP 897.96747 0.76263285 0.16440342 5.851141797881423e-08 0.946875 2.3716207667823017 0.06994325384564645 1.5400067424470263 0.022708749227457484 0.48565965583174 2.1474814170575134 0.06311249031620858 1.465428748543413 0.02153379697885014 0.16049382716049382 1.602306440541914 0.04194878112777639 1.2658224364190713 0.016569773105952656
J1310.7-5553 LogParabola bcu HSP 75.72479 1.1295857 0.28269354 4.411747780555037e-09 "" "" "" "" "" "" "" "" "" "" "" "" "" "" ""
J1311.0+3233 LogParabola fsrq LSP 88.06266 0.8843892 0.21625602 5.1293533223838235e-09 "" "" "" "" "" "" "" "" "" "" 1.2380952380952381 2.17821328084218 0.4416481225688563 1.4758771225417717 0.14962225371724888
J1312.4-2156 LogParabola bll HSP 289.9716 0.6903063 0.15214363 1.2802665839677419e-08 "" "" "" "" "" "" "" "" "" "" 0.22875816993464052 0.43108379812578795 0.06981397622450178 0.6565697206891191 0.05316569895366693
J1312.6+4828 LogParabola bcu LSP 3892.9688 2.291977 0.4893227 2.283535747557497e-08 "" "" "" "" "" "" "" "" "" "" 0.9381443298969072 11.00037927649405 0.27129153312661053 3.3166819679453816 0.040898032393300324
J1312.8-0425 LogParabola fsrq LSP 544.1315 0.82578754 0.17955302 2.4317818624373606e-08 "" "" "" "" "" "" "" "" "" "" 0.41353383458646614 1.2492454490559475 0.09108547713471551 1.1176964923698864 0.04074696384775449
J1314.7+2348 LogParabola bll ISP 37.45344 0.23154698 0.068399355 9.694187197530212e-09 "" "" "" "" "" "" "" "" "" "" "" "" "" "" ""
J1315.1-5333 LogParabola bll LSP 277.10663 0.84847236 0.18729804 2.578537160309946e-08 "" "" "" "" "" 0.5523255813953488 0.5936154463018851 0.057315822295211934 0.7704644354555796 0.037195631399469326 0.09941520467836257 0.5990805191660238 0.032393428270330614 0.774002919352391 0.02092590832695711
J1315.9-0732 LogParabola bll HSP 70.68979 0.8358144 0.20572384 1.9565379651320816e-09 "" "" "" "" "" "" "" "" "" "" "" "" "" "" ""
J1316.1-3338 LogParabola fsrq LSP 677.63403 0.88829917 0.19193487 3.717341681624876e-08 "" "" "" "" "" "" "" "" "" "" 0.34285714285714286 2.1760585978204063 0.09157356728240894 1.4751469749894097 0.03103879438286696
J1317.6+3428 PowerLaw fsrq LSP 142.31038 0.82928675 0.190344 1.2310193992813843e-08 "" "" "" "" "" "" "" "" "" "" "" "" "" "" ""
J1318.2+6754 LogParabola bcu LSP 88.06897 1.0520401 0.25693622 1.016472519954913e-09 "" "" "" "" "" "" "" "" "" "" "" "" "" "" ""
J1318.7-1234 LogParabola bcu LSP 18.834553 0.20927453 0.12303364 4.701337318177012e-09 "" "" "" "" "" "" "" "" "" "" "" "" "" "" ""
J1319.5-0045 PowerLaw bcu LSP 51.715122 0.6946251 0.19243106 5.969380209790375e-09 "" "" "" "" "" "" "" "" "" "" "" "" "" "" ""
J1319.8+7759 PowerLaw bll ISP 35.318623 0.4214771 0.12742528 3.5754518667148786e-09 "" "" "" "" "" "" "" "" "" "" "" "" "" "" ""
J1320.7+3314 PowerLaw fsrq ISP 49.919716 0.98437804 0.2706116 4.435214355169731e-09 "" "" "" "" "" "" "" "" "" "" "" "" "" "" ""
J1321.1+2216 LogParabola fsrq LSP 366.49 0.57659274 0.1259572 3.576802436646402e-08 "" "" "" "" "" 0.7532751091703057 1.336506174550524 0.08879774588844021 1.156073602566257 0.038404884296002695 0.24503311258278146 1.280288370267035 0.06566146094348493 1.1314982855784779 0.02901527195417515
J1322.0+8317 PowerLaw fsrq LSP 109.10944 1.1547818 0.2726449 4.533668862567769e-09 "" "" "" "" "" "" "" "" "" "" "" "" "" "" ""
J1322.2+0842 PowerLaw fsrq LSP 34.532482 0.6099185 0.19527215 3.5431358763104147e-09 "" "" "" "" "" "" "" "" "" "" "" "" "" "" ""
J1322.6-0936 LogParabola fsrq LSP 429.5244 1.0314845 0.22553174 1.9698650743550453e-08 "" "" "" "" "" "" "" "" "" "" 0.9893617021276596 1.2206890995458486 0.17979806654124592 1.1048479983897552 0.08136778398625422
J1323.9+1405 LogParabola bll HSP 27.918558 0.42172167 0.14313927 1.6232657682218662e-09 "" "" "" "" "" "" "" "" "" "" "" "" "" "" ""
J1324.9+4748 PowerLaw fsrq "" 100.888916 0.8871819 0.2093646 1.0937235374619663e-08 "" "" "" "" "" "" "" "" "" "" "" "" "" "" ""
J1326.8-5256 LogParabola bll LSP 396.2782 0.68654746 0.15011697 3.017496312994655e-08 "" "" "" "" "" 0.5257142857142857 0.6704018063725837 0.061194056678132894 0.818780682706049 0.03736901588584633 0.11242603550295859 0.5760685559906474 0.040019552667533216 0.7589918023211103 0.026363626422016315
J1326.9+2210 LogParabola fsrq LSP 209.83745 0.5205173 0.116994835 2.741967697648343e-08 "" "" "" "" "" "" "" "" "" "" 0.3925925925925926 0.7103698105313465 0.08137557827162008 0.8428343909282218 0.048274951252285966
J1329.0-5607 LogParabola bll LSP 1066.732 0.8003936 0.17227289 6.966406520076799e-08 "" "" "" "" "" 0.5705882352941176 0.9095722412697206 0.05666804209603881 0.9537149685675068 0.029709108047845257 0.16149068322981366 0.8449899632786531 0.040062737594064306 0.9192333562695889 0.0217913858982696
J1330.2-7003 LogParabola bcu LSP 1092.9772 1.3560349 0.2914557 2.6418085267709864e-08 "" "" "" "" "" 0.9535452322738386 0.8708699785954844 0.10545336668319574 0.9332041462592654 0.0565006955369326 0.21428571428571427 1.0578752365595931 0.06480954086067758 1.028530620137093 0.031505887910288514
J1330.2+7002 PowerLaw bll HSP 32.79175 0.39738616 0.13034716 2.2827290873954493e-09 "" "" "" "" "" "" "" "" "" "" "" "" "" "" ""
J1330.7+2933 LogParabola bcu LSP 77.12215 1.3164562 0.3189778 1.9164927750583563e-09 "" "" "" "" "" "" "" "" "" "" "" "" "" "" ""
J1331.2-1325 LogParabola bll LSP 62.391518 0.82357085 0.21803075 7.039241865576304e-09 "" "" "" "" "" "" "" "" "" "" "" "" "" "" ""
J1332.0-0509 LogParabola fsrq LSP 2709.0525 1.2824053 0.2742118 6.872047597131998e-08 "" "" "" "" "" 0.9950372208436724 6.154920677631001 0.14576863438261362 2.480911259523605 0.029378042810488253 0.36496350364963503 3.372886773707855 0.11013243899231918 1.836542069680914 0.029983641760913737
J1332.2+4722 PowerLaw fsrq LSP 55.804783 0.8086973 0.21338212 5.334526883732988e-09 "" "" "" "" "" "" "" "" "" "" "" "" "" "" ""
J1332.6-1256 LogParabola fsrq LSP 858.3483 0.75146556 0.16210663 6.511673599866888e-08 "" "" "" "" "" "" "" "" "" "" 0.48412698412698413 0.8283343017160366 0.09461749044701277 0.9101287281017101 0.05198027901193716
J1333.2+2725 PowerLaw fsrq LSP 58.564056 0.53631264 0.13966562 7.413984741442056e-09 "" "" "" "" "" "" "" "" "" "" "" "" "" "" ""
J1333.7+5056 LogParabola fsrq LSP 379.9662 0.79219836 0.17339861 1.4509656800082998e-08 "" "" "" "" "" "" "" "" "" "" 0.504 0.84767824112773 0.12861765145575207 0.9206944341787507 0.06984817474783454
J1337.4+5502 PowerLaw fsrq LSP 30.917223 0.6289031 0.23061623 3.7036256960672995e-09 "" "" "" "" "" "" "" "" "" "" "" "" "" "" ""
J1337.6-1257 LogParabola fsrq LSP 329.70084 0.5757944 0.12657808 3.746790132874232e-08 "" "" "" "" "" 0.6729166666666667 0.22760409182307903 0.07623473411600093 0.4770787061094626 0.0798974394997514 0.13333333333333333 0.5800774774507779 0.04935545615992267 0.76162817532624 0.03240128041401663
J1337.9-1956 PowerLaw bcu LSP 29.140509 0.65593076 0.28080735 3.944160693152317e-09 "" "" "" "" "" "" "" "" "" "" "" "" "" "" ""
J1338.0+6534 PowerLaw fsrq LSP 34.597687 0.5610537 0.17579813 5.555192922524418e-09 "" "" "" "" "" "" "" "" "" "" "" "" "" "" ""
J1338.9+1153 PowerLaw bll ISP 36.735634 0.52926075 0.15922363 3.7075816948623893e-09 "" "" "" "" "" "" "" "" "" "" "" "" "" "" ""
J1339.0-2400 LogParabola bcu LSP 69.08666 0.5017968 0.12820046 1.0971968346456973e-08 "" "" "" "" "" "" "" "" "" "" "" "" "" "" ""
J1339.1-2620 PowerLaw fsrq LSP 42.04718 0.80908483 0.23723955 4.1575136838283605e-09 "" "" "" "" "" "" "" "" "" "" "" "" "" "" ""
J1339.9-0138 LogParabola fsrq LSP 57.57005 0.844716 0.2225491 1.933993323609271e-09 "" "" "" "" "" "" "" "" "" "" "" "" "" "" ""
J1340.4+6926 PowerLaw bcu LSP 172.14252 1.5393705 0.34654263 4.5131751920609215e-09 "" "" "" "" "" "" "" "" "" "" "" "" "" "" ""
J1341.8-2053 LogParabola fsrq LSP 123.35068 1.2320923 0.28372985 1.1609216688955797e-08 "" "" "" "" "" "" "" "" "" "" "" "" "" "" ""
J1344.2-1723 LogParabola fsrq LSP 520.5657 0.9155971 0.19917397 1.860401594155554e-08 "" "" "" "" "" "" "" "" "" "" 0.5327868852459017 1.0723354198181019 0.11055689962320392 1.0355362957511929 0.05338147010240928
J1345.5+4453 LogParabola fsrq LSP 5241.823 0.6488844 0.13860855 1.4923928098499928e-07 0.3832468495181616 1.1829643649836972 0.0247973695678038 1.0876416528359407 0.01139960459547802 0.21331316187594554 1.2092699723768054 0.019974275462180145 1.0996681191963353 0.009081956234567316 0.08045977011494253 1.1274784707964407 0.018186740108600333 1.0618278913253507 0.008563883213643991
J1345.6-3356 PowerLaw bll ISP 69.2752 0.94453067 0.23229551 4.730813965392517e-09 "" "" "" "" "" "" "" "" "" "" "" "" "" "" ""
J1345.8+0706 PowerLaw fsrq LSP 231.4825 1.0401707 0.23070857 1.7033762968424107e-08 "" "" "" "" "" "" "" "" "" "" "" "" "" "" ""
J1347.6-3751 LogParabola fsrq LSP 68.56274 0.53609544 0.13831277 7.486940827005676e-09 "" "" "" "" "" "" "" "" "" "" "" "" "" "" ""
J1349.5-1131 LogParabola fsrq ISP 535.04156 1.3135654 0.28442165 2.0841474995624006e-08 "" "" "" "" "" "" "" "" "" "" "" "" "" "" ""
J1350.8+3033 PowerLaw fsrq LSP 262.44943 0.9966704 0.22050987 1.3262732418317597e-08 "" "" "" "" "" "" "" "" "" "" 1.1123595505617978 2.9334962800230877 0.23791076695579938 1.712745246679461 0.06945305129792143
J1351.0+0029 PowerLaw fsrq LSP 121.90177 1.6073724 0.36809167 4.20153077567517e-09 "" "" "" "" "" "" "" "" "" "" "" "" "" "" ""
J1351.3+1115 LogParabola bll HSP 26.785776 0.25448903 0.09706907 3.541311245159982e-09 "" "" "" "" "" "" "" "" "" "" "" "" "" "" ""
J1351.7-2912 LogParabola bcu LSP 80.548805 0.8276269 0.20060839 6.432200850720191e-09 "" "" "" "" "" "" "" "" "" "" "" "" "" "" ""
J1352.7-2742 LogParabola bcu LSP 55.55505 0.70953894 0.19077264 1.1959584406793849e-08 "" "" "" "" "" "" "" "" "" "" "" "" "" "" ""
J1353.3+1434 PowerLaw bll LSP 42.378254 0.57173026 0.15521497 6.6193920307319704e-09 "" "" "" "" "" "" "" "" "" "" "" "" "" "" ""
J1354.8-1041 LogParabola fsrq LSP 197.77232 0.8460133 0.19020687 1.5617552513085143e-08 "" "" "" "" "" "" "" "" "" "" "" "" "" "" ""
J1357.1+1921 PowerLaw fsrq "" 40.61601 0.6167054 0.1798597 1.0959174947986779e-08 "" "" "" "" "" "" "" "" "" "" "" "" "" "" ""
J1358.1+7642 PowerLaw fsrq LSP 118.5193 0.76188374 0.17639193 6.375032830048751e-09 "" "" "" "" "" "" "" "" "" "" "" "" "" "" ""
J1359.1+5544 LogParabola fsrq LSP 84.446205 0.3919583 0.095344275 1.4738517289663882e-08 "" "" "" "" "" "" "" "" "" "" "" "" "" "" ""
J1359.4+0202 PowerLaw fsrq LSP 60.545902 1.1572943 0.29969335 4.205398665272234e-09 "" "" "" "" "" "" "" "" "" "" "" "" "" "" ""
J1359.7+4012 LogParabola fsrq LSP 51.201576 0.5432778 0.14480133 7.023711207758172e-09 "" "" "" "" "" "" "" "" "" "" "" "" "" "" ""
J1359.8-3746 PowerLaw bll ISP 53.71207 0.56780815 0.1495043 6.523560024515456e-09 "" "" "" "" "" "" "" "" "" "" "" "" "" "" ""
J1400.6-5605 LogParabola bcu "" 84.087166 0.7276602 0.17468147 1.890454783813017e-08 "" "" "" "" "" "" "" "" "" "" "" "" "" "" ""
J1404.8+6554 LogParabola bll LSP 45.223267 0.45200428 0.12548187 2.347627554417957e-09 "" "" "" "" "" "" "" "" "" "" "" "" "" "" ""
J1406.1-2508 PowerLaw bll ISP 32.997765 0.5574757 0.17201301 3.935866580891429e-09 "" "" "" "" "" "" "" "" "" "" "" "" "" "" ""
J1406.6-3934 LogParabola bll ISP 26.317602 0.69398445 0.4742171 5.3688699653358536e-11 "" "" "" "" "" "" "" "" "" "" "" "" "" "" ""
J1407.6-4301 PowerLaw bll LSP 57.545155 0.68747604 0.18201904 5.6553383469775676e-09 "" "" "" "" "" "" "" "" "" "" "" "" "" "" ""
J1408.9-0751 LogParabola fsrq LSP 1392.4369 1.1723727 0.2513727 4.226688584786121e-08 0.896969696969697 2.7067619872602644 0.06391051252043402 1.6452239930356791 0.019423042938521023 0.5431861804222649 2.639943153850249 0.06265821814429116 1.6247901876396993 0.019281941330318325 0.1910828025477707 2.462540785007798 0.038115138109945886 1.569248477777754 0.012144392251991076
J1410.1+0202 LogParabola bll LSP 49.652596 0.51504505 0.14005744 6.368395540538367e-09 "" "" "" "" "" "" "" "" "" "" "" "" "" "" ""
J1411.8+5249 PowerLaw bll HSP 39.861412 0.53752965 0.16025025 3.3471734323139343e-09 "" "" "" "" "" "" "" "" "" "" "" "" "" "" ""
J1412.9+5018 PowerLaw bcu "" 27.010223 0.6604141 0.25918537 2.90452900413295e-09 "" "" "" "" "" "" "" "" "" "" "" "" "" "" ""
J1415.5+4830 LogParabola bll LSP 169.41278 0.8312047 0.18740253 3.853719047207335e-09 "" "" "" "" "" "" "" "" "" "" "" "" "" "" ""
J1416.1+1320 LogParabola bcu LSP 1838.2279 1.9940581 0.42660362 1.888910609099784e-08 "" "" "" "" "" "" "" "" "" "" 0.5284552845528455 1.7285484740621038 0.09848499438671453 1.3147427406386787 0.03745409323913524
J1416.1-2417 PowerLaw bll HSP 22.558552 0.6667862 0.26582187 1.6779525709007753e-09 "" "" "" "" "" "" "" "" "" "" "" "" "" "" ""
J1417.9+4613 PowerLaw fsrq LSP 20.88892 0.5535662 0.25626957 3.111871614335242e-09 "" "" "" "" "" "" "" "" "" "" "" "" "" "" ""
J1418.4-0233 LogParabola bll HSP 91.2137 0.28306887 0.06905788 1.0453624729877673e-08 "" "" "" "" "" 0.49256505576208176 -0.5644103342765922 0.06995142794320522 0.0 0.1 0.056179775280898875 0.08461544444295323 0.026818969173626066 0.29088733977771053 0.046098550033357444
J1418.4+3543 LogParabola FSRQ "" 1735.1504 1.345678 0.28827864 2.2844197092565318e-08 "" "" "" "" "" "" "" "" "" "" 0.7570093457943925 2.931599680252216 0.1599189491074415 1.712191484692123 0.04670007722185269
J1419.4-0838 LogParabola fsrq LSP 624.98157 0.62961584 0.13672969 3.732360876462018e-08 "" "" "" "" "" "" "" "" "" "" 0.40601503759398494 1.2061699711064258 0.08011277689385929 1.0982576979499965 0.03647266804657845
J1419.5+3821 PowerLaw fsrq LSP 45.017815 0.46747458 0.12941913 1.1985274769094277e-08 "" "" "" "" "" "" "" "" "" "" "" "" "" "" ""
J1419.8+5423 LogParabola bll LSP 335.24088 0.6450191 0.14164077 1.9435667570870996e-08 "" "" "" "" "" "" "" "" "" "" 0.2702702702702703 0.4875612189489511 0.06860142816312799 0.6982558406121292 0.049123418790874875
J1421.1-1120 LogParabola bcu "" 37.030888 0.56352377 0.17089003 5.193282538300229e-09 "" "" "" "" "" "" "" "" "" "" "" "" "" "" ""
J1421.1+3859 PowerLaw fsrq "" 30.472248 0.747864 0.26615646 3.577123649133553e-09 "" "" "" "" "" "" "" "" "" "" "" "" "" "" ""
J1423.1+3738 LogParabola bll ISP 251.81818 1.4530227 0.3192711 3.238388267031794e-09 "" "" "" "" "" "" "" "" "" "" 2.032258064516129 2.1819203976767225 0.5103546426258706 1.4771324915784374 0.17275181662293362
J1423.5-7829 LogParabola fsrq LSP 212.26099 1.0844114 0.24342726 9.44458799333266e-09 "" "" "" "" "" "" "" "" "" "" "" "" "" "" ""
J1424.1-1750 PowerLaw bll HSP 32.47223 0.7256705 0.27997515 1.8229286220897288e-09 "" "" "" "" "" "" "" "" "" "" "" "" "" "" ""
J1424.2+0433 LogParabola bll LSP 216.26183 0.9646206 0.21512368 5.4981578426444185e-09 "" "" "" "" "" "" "" "" "" "" 1.160919540229885 0.8155227151510259 0.21492899028710477 0.9030629630048095 0.11900000281927191
J1424.6+1447 PowerLaw bll "" 46.68829 0.8798516 0.24454212 2.585445382431419e-09 "" "" "" "" "" "" "" "" "" "" "" "" "" "" ""
J1424.8-6808 LogParabola bcu LSP 145.98521 0.5199333 0.119698234 2.643251315124296e-08 "" "" "" "" "" "" "" "" "" "" 0.35507246376811596 0.43060441513341363 0.08585914477960331 0.6562045528136891 0.06542102185321215
J1427.0+2348 LogParabola BLL HSP 370.87347 0.25119606 0.05507706 5.501397201225569e-08 0.10716400236826525 0.09213145769300946 0.012359833682473712 0.30353164199636495 0.020360041544897206 0.012626262626262626 0.12994275951041712 0.00925905180323893 0.36047574052967435 0.012842822362517242 0.0 0.12123581998421125 0.007578556246696408 0.3481893450182117 0.01088280895887268
J1427.6-3305 LogParabola bll LSP 288.66898 0.6012469 0.13328755 2.4133204185065794e-08 "" "" "" "" "" "" "" "" "" "" 0.6785714285714286 1.0024658864480542 0.17875462764003489 1.0012321840852172 0.08926732004892318
