4LAC_variability_analysis/resulting_catalogs/df_filtered_4lac_luana_dr3.ecsv
# %ECSV 1.0
# ---
# datatype:
# - {name: Source_Name, datatype: string}
# - {name: SpectrumType, datatype: string}
# - {name: CLASS, datatype: string}
# - {name: SED_class, datatype: string}
# - {name: Variability_Index, datatype: float32}
# - {name: Frac_Variability, datatype: float32}
# - {name: Unc_Frac_Variability, datatype: float32}
# - {name: Spectrum_Flux_Estimated, datatype: float64}
# - {name: Norm_Excess_Var(3-days), datatype: float64}
# - {name: err_Norm_Excess_Var(3-days), datatype: float64}
# - {name: Fvar(3-days), datatype: float64}
# - {name: err_Fvar(3-days), datatype: float64}
# - {name: Norm_Excess_Var(weekly), datatype: float64}
# - {name: err_Norm_Excess_Var(weekly), datatype: float64}
# - {name: Fvar(weekly), datatype: float64}
# - {name: err_Fvar(weekly), datatype: float64}
# - {name: Norm_Excess_Var(monthly), datatype: float64}
# - {name: err_Norm_Excess_Var(monthly), datatype: float64}
# - {name: Fvar(monthly), datatype: float64}
# - {name: err_Fvar(monthly), datatype: float64}
# schema: astropy-2.0
Source_Name SpectrumType CLASS SED_class Variability_Index Frac_Variability Unc_Frac_Variability Spectrum_Flux_Estimated Norm_Excess_Var(3-days) err_Norm_Excess_Var(3-days) Fvar(3-days) err_Fvar(3-days) Norm_Excess_Var(weekly) err_Norm_Excess_Var(weekly) Fvar(weekly) err_Fvar(weekly) Norm_Excess_Var(monthly) err_Norm_Excess_Var(monthly) Fvar(monthly) err_Fvar(monthly)
J0001.2-0747 PowerLaw bll LSP 46.780693 0.40656525 0.11186972 9.825298762067532e-09 "" "" "" "" "" "" "" "" -0.1005589022509055 0.022186776836870342 0.0 0.1
J0001.5+2113 LogParabola fsrq ISP 1910.9358 0.9961379 0.21347848 6.391698902983224e-08 0.5441681378391776 0.02496108657615468 0.7376775297100879 0.016918697920732757 0.7029605767432121 0.028566570395793012 0.8384274427421923 0.017035803540949298 1.0352761691259023 0.036008389587112145 1.0174852181363139 0.017694797401119615
J0003.3-1928 LogParabola bcu LSP 49.879936 0.5918794 0.15997198 3.7156805885832167e-09 "" "" "" "" "" "" "" "" -0.12144927267112313 0.017513283842413158 0.0 0.1
J0004.3+4614 LogParabola fsrq LSP 139.03676 1.0162235 0.2342373 1.0867870933627991e-08 "" "" "" "" "" "" "" "" "" "" "" ""
J0004.4-4737 PowerLaw fsrq LSP 153.28648 0.82349813 0.18814608 1.0707918289380977e-08 "" "" "" "" "" "" "" "" 0.1564052390593037 0.048972204654049147 0.3954810223756681 0.06191473406216994
J0005.9+3824 LogParabola fsrq LSP 41.211475 0.36480123 0.107505776 1.4959579006631366e-08 "" "" "" "" "" "" "" "" "" "" "" ""
J0007.7+4008 LogParabola bcu "" 35.662487 0.51003826 0.15463914 2.493900431738488e-09 "" "" "" "" "" "" "" "" "" "" "" ""
J0009.3+5030 LogParabola bll HSP 204.73532 0.40872404 0.092225395 1.6757091625038766e-08 -0.16482650617005778 0.009823769658647471 0.0 0.1 -0.04893817678158725 0.016023388099598926 0.0 0.1 0.12064958925756301 0.022296397617964404 0.34734649740218054 0.032095325251183075
J0010.6+2043 PowerLaw fsrq LSP 30.502176 0.82655686 0.2866108 3.0114394507446147e-09 "" "" "" "" "" "" "" "" 0.5458875926259499 0.08583676270383307 0.7388420620308171 0.05808870874777891
J0010.6-3025 LogParabola fsrq LSP 168.7764 0.8408478 0.1900444 9.545340735816214e-09 "" "" "" "" "" "" "" "" 0.23849199299121587 0.04928690175982337 0.4883564200368578 0.05046201886329613
J0011.4+0057 LogParabola fsrq LSP 231.06699 0.9843933 0.2190029 1.1995542883639901e-08 "" "" "" "" 0.44601217849173314 0.05268483571692558 0.6678414321466835 0.039444120401138864 0.5526671889143475 0.05810301322357782 0.74341589229337 0.039078404044023955
J0014.1+1910 PowerLaw bll LSP 47.450222 0.8344805 0.22594748 4.933940172007191e-09 "" "" "" "" "" "" "" "" "" "" "" ""
J0014.3-0500 PowerLaw bcu LSP 24.513874 0.3875091 0.14616913 7.878678226142915e-09 "" "" "" "" "" "" "" "" -0.07442294350314581 0.036499316432326644 0.0 0.1
J0014.9+3212 LogParabola bcu LSP 42.14543 0.5126944 0.14218675 1.0222180651213596e-08 "" "" "" "" "" "" "" "" "" "" "" ""
J0016.2-0016 LogParabola fsrq LSP 101.33365 0.5474806 0.13025038 2.0704692135185972e-08 "" "" "" "" "" "" "" "" 0.15539648396847347 0.04266372833428029 0.3942036072494435 0.054113822843944205
J0017.0-0649 PowerLaw bcu LSP 40.29398 0.39170718 0.12806079 7.210025157037974e-09 "" "" "" "" "" "" "" "" "" "" "" ""
J0017.5-0514 LogParabola FSRQ LSP 277.9689 0.9674734 0.21379916 2.1430295929193944e-08 0.17053109228937507 0.032557886973325234 0.4129541043377279 0.03942070878014362 0.31837955513229604 0.04013312035543061 0.5642513226677418 0.035563160194010665 0.43883351312989866 0.04792992016318187 0.6624451019744192 0.03617652241697209
J0019.2-5640 PowerLaw bcu LSP 109.07163 1.0706934 0.25392365 4.062915812609721e-09 "" "" "" "" "" "" "" "" 0.7176326806567771 0.09895445048240648 0.847132032599864 0.05840556529229181
J0019.6+7327 LogParabola fsrq LSP 428.9323 1.2626213 0.2755288 2.8318728063001814e-08 "" "" "" "" "" "" "" "" 0.4843431765469467 0.044046759413481386 0.6959476823346326 0.03164516567231154
J0021.5-2552 LogParabola bll ISP 34.189217 0.28834793 0.09045195 6.9503217202199885e-09 "" "" "" "" -0.09259242941878898 0.029666983502694134 0.0 0.1 -0.05821668790411321 0.026993370171512668 0.0 0.1
J0021.9-5140 PowerLaw bll ISP 29.640602 0.2602695 0.09101473 5.634738821678656e-09 "" "" "" "" "" "" "" "" 0.048113678673478676 0.04412491370737552 0.21934830446912207 0.10058184359840137
J0022.5+0608 LogParabola bll LSP 218.54457 0.45973346 0.10273961 2.687140355246071e-08 -0.08061884040788828 0.01441251924431615 0.0 0.1 0.028297544228280753 0.01929215989317006 0.1682187392304459 0.05734248152562057 0.22844542646933788 0.02616560462943404 0.47795964941544794 0.027372189955192854
J0023.7-6820 LogParabola fsrq LSP 41.90163 0.39624077 0.113331325 1.3452104351854601e-08 "" "" "" "" "" "" "" "" -0.031125163993288848 0.028460367676772902 0.0 0.1
J0023.7+4457 LogParabola fsrq "" 118.54512 0.59952384 0.1400515 1.3935794025668095e-08 "" "" "" "" "" "" "" "" 0.04614906170414006 0.02886880674863476 0.21482332672254206 0.06719197395616316
J0024.4+4647 PowerLaw bcu "" 31.768759 0.60275215 0.21110031 4.666566151657427e-09 "" "" "" "" "" "" "" "" "" "" "" ""
J0024.7+0349 PowerLaw fsrq "" 105.34175 1.9864906 0.4791569 3.3430288908323323e-09 "" "" "" "" "" "" "" "" "" "" "" ""
J0025.7-4801 LogParabola bcu LSP 96.9369 1.2823898 0.30014652 1.5773068048065511e-09 "" "" "" "" "" "" "" "" "" "" "" ""
J0029.0-7044 PowerLaw bll LSP 58.97206 0.5186039 0.1371657 6.884674936972755e-09 "" "" "" "" "" "" "" "" "" "" "" ""
J0030.2-1647 LogParabola bll HSP 40.59725 0.7573207 0.22829282 5.927345967696193e-10 "" "" "" "" "" "" "" "" "" "" "" ""
J0030.3-4224 LogParabola fsrq LSP 138.98315 0.37055287 0.08603619 2.8809500542311667e-08 0.3600654225647668 0.02889404879235894 0.6000545163272807 0.024076186418201705 0.4686731478946299 0.03145314687555763 0.6845970697385652 0.022972013952359597 0.6528141552908103 0.03510873103374639 0.8079691549129895 0.021726529298960223
J0030.6-0212 LogParabola fsrq LSP 821.95544 0.86677736 0.18714087 3.311832085087464e-08 0.22625761746824777 0.023120678831140884 0.47566544699846314 0.024303508881122895 0.377497749754457 0.027683877771289295 0.6144084551456441 0.022528887370801966 0.5853330356720342 0.032836652064883884 0.7650706082918323 0.021459883381350936
J0032.3-5522 LogParabola bcu "" 308.65665 1.4966433 0.32826984 3.747544987899102e-09 "" "" "" "" "" "" "" "" "" "" "" ""
J0033.5-1921 LogParabola bll HSP 92.86173 0.2741329 0.0667558 9.815004089456027e-09 "" "" "" "" -0.11614112308194047 0.01401932502246622 0.0 0.1 0.10272164603552827 0.02254466377850694 0.32050217789514046 0.03517084334116902
J0033.9+3858 LogParabola bcu LSP 33.331326 0.68494487 0.20850971 2.2168066041614014e-09 "" "" "" "" "" "" "" "" "" "" "" ""
J0034.0-4116 PowerLaw bcu LSP 39.682926 0.74232674 0.2096706 5.645882093026922e-09 "" "" "" "" "" "" "" "" 0.5398575685374462 0.07982161230277536 0.7347500041085037 0.05431889204248835
J0035.2+1514 LogParabola bll ISP 35.077538 0.28743574 0.08924297 3.5909723182211974e-09 "" "" "" "" -0.2133600615921527 0.022027822276395544 0.0 0.1 -0.10371094572383703 0.019211060461861117 0.0 0.1
J0035.8+6131 PowerLaw bcu "" 28.802801 0.57795507 0.19344969 1.7449067140857927e-08 "" "" "" "" "" "" "" "" "" "" "" ""
J0035.9+5950 LogParabola bll HSP 252.02275 0.4945189 0.10990695 1.201110323756939e-08 -0.14580793600315184 0.02033839096654383 0.0 0.1 -0.018245951301224552 0.028489697731862187 0.0 0.1 0.1779320198646766 0.029378367225281424 0.4218198903141916 0.03482335458790126
J0036.9+1832 PowerLaw bcu "" 97.43484 1.1231472 0.27078244 6.100059977556044e-09 "" "" "" "" "" "" "" "" "" "" "" ""
J0037.8+1239 PowerLaw bll HSP 64.20117 0.5054583 0.1291106 1.1508548357836818e-08 "" "" "" "" "" "" "" "" -0.02231903316971782 0.0329260183593104 0.0 0.1
J0038.2-2459 LogParabola fsrq LSP 2709.9248 1.3562248 0.28996694 3.656834326211453e-08 0.8352366992170462 0.026486844754538684 0.913912850996771 0.014490902893886687 0.9981126476455303 0.028437699277002754 0.9990558781397216 0.01423228665145076 1.1935884594208066 0.02959481161922256 1.092514741054237 0.01354435345680766
J0039.1+4330 LogParabola bcu ISP 31.704056 0.65184945 0.23183614 9.130174502164304e-10 "" "" "" "" "" "" "" "" "" "" "" ""
J0043.8+3425 LogParabola fsrq LSP 224.46927 0.4441203 0.099531844 1.659317067298205e-08 -0.04729313482936472 0.014276232824098317 0.0 0.1 0.10242173530733698 0.019911465398432898 0.3200339596157523 0.031108363347345278 0.29706004333425623 0.025059828010555042 0.5450321488997288 0.02298931178751932
J0044.2-8424 PowerLaw fsrq LSP 53.470932 0.80801016 0.21877652 5.8002285977593074e-09 "" "" "" "" "" "" "" "" "" "" "" ""
J0045.1-3706 PowerLaw fsrq LSP 155.56012 0.7487317 0.17197135 1.2965655124963251e-08 "" "" "" "" "" "" "" "" 0.15984825249114393 0.043492725409471585 0.3998102706173816 0.054391706023848144
J0045.3+2128 LogParabola bll HSP 250.93938 0.8666426 0.19069557 5.343042545879169e-09 -0.08230487250358767 0.03277732228055598 0.0 0.1 0.16597524717949583 0.048399654362139444 0.4074005979125409 0.059400568641936165 0.409771327344605 0.057036628905176065 0.6401338354942698 0.044550550012042466
J0045.7+1217 PowerLaw bll "" 33.83813 0.2989295 0.094101235 7.743249720949579e-09 "" "" "" "" -0.15690320137884906 0.0210248855625737 0.0 0.1 -0.056459417009180876 0.025425849296430304 0.0 0.1
J0047.0+5657 LogParabola bll LSP 102.43012 0.7081358 0.16647492 5.4534362798586395e-09 "" "" "" "" "" "" "" "" -0.01470722093817019 0.03606350415460393 0.0 0.1
J0047.9+3947 PowerLaw bll "" 73.099915 0.48492384 0.12252718 6.1150915323927715e-09 "" "" "" "" "" "" "" "" -0.10056587722503399 0.02302974273201939 0.0 0.1
J0047.9+2233 PowerLaw fsrq LSP 136.75381 1.3932493 0.31801954 7.672984931576866e-09 "" "" "" "" "" "" "" "" "" "" "" ""
J0049.7+0237 LogParabola bll LSP 236.63927 0.50197613 0.112902254 1.8051977520196372e-08 -0.05514360231121783 0.0156203507338035 0.0 0.1 0.09907205608675593 0.023103265425317557 0.3147571382617969 0.03670014531346639 0.19959885003802907 0.02849612175168388 0.4467648710877222 0.03189163203712213
J0050.0-5736 PowerLaw fsrq LSP 741.8053 1.2299153 0.26537967 2.321036693711337e-08 "" "" "" "" 0.39566345688146787 0.037378085695424716 0.6290178510038231 0.0297114665631306 0.7443672072925377 0.05037631032703168 0.8627671802360922 0.02919461442265713
J0050.4-0452 LogParabola fsrq LSP 224.74948 0.7686617 0.17082424 1.6572329695841097e-08 "" "" "" "" 0.20834241266318002 0.040263523233396076 0.4564454103868063 0.044105518773072436 0.328094238299871 0.04706852656661536 0.5727951102269214 0.04108670423877087
J0050.7-0929 LogParabola BLL ISP 173.04103 0.2895267 0.065945946 3.1433391421994014e-08 -0.05891586474182885 0.012473041714916243 0.0 0.1 0.09562584772213492 0.01872166286118433 0.3092342926037391 0.030271000514769487 0.1872441641290836 0.018336128978358453 0.4327171872355934 0.021187197457418445
J0051.1-0648 LogParabola fsrq LSP 187.1347 0.74358106 0.16811486 1.4987931577000044e-08 "" "" "" "" "" "" "" "" 0.3550392850648401 0.05568197178906036 0.595851730772715 0.04672468746281111
J0051.2-6242 LogParabola bll HSP 166.1224 0.48359662 0.10924634 5.293204354102136e-09 -0.2531976819403335 0.010279890449240318 0.0 0.1 -0.12117965654067613 0.01914632833853658 0.0 0.1 0.13045046532602905 0.030393857042708375 0.3611792703437298 0.04207586029755102
J0051.5-4220 LogParabola fsrq LSP 109.69057 0.6494442 0.15332252 1.512173743085013e-08 "" "" "" "" "" "" "" "" 0.22565566849927873 0.043340403395800385 0.47503228153387506 0.045618376982564844
J0055.1-1219 LogParabola bcu LSP 170.33379 0.83226466 0.1893077 7.925088531901094e-09 "" "" "" "" -0.0028270918849527087 0.026550806767464873 0.0 0.1 0.16826543011775977 0.03699011820727463 0.4102016944355054 0.04508771990590894
J0056.3-0935 PowerLaw bll ISP 42.58103 0.3573879 0.10387957 5.615531103973275e-09 -0.2812252865823536 0.01961687646120072 0.0 0.1 "" "" "" "" -0.03705173036762341 0.036692825646912036 0.0 0.1
J0056.4-2118 LogParabola bll ISP 37.195053 0.28900564 0.087315865 4.464391117589836e-09 -0.2591980228125322 0.0221085210385316 0.0 0.1 -0.12859462131893962 0.035961551318027245 0.0 0.1 -0.041259247450938195 0.02898690299641748 0.0 0.1
J0056.6-5317 PowerLaw bcu ISP 33.362465 0.68480986 0.21572877 2.482686287234244e-09 "" "" "" "" "" "" "" "" "" "" "" ""
J0058.0-0539 PowerLaw fsrq LSP 70.91955 0.57147014 0.14721848 1.0852499180696768e-08 "" "" "" "" "" "" "" "" 0.06034416595548014 0.04329076782438751 0.24565049553273882 0.08811455423792942
J0058.0-3233 LogParabola bll LSP 75.64645 0.34841296 0.08621674 9.226519208071519e-09 -0.23240350898291823 0.004675502036176948 0.0 0.1 -0.12160711816694283 0.019802877431703354 0.0 0.1 0.08449134104006858 0.030005149369518837 0.2906739428295364 0.05161307043458509
J0058.4+3315 PowerLaw fsrq LSP 85.0194 1.3511356 0.3256 3.4301536308574856e-09 "" "" "" "" "" "" "" "" "" "" "" ""
J0100.3+0745 LogParabola bll ISP 69.08232 0.31829095 0.08114371 7.693708520864806e-09 0.01951560668345257 0.04010899527495021 0.1396982701519692 0.14355580506228918 0.059703951244391575 0.04344145098639756 0.2443439200070089 0.08889406985275398 0.5264316959742987 0.11031358733649362 0.7255561287552458 0.07602002309989864
J0102.4+4214 LogParabola fsrq LSP 168.48021 0.9150152 0.20795405 1.422642976126584e-08 "" "" "" "" "" "" "" "" 0.15022993658136416 0.04342482599916669 0.38759506779803604 0.0560182902298876
J0102.8+5824 LogParabola fsrq LSP 955.4202 0.877021 0.18849501 5.908612182150528e-08 0.23166853185363845 0.015816663297375834 0.48131957352017013 0.016430521598882187 0.4227386958835942 0.020724051025959204 0.650183586292052 0.015937076437246674 0.5672047259808474 0.02231970367284395 0.7531299529170562 0.014817963079541774
J0103.5+5337 LogParabola bll "" 43.887676 0.43949983 0.124967664 2.1767664985700668e-09 "" "" "" "" -0.14369186525319602 0.054785635965065964 0.0 0.1 -0.16457033784781833 0.016880583397513915 0.0 0.1
J0103.8+1321 PowerLaw bll "" 41.098812 0.89384323 0.263389 2.3868263945808493e-09 "" "" "" "" "" "" "" "" "" "" "" ""
J0104.8-2416 LogParabola fsrq LSP 86.89989 0.66464436 0.16205388 1.100375262957302e-08 "" "" "" "" "" "" "" "" "" "" "" ""
J0105.1+3929 PowerLaw bll LSP 102.91723 0.78234667 0.1856753 7.655891582866501e-09 "" "" "" "" "" "" "" "" 0.17782689517975037 0.04495471226566116 0.4216952634068236 0.05330236804473168
J0107.4+0334 PowerLaw bll LSP 51.945957 0.85697 0.24898925 3.347420165880097e-09 "" "" "" "" "" "" "" "" "" "" "" ""
J0108.6+0134 LogParabola fsrq LSP 7107.277 0.85781705 0.18312162 2.097444350944693e-07 1.1736060084742557 0.011078838538721403 1.0833309782676095 0.005113321210678356 1.3467085414685889 0.012156637673038621 1.1604777212288864 0.005237772966535439 1.3479531800998055 0.01142484415058442 1.1610138587027312 0.004920201453645897
J0109.7+6133 LogParabola fsrq LSP 1024.9794 1.087106 0.23398246 6.044853584552656e-08 "" "" "" "" 0.45232820158792053 0.0264183499508931 0.6725534934768539 0.019640333599577307 0.7379431386024126 0.03354496684419852 0.8590361683901397 0.019524769781849124
J0111.5-2546 PowerLaw bcu ISP 27.98214 0.77155095 0.2839496 2.6943307429212795e-09 "" "" "" "" "" "" "" "" "" "" "" ""
J0112.0-6634 LogParabola fsrq LSP 34.180763 0.34571588 0.10994588 1.0850909832050628e-08 "" "" "" "" "" "" "" "" "" "" "" ""
J0112.1+2245 LogParabola BLL LSP 475.1801 0.2763648 0.060319703 8.296356202413283e-08 0.2530850274336999 0.012100176830393704 0.5030755683132505 0.012026202018678909 0.3524254348152611 0.013435527158879097 0.5936543058171659 0.0113159519161451 0.3429960180165634 0.012171663943343205 0.5856586190064681 0.010391432438910952
J0112.8+3208 LogParabola fsrq LSP 1211.0096 0.7968676 0.1713113 4.726379057370367e-08 3.512799136991264 0.03883419434434552 1.87424628504134 0.010359949664643183 4.171465653600444 0.04393614706484469 2.042416620966556 0.010755921836371536 4.935440669405997 0.04931330670083625 2.2215851704145844 0.011098675701826363
J0113.1-3553 LogParabola fsrq LSP 150.41382 0.9041533 0.2054317 7.460640111501069e-09 "" "" "" "" "" "" "" "" 0.26422821324048495 0.05739568958334203 0.5140313348819164 0.055828979371974466
J0113.4+4948 LogParabola fsrq LSP 460.0459 1.0018237 0.21734662 1.768009055001285e-08 "" "" "" "" 0.5459135763918133 0.05253126804929957 0.7388596459354193 0.03554888153540538 0.9101222725010633 0.06745262066805308 0.9540032874686876 0.035352404731764105
