4LAC_variability_analysis/resulting_catalogs/monthly_significant_variability.ecsv
# %ECSV 1.0
# ---
# datatype:
# - {name: Source_Name, datatype: string}
# - {name: Norm_Excess_Var(monthly), datatype: float64}
# - {name: err_Norm_Excess_Var(monthly), datatype: float64}
# - {name: Norm_Excess_Var(3-days), datatype: float64}
# - {name: err_Norm_Excess_Var(3-days), datatype: float64}
# schema: astropy-2.0
Source_Name Norm_Excess_Var(monthly) err_Norm_Excess_Var(monthly) Norm_Excess_Var(3-days) err_Norm_Excess_Var(3-days)
J0001.5+2113 0.8218393011044315 0.031840671908688466 "" ""
J0009.3+5030 0.07624467041330849 0.019028353295029273 "" ""
J0011.4+0057 0.38257065231294446 0.04981011510810179 "" ""
J0017.5-0514 0.30286908247102096 0.037816801463296544 "" ""
J0019.6+7327 0.3258378430523957 0.03673852382219503 "" ""
J0022.5+0608 0.15940998771679432 0.022666191226919714 "" ""
J0030.3-4224 0.541162725502309 0.03203036361783577 "" ""
J0030.6-0212 0.46946198479641715 0.029430292952282507 "" ""
J0033.5-1921 0.07305211133446703 0.020117783751002292 "" ""
J0035.9+5950 0.12097040983146784 0.02582320770578538 "" ""
J0038.2-2459 0.9238587590589364 0.02586301645785163 "" ""
J0043.8+3425 0.22499821650164553 0.022202528027602208 -0.01947133413902136 0.015863097641485597
J0045.3+2128 0.3486800821374294 0.05535079767524039 "" ""
J0049.7+0237 0.14175494276611975 0.022859614895698665 "" ""
J0050.0-5736 0.5062012449640398 0.04263004363088936 "" ""
J0050.4-0452 0.23118084410750095 0.04220105402758714 "" ""
J0050.7-0929 0.17420790495408464 0.017753368580011482 -0.049707680884281194 0.011065332861446486
J0051.1-0648 0.22254639861562212 0.04390725981693717 "" ""
J0051.2-6242 0.0877647317769445 0.027002487971213553 "" ""
J0051.5-4220 0.1772799622597296 0.04170471711109498 "" ""
J0102.8+5824 0.5053505299481676 0.02101386349295381 0.19559050641126183 0.01582250229845567
J0104.8-2416 0.16778998698108183 0.054155060673547396 "" ""
J0105.1+3929 0.13855893915135103 0.04193535814208607 "" ""
J0108.6+0134 1.326296618779762 0.011323539085775675 0.9612246579345263 0.009987984314926347
J0109.7+6133 0.45420712256634244 0.025795936835560473 "" ""
J0112.1+2245 0.3379917110834523 0.012077166420629603 0.18010404604885943 0.010745317654108804
J0112.8+3208 4.221928767501863 0.04510436354985385 2.5832099090280325 0.03331844930233534
J0113.4+4948 0.598864609199826 0.05705145428673987 "" ""
J0115.8+2519 0.18252657604752576 0.036458451536211106 "" ""
J0116.0-1136 1.5769345732229156 0.1065343921896909 "" ""
J0118.9-2141 0.4256541461876287 0.03115708621447446 "" ""
J0120.4-2701 0.034647000039225995 0.010906152154793021 -0.1268297921144533 0.008457367712150885
J0132.7-1654 0.482953856139583 0.027632387540528332 0.3070081905735937 0.02617850995805094
J0133.1-5201 1.7424224657652467 0.04088925539502074 "" ""
J0136.5+3906 0.0572920479218173 0.012039908781195452 -0.15240964682930427 0.004732706558500277
J0137.0+4751 0.4232782530491189 0.019323310307005414 0.1819493312990646 0.01532623503864703
J0137.6-2430 0.3539547008389697 0.03764724696547618 "" ""
J0141.4-0928 0.49233731218525034 0.02269676144912597 0.10481277842651508 0.014871451152636385
J0143.1-3622 0.34689961045704937 0.03936399859751296 "" ""
J0144.6+2705 0.15312209367452517 0.011067119641662371 -0.01925246497642825 0.007222644174106117
J0200.6-6637 0.19803303054328367 0.04132569484211373 "" ""
J0203.7+3042 0.7844679099540306 0.047284377044230747 "" ""
J0204.8+1513 0.6614231223209571 0.04585008234643824 "" ""
J0205.0-1700 1.6599675775416198 0.03987036398588087 1.8866666878870897 0.04303003496145335
J0205.2+3212 0.4517694220864616 0.03867375759493635 "" ""
J0206.4-1151 0.517872417425758 0.05008034707723562 "" ""
J0209.3-5228 0.06924892123268879 0.01927280774687588 "" ""
J0210.7-5101 1.4703061576972691 0.01735533822036091 0.7624366403595159 0.012623579947247917
J0211.2+1051 0.2895517099356405 0.015304903047369254 0.10138269860452091 0.012217001047386036
J0217.2+0837 0.230846706863458 0.02539764889058484 "" ""
J0217.4+7352 0.0749339319830417 0.022435900803465116 "" ""
J0217.8+0144 0.39346230144635824 0.020126408113149623 0.08483199386659884 0.012821615957182692
J0221.1+3556 3.2509374466221512 0.038100654389331905 2.471218899228383 0.03374063525177372
J0222.0-1616 0.18100278898629582 0.043127608176933854 "" ""
J0222.6+4302 0.36961240637429493 0.011298562797792124 0.2672999115208329 0.010475466189556882
J0225.1-2604 0.3124735098254446 0.04898391476899476 "" ""
J0228.3-5547 0.890339027047782 0.026117905286949794 0.40360004054181503 0.019290524397752678
J0229.5-3644 0.6181310080818185 0.043591968081153364 "" ""
J0230.8+4032 0.31156577049631407 0.03488701023645685 "" ""
J0231.2-4745 1.2426500651767545 0.05347365133493507 "" ""
J0236.8-6136 2.616312129267979 0.10489475612965385 "" ""
J0237.8+2848 1.1666556767571545 0.01956746905637788 0.7570469628396244 0.012693764906667541
J0238.6+1637 1.2398539300560885 0.023716287925777287 0.6614878352921283 0.017473321970092208
J0239.7+0415 0.17420750794234616 0.04062497599686961 "" ""
J0242.3+1102 0.269949933454341 0.05068322002778026 "" ""
J0242.3+5216 0.12800067720889743 0.03836838327776081 "" ""
J0245.9-4650 0.6527432875461074 0.027534764852075056 0.3066234549512914 0.02124139834297977
J0252.8-2219 0.8379160230536173 0.024473218583663792 0.30485350727227273 0.016499991151993815
J0253.2-5441 0.8289468043090836 0.057991958378545753 "" ""
J0259.4+0746 0.40469562636307577 0.037646395863716944 "" ""
J0301.6-7155 1.3909248495306283 0.04421316612337711 "" ""
J0303.4-2407 0.7627655880681131 0.029407793056736516 0.5693802986236313 0.030804172134518866
J0303.6+4716 0.09836504033549183 0.01689932700290228 -0.02819306595191612 0.017909312016420115
J0303.6-6211 0.1999954630639306 0.029856406997453653 "" ""
J0304.5+6821 0.24539361049379615 0.053126965431341586 "" ""
J0309.9-6058 0.6251238626168886 0.022678309670581664 0.22805310208584528 0.015750476198496937
J0319.8+4130 0.3088337757794611 0.006699636316760933 0.31552548993658297 0.005651673323881722
J0324.8+3412 0.30040872707771443 0.029135995418418426 "" ""
J0325.7+2225 0.3049713543282362 0.027675894436265537 "" ""
J0334.2-3725 0.1743954633909939 0.020091520598657604 -0.009055354069283686 0.01824208884729151
J0334.2-4008 0.3411147273820446 0.017799273387893763 0.21501032115195848 0.017938922601666688
J0339.5-0146 0.5409754161005806 0.016113353268884967 0.37464012730831137 0.014194504848014582
J0349.8-2103 0.6123490531408765 0.05244428883346253 "" ""
J0359.6+5057 0.2745010134745944 0.019611855145266272 "" ""
J0401.7+2112 0.2636761314806832 0.03624600158136833 "" ""
J0401.9-2034 0.3556563061186233 0.032860807530111044 "" ""
J0403.9-3605 1.6696336742656173 0.016965322163075298 1.4556913227086494 0.016126316073910348
J0405.6-1308 0.44071769751041984 0.04436149812141016 "" ""
J0407.0-3826 0.3615435693159429 0.019095649977342345 0.13923279348496617 0.015159467456186104
J0407.5+0741 0.20026893799311807 0.05017928897291111 "" ""
J0422.1-0644 0.24512126544363588 0.030317991313437185 "" ""
J0423.3-0120 0.3855691886443793 0.021128509497377688 0.06918118049738849 0.013163502888700551
J0427.3-3900 0.13460041338280584 0.030081735423057927 "" ""
J0428.6-3756 0.5701287614191818 0.009648029745006377 0.4861411866195065 0.00936517940994205
J0433.0+0522 0.22516408070713245 0.046012792679091204 "" ""
J0433.6-6030 0.2786232803057496 0.031674348880874566 "" ""
J0433.6+2905 1.12408926655211 0.06479642822424778 "" ""
J0442.6-0017 1.1714198064443906 0.03156809412527472 0.7989114342730216 0.026763330301487434
J0449.1+1121 0.3675516685869323 0.023319129261788803 0.13957268760277847 0.019519369103804793
J0449.2+6329 0.34401906325015713 0.04611791226578913 "" ""
J0449.4-4350 0.2744825144270543 0.01179848685304924 0.154988733157796 0.01101534214983128
J0453.1-2806 0.2505724357599171 0.018121022716577288 0.10033143799088669 0.01699923389354198
J0455.7-4617 0.10096789813827038 0.024160234534121163 "" ""
J0457.0-2324 0.38366896391785404 0.006312581149868758 0.35985017008660364 0.0064837762357701475
J0501.2-0158 0.6633358409699761 0.017674564795765988 0.4035394494667255 0.014335715418885397
J0505.3+0459 1.9135019987137163 0.03855269286748311 1.1887288836174674 0.029256431303921422
J0507.7-6104 0.11472020513921379 0.0367647759617754 "" ""
J0509.4+0542 0.45421621089914643 0.018370288505848088 0.25898038486187225 0.016547111014755502
J0510.0+1800 3.762518199474032 0.08158815562039083 "" ""
J0515.6-4556 1.1494886046546393 0.03235406738544069 "" ""
J0516.7-6207 0.17804344335712158 0.021874465153334684 -0.016419781946126106 0.019112178740485482
J0521.7+2112 0.3288988565956746 0.014940948981709995 0.12257594363652549 0.011862369795918142
J0522.9-3628 0.402921644472928 0.01328692988625016 0.3808147910906134 0.014345784451338817
J0526.2-4830 0.7521932588849342 0.02609830337109366 0.1897027884629832 0.014820352100014944
J0530.9+1332 0.24312619155325466 0.03146350418935881 "" ""
J0532.0-4827 1.8664475646277037 0.052425159259240406 "" ""
J0532.6+0732 0.5082451721139182 0.021584551756082003 0.23719230585305415 0.01739087964438705
J0533.3+4823 0.1341662158210205 0.01641768719266354 -0.03327575061648672 0.008290862910231156
J0536.4-3401 0.4878377109324321 0.036160916880980276 "" ""
J0538.8-4405 0.6749497537405004 0.00950345741001164 0.4871773543467188 0.008377346834680758
J0539.9-2839 0.8252373082798778 0.030208179842209224 0.4670969883191247 0.023650372329616805
J0543.9-5531 0.3476530695956458 0.03333476618307945 "" ""
J0555.6+3947 0.16183701775042306 0.02940270689794388 "" ""
J0601.1-7035 0.3200412623522796 0.02618785452451691 "" ""
J0607.4+4739 0.13166512137291048 0.020160392930106037 -0.023013604809245133 0.018882901789216963
J0608.0-0835 0.23511475225938283 0.036532007662414274 "" ""
J0608.1-1521 0.2975089267924402 0.04011617860303233 "" ""
J0611.6-2712 0.10424715146403539 0.02820342639511247 "" ""
J0612.8+4122 0.06873077408611916 0.01288795829816122 -0.07906351788826677 0.009571946758612589
J0622.3-2605 0.1344543673601264 0.028321872034454427 "" ""
J0629.3-1959 0.4247796018749388 0.04696648310108662 "" ""
J0630.9-2406 0.04319638155133946 0.010502494358517238 -0.14741046317071693 0.0041281506351881405
J0634.9-2335 0.5680770620912103 0.047171911106389346 "" ""
J0635.6-7518 0.3269640560351123 0.0414283248118589 "" ""
J0643.3+0857 0.40420316763264974 0.031331401869288004 "" ""
J0644.4-6712 0.4993326695428944 0.04406674889165499 "" ""
J0648.0-3045 0.2128288952013917 0.02869647615133565 "" ""
J0648.4-1743 1.0572422976919464 0.024830693950138902 "" ""
J0650.7+2503 0.22474701929398075 0.022084741822626167 -0.02151779866779373 0.016493760276957863
J0654.3+5042 0.23943447051810382 0.04084354763762104 "" ""
J0654.4+4514 1.2978155889052967 0.06705929572609576 "" ""
J0656.3-0322 0.11155282375339977 0.025098812526846558 "" ""
J0700.5-6610 0.1980587112384074 0.01751147237583378 -0.07943216102554698 0.007360758495105301
J0701.5-4634 0.37487274093089196 0.02915212019833128 "" ""
J0702.7-1951 0.18447023053810827 0.035861698903103235 "" ""
J0703.3-0050 0.2239347854815328 0.06110924257484664 "" ""
J0706.8+7742 0.36492823786177114 0.05982458132922043 "" ""
J0709.1+2241 0.15124058793343423 0.04120784405710917 "" ""
J0709.7-0255 0.2023796047065852 0.035577809113934857 "" ""
J0710.8-3851 0.2415441154603167 0.06355336998966915 "" ""
J0713.8+1935 0.4109294316760717 0.034393289543310154 "" ""
J0719.3+3307 0.8121069777084021 0.028391842089736004 0.3762006645437943 0.02111879339709368
J0721.3+0405 0.10332853842452822 0.027157542841848115 "" ""
J0721.9+7120 0.34093712008876786 0.0085709606182017 0.4336582140757044 0.006753309408158945
J0725.2+1425 1.9212067698814295 0.046434492609895 0.9703747306890194 0.03372841037919675
J0726.4-4727 0.12372634327083591 0.026986833251532456 "" ""
J0730.3-1141 0.5296103909930033 0.013412390121673666 0.2293603602434671 0.009715602764768135
J0734.0+5021 0.32511798081791254 0.04222415449432269 "" ""
J0738.1+1742 0.6984361429990921 0.026212669145981676 0.35976188550366384 0.02071812483636089
J0739.2+0137 0.8393392884084125 0.017706337092186362 0.6582885941590573 0.0162009462916933
J0742.6+5443 1.039596820493121 0.037472642635270156 "" ""
J0746.6-4754 0.45940570667780845 0.03884865506547512 "" ""
J0747.3-3310 0.14855238071653581 0.03058148027084075 "" ""
J0748.6+2400 0.6563586224368948 0.0747202713378943 "" ""
J0750.8+1229 0.20504528401827893 0.03182563030799217 "" ""
J0751.0-5131 0.3298117789359848 0.042131417537642546 "" ""
J0807.1-0541 0.11386540115429092 0.03404851374870332 "" ""
J0808.2-0751 0.9379057561653116 0.018373269650608034 0.5422121620929865 0.014696868641415931
J0809.5+5341 0.2519135203905123 0.03234356281406616 "" ""
J0809.8+5218 0.2919523681293903 0.020974884393454303 0.00613407638721739 0.014560769701215713
J0811.4+0146 0.22159958850843808 0.01900886020663258 -0.055593923921242794 0.009746053134085693
J0814.6+6430 0.1882889000490674 0.025472646420655328 "" ""
J0818.2+4222 0.09983271613205474 0.008764058519285809 -0.04322503857096593 0.0058262930740394575
J0824.7+5552 0.18884302687433802 0.03782220515622804 "" ""
J0825.9-2230 0.16183891126968533 0.013401650923392705 -0.007044392196007772 0.011047501608199367
J0830.8+2410 1.596042398903905 0.06082581920641934 "" ""
J0831.8+0429 0.36913764079820727 0.02310677849853341 0.18976597804198014 0.02012605903932987
J0839.8+0105 1.0301789347725345 0.05332212096584338 "" ""
J0841.3+7053 1.7736998285300576 0.028715441984591236 1.6828452002251486 0.027031429977479985
J0849.8-3541 0.16585846782615563 0.04638252231652324 "" ""
J0850.0+4855 0.2974861819344732 0.029095825252776385 "" ""
J0850.0+5108 0.7458661867202637 0.043922933650052655 "" ""
J0850.1-1212 0.7971192582766251 0.04371988411841263 "" ""
J0852.5-5755 0.6857498516516639 0.03681132402168059 "" ""
J0854.8+2006 0.7171890055568148 0.02288628278192496 0.45133216613137034 0.019825246544152002
J0904.9-5734 2.6447269097894326 0.022351285564437728 2.1724425844220985 0.01903758441746118
J0909.1+0121 0.5469451041936767 0.02940072912699325 "" ""
J0909.7-0230 0.37244363161003347 0.02969048361348754 0.19243616433475835 0.027849027738033744
J0912.2+4127 0.38378424299059755 0.045479086796602494 "" ""
J0920.9+4441 1.4211107173319533 0.04321011998671511 0.46294889007051465 0.024611960152143463
J0921.6+6216 1.0514249949134309 0.027283608313323084 0.6762268440733679 0.02358924935043252
J0922.7-3959 0.5458449214108573 0.039033767476104084 "" ""
J0923.5+4125 0.08929098386001628 0.028684447109475427 "" ""
J0930.3+8612 0.15142453988237134 0.027610555870868907 "" ""
J0940.9-1335 0.12691273498713046 0.037779284157614654 "" ""
J0946.6+1016 0.22078516309187043 0.02132354844498788 0.013237582761933214 0.013651890137070022
J0948.9+0022 0.3928866064545731 0.017961210040000387 0.20844237638565444 0.014220829757515758
J0957.3-1348 0.31337412948802373 0.06309748539958746 "" ""
J0958.0+4728 0.703815720845776 0.06350462635025782 "" ""
J0958.7+6534 0.9949292302195869 0.017559739715177124 0.932692259148665 0.017283117232547027
J1001.1+2911 0.37232489306967986 0.046515385104958146 "" ""
J1006.7-2159 0.821979985192413 0.031023115607325392 "" ""
J1007.6-3332 0.2498149287724848 0.03660044969570426 "" ""
J1012.7+2439 0.3135648109429187 0.021629135908962222 0.06225393805236235 0.014599694741343804
J1015.0+4926 0.12105105529717561 0.00841330590220546 0.020492713122497373 0.007890821174052452
J1018.3-3124 0.24548120169274396 0.039900042517645284 "" ""
J1018.4+3540 0.10235468897637935 0.031603700211754945 "" ""
J1023.1+3949 2.2036066220418378 0.07467584527759272 "" ""
J1023.9-3236 0.3094960573968627 0.04978210335545503 "" ""
J1026.9-1749 0.16401394372337788 0.049964253688590844 "" ""
J1033.1+4115 0.07624613984150293 0.02363273807714051 "" ""
J1033.9+6050 0.6435962725233811 0.022700152462487588 0.372786545486792 0.018779664135754187
J1036.2+2202 0.48991248081887406 0.058706603562923836 "" ""
J1037.4-2933 1.1151275874079418 0.09937586126130422 "" ""
J1037.7-2822 0.5115083200849635 0.04255860166489213 "" ""
J1037.7+5711 0.15603440341685207 0.014722957099664976 -0.025590090361704683 0.012030758069619747
J1040.5+0617 0.23537639399348376 0.031665761509672166 "" ""
J1044.6+8053 0.36007201115068227 0.04260319493651644 "" ""
J1048.4+7143 1.108054814348966 0.01434598537479367 0.5981972793470092 0.010956187441048601
J1049.8+1429 0.34291032606803346 0.03010997507745895 "" ""
J1050.1+0432 0.5422352399661852 0.07410969223289582 "" ""
J1056.8+7012 0.46014251402976897 0.05552530504162961 "" ""
J1058.4+0133 0.4268090062766015 0.01861366093919777 0.11690354743848007 0.013161721444276587
