4LAC_variability_analysis/resulting_catalogs/monthly_significant_variability.ecsv
# %ECSV 1.0
# ---
# datatype:
# - {name: Source_Name, datatype: string}
# - {name: Norm_Excess_Var(monthly), datatype: float64}
# - {name: err_Norm_Excess_Var(monthly), datatype: float64}
# - {name: Norm_Excess_Var(3-days), datatype: float64}
# - {name: err_Norm_Excess_Var(3-days), datatype: float64}
# schema: astropy-2.0
Source_Name Norm_Excess_Var(monthly) err_Norm_Excess_Var(monthly) Norm_Excess_Var(3-days) err_Norm_Excess_Var(3-days)
[from data line 224]
J1058.6-8003 0.3438403670852708 0.03377752190772679 "" ""
J1058.6+5627 0.12280333828148714 0.015068822828540385 -0.09660591403674004 0.007737002225889161
J1059.2-1134 0.16090920446084006 0.016696822322979126 -0.00796304798017597 0.014536044979206752
J1103.0+1157 0.3482780565622534 0.03632492051446698 "" ""
J1103.9-5357 0.2696928276565735 0.020318671459537002 0.004453265038994446 0.01254137059469288
J1104.4+3812 0.15223213276463435 0.004069379728476311 0.18618527661481984 0.004872666037605088
J1106.0+2813 0.16603461371228517 0.038930330960616676 "" ""
J1107.0-4449 0.11303179082931075 0.019563456368122657 "" ""
J1112.5+3448 0.1918115470151814 0.03504481585674776 "" ""
J1121.4-0553 0.44654349288491707 0.041496013222353856 "" ""
J1123.5-6418 0.20644766592802058 0.04135441830503423 "" ""
J1127.0-1857 0.8526208915770368 0.02300977358949067 0.2647580975891277 0.013932471451924073
J1127.8+3618 0.1321916070223718 0.028342849736521607 "" ""
J1129.8-1447 1.0148738131116772 0.02368143892259929 "" ""
J1131.0+3815 0.3143258012379545 0.025111123132131794 "" ""
J1132.7+0034 0.049711742565999084 0.014700224286378363 0.09134257263193128 0.028849473576405722
J1136.2+3407 0.21353803961466197 0.042821235882246296 "" ""
J1146.9+3958 0.5743520794224726 0.01713948811849878 0.23276841670319148 0.012831280178523937
J1147.0-3812 0.09777488254915591 0.017480365825520986 "" ""
J1152.3-0839 0.3352720381536935 0.03698583508000662 "" ""
J1153.3-1104 0.9751314450968394 0.04865866266088439 "" ""
J1153.4+4931 2.3286579897981015 0.08104008846713211 "" ""
J1158.5+4824 0.1190058124860752 0.034943389957806215 "" ""
J1159.2-2227 0.52584867521033 0.04151774250961475 "" ""
J1159.3-2142 0.14114396396296175 0.026729525648786993 "" ""
J1159.5+2914 1.4456121167884803 0.01335510378441313 1.155362863912604 0.011833590069305467
J1202.5-0528 0.23983699909502787 0.0488292088213063 "" ""
J1205.7-2635 0.1339090012880977 0.04412426506908073 "" ""
J1207.7-0106 0.34156289752427993 0.04896494968023002 "" ""
J1208.9+5441 0.44252440406934646 0.03107129561017913 "" ""
J1217.9+3007 0.24271807439518409 0.011732228581079753 0.15028120072147952 0.011338116689995337
J1218.5-0119 0.09148240738983413 0.027864436500658854 "" ""
J1220.1+7105 0.898800478481228 0.03400432913559759 "" ""
J1221.3+3010 0.08056481202888308 0.0173652247695375 -0.08433004428959082 0.01676025894751371
J1221.5+2814 0.16855917446774643 0.01619749955472641 -0.022703732678606287 0.011478197571801664
J1222.5+0414 0.09714683549191314 0.01776518507181507 "" ""
J1223.8+8039 0.1698429895928436 0.028961941338004768 "" ""
J1224.4+2436 0.24070502321883686 0.056536928787131534 "" ""
J1224.9+2122 2.487294113536547 0.01762120849076784 1.9578698332689404 0.015471471760441497
J1229.0+0202 1.3995576918619062 0.01713845896868493 1.2647964327391048 0.016036208676303027
J1230.2+2517 0.9388610528405725 0.028341076310202433 0.5631289529973601 0.023961723086911028
J1231.7+2847 0.22462318534019157 0.034378566650758106 "" ""
J1233.7-0144 0.4248518715745373 0.0805129343814729 "" ""
J1238.5-1201 0.1411000637437346 0.03324089667946545 "" ""
J1239.5+0443 1.2263275300927199 0.025187845032475138 0.5335864520365424 0.017495271988713004
J1246.7-2548 0.6155105682906921 0.01603493216393919 0.42547340320064875 0.014170456782434364
J1248.3+5820 0.06377630544918267 0.007770499263342958 -0.06616613627838101 0.0063144140862186355
J1249.3-0545 0.4299199717348191 0.11991741852089562 "" ""
J1253.2+5301 0.09825278291426404 0.011660599349500188 0.006677393135979569 0.013698659237171992
J1256.1-0547 1.6740780994047444 0.008704688787100748 2.596560454328784 0.011215316110070785
J1257.8+3228 0.5742949216034535 0.039319284372026836 "" ""
J1258.6-1759 0.28163003728821934 0.04058964308283566 "" ""
J1258.8-2219 0.7049233740239195 0.045178413954721774 "" ""
J1259.7-3223 0.19968740964976345 0.041535168323697774 "" ""
J1303.0+2434 0.39753584008262705 0.038426195786448944 "" ""
J1308.5+3547 0.4020329940616402 0.040010862554449474 "" ""
J1310.5+3221 1.0579411434881791 0.028254752302814046 0.6191197717505958 0.022110500959681385
J1312.4-2156 0.16551758031105043 0.03322785411069066 "" ""
J1312.6+4828 2.544067424689955 0.06860801546572931 "" ""
J1312.8-0425 0.3813560872052701 0.025672648934865802 "" ""
J1315.1-5333 0.35358665765749653 0.02242021958418811 0.10663435964262961 0.017494096036720735
J1316.1-3338 1.0585985668299849 0.04073240891820946 "" ""
J1321.1+2216 0.6647407967641693 0.03287295910786983 "" ""
J1322.6-0936 0.21894739743846575 0.030918524223632303 "" ""
J1326.8-5256 0.3436127074729337 0.02118788598963998 0.13402415267986617 0.018272894050457743
J1326.9+2210 0.21486213944048788 0.03049737148666628 "" ""
J1329.0-5607 0.49577613036056134 0.023193547849976123 0.10281695769905289 0.013839448312352282
J1330.2-7003 0.5263428592039118 0.033012282918180175 "" ""
J1332.0-0509 1.5363204711705483 0.0372911413974659 "" ""
J1332.6-1256 0.2880560185794936 0.025498524872164613 "" ""
J1333.7+5056 0.2712794860754114 0.03791156224835459 "" ""
J1337.6-1257 0.3376994999773637 0.027645781202498075 "" ""
J1344.2-1723 0.25754173201652947 0.03401874825521735 "" ""
J1345.5+4453 0.7887132363021326 0.013416367496797081 0.41791324086849513 0.010029799837414151
J1347.6-3751 0.2527623542134496 0.0714272211540315 "" ""
J1349.5-1131 0.42395006490532733 0.048468239654030895 "" ""
J1350.8+3033 0.554699190950404 0.054148523839393704 "" ""
J1354.8-1041 0.3898460675675644 0.056159223643057685 "" ""
J1408.9-0751 1.455513511432931 0.025209138766383022 0.6625006437541999 0.01710534782516405
J1415.5+4830 0.22596174973646202 0.06194765067695828 "" ""
J1416.1+1320 0.5040753208382328 0.028341611175953036 "" ""
J1418.4+3543 0.9209035649903584 0.04299897520648581 "" ""
J1419.4-0838 0.40422271224619083 0.031133290940162487 "" ""
J1419.8+5423 0.19808099551090588 0.026128050190260252 "" ""
J1424.8-6808 0.16357355901432802 0.027508678125416897 "" ""
J1427.0+2348 0.12123581998421125 0.007578556246696408 0.021389164131220807 0.0068181426667206215
J1427.6-3305 0.4640320600111004 0.04970182483503775 "" ""
J1427.9-4206 0.8558889895362296 0.0064368310389234335 0.8623242259991099 0.006668102999073631
J1434.7+1950 0.39727824791053995 0.028456030306434867 "" ""
J1435.9-8348 0.11445405112926492 0.035698167938156604 "" ""
J1438.9+3710 0.4292990805379547 0.041949958442444105 "" ""
J1443.9-3908 0.36451466266369426 0.02654963628577616 0.10585021911269293 0.023529072797853885
J1443.9+2501 2.3211846202890087 0.045069443250295084 0.6597551088134453 0.02420523901903961
J1454.4+5124 0.33909745741434877 0.019506437780678714 0.04801072978900899 0.014440615113069488
J1457.4-3539 0.9839313887741965 0.029814229501868968 "" ""
J1504.4+1029 1.0349910631545034 0.010864820162733834 0.7307688545615044 0.00898973951132812
J1505.0+0326 0.1767281370744192 0.02183932538964588 0.02290146877349253 0.017789910995892017
J1506.1+3731 1.047534105852945 0.03798184856063336 "" ""
J1512.8-0906 1.2033474858836741 0.008825964867351797 1.5191260075596327 0.010154552729197547
J1512.9-5639 0.1377834556222883 0.0160475957176855 0.22764141399076535 0.030850210852539507
J1517.7-2422 0.24478450505307703 0.012075781065560766 0.1502879426074856 0.011645661732448766
J1518.0-2731 0.15891471237857227 0.03582235326791796 "" ""
J1522.1+3144 0.5837325617745737 0.01033229099121707 0.34934276173437434 0.008563743608918623
J1522.6-2730 0.18410385574884622 0.030167350424790254 "" ""
J1532.7-1319 1.076312285956436 0.035218137646245554 "" ""
J1534.8+0131 0.4336718702171113 0.059428954239158116 "" ""
J1539.6+2743 0.25498987175651655 0.052726561552728805 "" ""
J1543.0+6130 0.33022274914576905 0.01551319571618152 0.06153133238855401 0.010858413007566329
J1548.3+1456 0.349201924712836 0.027688322945998066 -0.006143045110001399 0.01614354064006855
J1549.5+0236 0.18212832737002352 0.03670931252236694 "" ""
J1550.7+0528 0.3384918500796552 0.06976989227671516 "" ""
J1553.6+1257 0.4058702725520961 0.03634161469645263 "" ""
J1553.6-2422 0.24535394385842949 0.03263186420173768 "" ""
J1555.7+1111 0.08849456855468578 0.005776570438425697 0.05154627323383249 0.006727521928538071
J1603.8-4903 0.10003912207397936 0.017642609464743237 -0.07973743520879684 0.00987537557470701
J1604.5-4441 0.35719201215899943 0.04420648953780003 "" ""
J1604.6+5714 0.30849664938572874 0.025037931777706315 "" ""
J1608.7+1029 0.39721080937455094 0.026060882169042995 "" ""
J1613.6+3411 0.22718090349045722 0.04056759786058191 "" ""
J1617.9-7718 0.861838657704754 0.052964535518541 "" ""
J1625.7-2527 0.9625993387126234 0.03158517271573368 "" ""
J1626.0-2950 0.2782996227893559 0.022711189699268376 "" ""
J1628.6+7706 0.11721887926035512 0.029398420788436488 "" ""
J1630.7+5221 0.14588154135132056 0.026111729065891837 "" ""
J1635.2+3808 1.2251215299795493 0.013042347601482143 0.8763299947876307 0.011366336797900055
J1637.7+4717 0.5122917517756206 0.04061706762406303 "" ""
J1640.4+3945 0.4645266658273753 0.04269591360399577 "" ""
J1642.9+3948 1.1680495810928448 0.03608577760675447 0.9816708646474137 0.03003830385679562
J1645.6+6329 0.11299843226880867 0.030112125347348105 "" ""
J1647.5+4950 0.11518591785012493 0.019625393914280604 "" ""
J1649.4+5235 0.1071611269385568 0.030501525701561106 "" ""
J1650.3-5045 0.08105686806515362 0.01577457961741975 -0.045754594498905544 0.00854026250312153
J1653.8+3945 0.11160929786232099 0.007261615768551213 0.02017316415507959 0.0066928141568240685
J1657.7+4808 0.43013577868948344 0.0282099212539572 "" ""
J1700.0+6830 0.8171386358374234 0.020280183526820334 0.5527084179961489 0.017139930670467034
J1703.6-6213 0.372228018070477 0.02857409804702723 "" ""
J1704.1+7647 0.41083829791104426 0.04901480125117109 "" ""
J1709.7+4318 1.3537269555324876 0.04588268913222762 "" ""
J1717.5-3342 0.47808897523913185 0.0479141348065578 "" ""
J1722.7+1014 0.1882542873816301 0.0427781533633751 "" ""
J1723.6-7714 0.6467942669863129 0.027863002848688062 0.24032736003420074 0.019596311264187528
J1724.2+4005 0.21817031692577518 0.03550936756114185 "" ""
J1727.4+4530 0.5841785173726479 0.01959801916037542 0.3719256440606797 0.016965640358365446
J1728.3+5013 0.17859602967450433 0.031560419504693904 "" ""
J1733.0-1305 0.6284134218172924 0.028532027116987057 0.4446929497219265 0.025632927596768437
J1734.3+3858 1.0679607356113752 0.03795524893837224 "" ""
J1739.5+4955 0.4496634134420871 0.04702326422967703 "" ""
J1740.5+5211 0.7855413599216744 0.028601706675995302 0.3431406905251413 0.020925748986185617
J1748.6+7005 0.6355335755127525 0.021873753388106605 0.6180345315408666 0.024328272303305747
J1751.5+0938 1.6286223062040692 0.03532092920208683 1.185596790007119 0.03268721590788223
J1754.2+3212 0.8394103625946875 0.05273524772001248 "" ""
J1800.6+7828 0.9630367809206665 0.014117728089220133 1.3768167833959595 0.017053898968047026
J1801.5+4404 2.040188200459413 0.0644861406737735 "" ""
J1802.6-3940 1.14624098904608 0.03792372197636461 "" ""
J1806.8+6949 0.15469759248214077 0.01219672351777018 -0.024399655049705638 0.007374892431954239
J1813.5+3144 0.8918304718799522 0.05443236386489409 "" ""
J1816.9-4942 0.19223854755925343 0.035760022007611726 "" ""
J1821.6+6819 0.30814652225157413 0.030173691799578514 "" ""
J1824.1+5651 0.31771528310609304 0.02503832531699806 0.1726424702573106 0.028431671957305307
J1829.2-5813 1.6704990666142738 0.03777535246182734 "" ""
J1829.5+4845 0.18328447850056237 0.02308115413288002 0.06870871011279331 0.026642954300267908
J1833.6-2103 2.6718253575616684 0.013082546966114153 2.457275971585396 0.012175553942205245
J1838.8+4802 0.10514300897993782 0.018857483566684922 -0.11133860420058983 0.011161311135134022
J1844.4+1547 0.14798404632234674 0.030895223961041083 "" ""
J1848.4+3217 1.261494869148335 0.0782429578208133 "" ""
J1848.5+3243 0.7278090922638147 0.050944636525616566 "" ""
J1849.2+6705 1.486636761222555 0.03423920992327702 0.5954088591056584 0.023047435695152035
J1852.4+4856 0.2807326146072331 0.039629193127059106 "" ""
J1858.3-2511 0.18723376364497474 0.05194930822921897 "" ""
J1902.9-6748 0.6040140208392597 0.031155066462690253 "" ""
J1903.2+5540 0.04962077488677702 0.008924766439732217 -0.091522305502875 0.006174439383713909
J1911.2-2006 0.43477721559252464 0.025081045389609286 0.16084807515931074 0.017715850845491942
J1912.4-1222 0.14737579685981153 0.04348868219608915 "" ""
J1913.0-8009 0.32104443275865685 0.029460473443845774 "" ""
J1917.7-1921 0.05878016553068045 0.019505100276599012 "" ""
J1924.8-2914 0.24103800158108693 0.034068176195547306 "" ""
J1941.3-6210 0.4386042657819817 0.020697683650335506 0.23009331879031425 0.017976970885320666
J1954.6-1122 0.1389018227348254 0.03263255534490589 "" ""
J1955.4+5132 0.16026782106656104 0.030126558419069787 "" ""
J1957.1-3231 0.5427857787936297 0.08330252356989444 "" ""
J1958.0-3845 2.1993751498968743 0.028895773646027953 1.0874091958419114 0.021405795802971
J2000.0+6508 0.286602598932082 0.012147616096376561 0.1334757554227903 0.010724883859647994
J2000.9-1748 0.6595635719792028 0.041269655639119794 "" ""
J2001.2+4353 0.5902769858482104 0.042013980681400526 "" ""
J2005.5+7752 0.5816684237534361 0.03233085429098584 0.12378948706513951 0.020648197645601062
J2005.9-2309 0.1771143767126635 0.032527183230313735 "" ""
J2007.2+6607 0.11464005009346653 0.030722676963835592 "" ""
J2007.9-4432 0.7579766397593602 0.05696217346503601 "" ""
J2009.4-4849 0.10891197128091264 0.021031731916498236 -0.09112033086155061 0.016831348765457502
J2012.0+4629 0.32560128681370454 0.023518765110565422 0.02911922847541939 0.015660363591237687
J2012.2-1646 0.12678044560210644 0.040152629512244076 "" ""
J2015.5+3710 0.6344894122198872 0.02352058742299298 0.3070648400423942 0.01764689979434004
J2022.5+7612 0.16811121256852513 0.029149055124942515 "" ""
J2024.6-3252 0.15098712366437284 0.04227881047571611 "" ""
J2025.3+3341 0.35803933470558413 0.0428660050221887 "" ""
J2025.6-0735 1.258614478684696 0.02088406200136868 0.8999149012276693 0.017819362019981532
J2029.5+4925 0.1715790890137629 0.04523204902827114 "" ""
J2034.6+1154 1.3256338975231439 0.10538578593282019 "" ""
J2035.4+1056 1.822895310598923 0.042560647761258584 "" ""
J2049.9+1002 0.08369334670849286 0.024583624365069064 "" ""
J2052.2-5533 0.5941152776701762 0.037275617455138625 "" ""
J2056.2-4714 0.6235682989555659 0.014570217670217725 0.3926618332416976 0.012201491190229187
J2104.0-3546 0.2666023969168145 0.04965524225061858 "" ""
J2115.4+2932 0.5888253456263315 0.0312304474318509 "" ""
J2116.2+3339 0.14748208774503568 0.024903570975470437 "" ""
J2126.3-4605 0.47082680040816094 0.043869760093353284 "" ""
J2134.2-0154 0.3858795116805235 0.05444345396281315 "" ""
J2139.4-4235 0.29972941927174945 0.015520717158374591 0.0882064928479977 0.012112583349803635
J2141.7-6410 0.7723953164403379 0.03201038785949656 "" ""
J2143.5+1743 0.2343813881478949 0.012011047305586681 0.100691251378992 0.009981495918976055
J2145.0-3356 0.8003173570911362 0.052221159356847374 "" ""
J2147.1+0931 0.41272839862552324 0.030931270598931644 "" ""
J2147.3-7536 0.7420693545322588 0.02205113480885075 0.43098304277533145 0.01771995489996654
J2151.8-3027 0.9147487600724559 0.0348225699440853 "" ""
J2157.5+3127 0.8040043585263219 0.034633899685362346 "" ""
J2158.8-3013 0.2041917794537992 0.0072601151306031265 0.18573659518063862 0.007802770711388329
J2201.5-8339 0.3716010434211642 0.025160905506955638 "" ""
J2202.7+4216 0.9512395174813304 0.006814163631999751 1.0646032914796486 0.007404215231594262
J2203.4+1725 0.3586999211384181 0.027284591356764382 "" ""
J2207.5-5346 0.17609999336156112 0.031239801967608633 "" ""
J2211.2-1325 0.1069420022560862 0.0330403191247626 "" ""
J2219.2+1806 0.39795711472262424 0.04729408748875602 "" ""
J2219.2-0342 0.14196793641548464 0.04347724788187074 "" ""
J2229.7-0832 0.3887020437797212 0.01866229550058648 0.1695188366000622 0.014523635906749282
J2232.6+1143 3.4757703757172074 0.012822068314746513 2.7107691565169034 0.011534598207863967
J2235.3-4836 0.1644799678746556 0.03179759127972827 "" ""
