4LAC_variability_analysis/resulting_catalogs/reliable_variability_agn_pop_4lac_dr3.ecsv
# %ECSV 1.0
# ---
# datatype:
# - {name: Source_Name, datatype: string}
# - {name: Norm_Excess_Var(monthly), datatype: float64}
# - {name: err_Norm_Excess_Var(monthly), datatype: float64}
# - {name: Norm_Excess_Var(3-days), datatype: float64}
# - {name: err_Norm_Excess_Var(3-days), datatype: float64}
# schema: astropy-2.0
Source_Name Norm_Excess_Var(monthly) err_Norm_Excess_Var(monthly) Norm_Excess_Var(3-days) err_Norm_Excess_Var(3-days)
[from data line 1901]
J1131.4+5809 "" "" "" ""
J1131.4-0504 "" "" "" ""
J1132.2-4736 "" "" "" ""
J1132.7+0034 0.049711742565999084 0.014700224286378363 0.09134257263193128 0.028849473576405722
J1132.8-5328 "" "" "" ""
J1133.8-2048 "" "" "" ""
J1134.7+6612 "" "" "" ""
J1134.8-1729 "" "" "" ""
J1135.1+3014 "" "" "" ""
J1135.7-0427 "" "" "" ""
J1136.0-6824 "" "" "" ""
J1136.2+3407 0.21353803961466197 0.042821235882246296 "" ""
J1136.3-0501 "" "" "" ""
J1136.4+6736 -0.0675324371878019 0.034655217016574834 "" ""
J1136.4+7009 -0.02575943666076724 0.01910428091766366 "" ""
J1136.8+2550 "" "" "" ""
J1136.8-7413 "" "" "" ""
J1137.9-1708 "" "" "" ""
J1138.2+4115 "" "" "" ""
J1138.4+4857 "" "" "" ""
J1139.0+4033 "" "" "" ""
J1139.0+5530 "" "" "" ""
J1140.5+1528 "" "" "" ""
J1141.4+6805 "" "" "" ""
J1141.5-1408 "" "" "" ""
J1142.0+1548 "" "" "" ""
J1143.1+6122 "" "" "" ""
J1143.7-1014 "" "" "" ""
J1143.9+1558 "" "" "" ""
J1144.9+1937 "" "" "" ""
J1145.5-0340 "" "" "" ""
J1145.5+4423 "" "" "" ""
J1145.6+5552 "" "" "" ""
J1145.7+0453 "" "" "" ""
J1145.7-6949 "" "" "" ""
J1145.7-1528 "" "" "" ""
J1146.4-3327 "" "" "" ""
J1146.6-2902 "" "" "" ""
J1146.9+3958 0.5743520794224726 0.01713948811849878 0.23276841670319148 0.012831280178523937
J1147.0-3812 0.09777488254915591 0.017480365825520986 "" ""
J1147.2-2627 "" "" "" ""
J1147.4-6758 "" "" "" ""
J1147.8-0724 "" "" "" ""
J1148.5+2629 "" "" "" ""
J1148.6+1841 "" "" "" ""
J1149.0+5924 "" "" "" ""
J1149.1+2819 "" "" "" ""
J1149.2+6246 "" "" "" ""
J1149.4+2441 "" "" "" ""
J1149.5-4029 "" "" "" ""
J1150.4+2418 0.005384585969145683 0.014658509543498418 "" ""
J1150.6+4154 -0.002087989863813408 0.015906574013054654 "" ""
J1150.6-4823 "" "" "" ""
J1151.3+0957 "" "" "" ""
J1151.5-1347 "" "" "" ""
J1151.5+5859 "" "" "" ""
J1151.6-2115 "" "" "" ""
J1152.1+2837 "" "" "" ""
J1152.3-0839 0.3352720381536935 0.03698583508000662 "" ""
J1152.8+3308 "" "" "" ""
J1153.0+8056 "" "" "" ""
J1153.3-1104 0.9751314450968394 0.04865866266088439 "" ""
J1153.4+4931 2.3286579897981015 0.08104008846713211 "" ""
J1153.6-2553 "" "" "" ""
J1153.7+3822 "" "" "" ""
J1154.0-0010 "" "" "" ""
J1154.0+4037 "" "" "" ""
J1154.0+6018 "" "" "" ""
J1154.1-3243 -0.06705851715767233 0.01373423419937781 "" ""
J1155.2+4320 "" "" "" ""
J1155.5-3418 "" "" "" ""
J1155.6-6547 "" "" "" ""
J1155.8+6137 "" "" "" ""
J1155.8-1217 "" "" "" ""
J1156.6+0640 "" "" "" ""
J1156.6-2248 "" "" "" ""
J1158.5+4824 0.1190058124860752 0.034943389957806215 "" ""
J1158.9+0956 "" "" "" ""
J1158.9+0818 "" "" "" ""
J1159.0+0939 0.00011057228252729397 0.04586203858795414 "" ""
J1159.2-2227 0.52584867521033 0.04151774250961475 "" ""
J1159.3-2142 0.14114396396296175 0.026729525648786993 "" ""
J1159.5+2914 1.4456121167884803 0.01335510378441313 1.155362863912604 0.011833590069305467
J1159.5-0723 "" "" "" ""
J1200.2+0201 -0.014188713160768964 0.04640030252102206 "" ""
J1200.6+1229 "" "" "" ""
J1200.7+2008 "" "" "" ""
J1200.8-1429 "" "" "" ""
J1201.1-0332 "" "" "" ""
J1201.7+1429 "" "" "" ""
J1202.4+4442 "" "" "" ""
J1202.5-0528 0.23983699909502787 0.0488292088213063 "" ""
J1202.5+3852 "" "" "" ""
J1202.9+5141 "" "" "" ""
J1203.1+6031 -0.03917010141944118 0.016617476665877685 "" ""
J1203.3+1119 "" "" "" ""
J1203.4-3925 "" "" "" ""
J1203.7+5821 "" "" "" ""
J1204.0+1146 "" "" "" ""
J1204.2-0709 -0.09807117063119755 0.02005998706865608 "" ""
J1204.4+3750 "" "" "" ""
J1204.8+0407 "" "" "" ""
J1205.7-2635 0.1339090012880977 0.04412426506908073 "" ""
J1205.8+3321 "" "" "" ""
J1207.2-0524 "" "" "" ""
J1207.7-0106 0.34156289752427993 0.04896494968023002 "" ""
J1207.7-2229 "" "" "" ""
J1208.1+3017 "" "" "" ""
J1208.2-7810 "" "" "" ""
J1208.4+6121 "" "" "" ""
J1208.8-1751 "" "" "" ""
J1208.8-2754 "" "" "" ""
J1208.9+5441 0.44252440406934646 0.03107129561017913 "" ""
J1209.0-4630 "" "" "" ""
J1209.4+4118 "" "" "" ""
J1209.4+7608 "" "" "" ""
J1209.7+2548 "" "" "" ""
J1209.8+1810 0.15802581413490308 0.05435633755795168 "" ""
J1210.3+3928 "" "" "" ""
J1211.0-3800 "" "" "" ""
J1211.6-2735 "" "" "" ""
J1211.6+3901 "" "" "" ""
J1212.0-2326 "" "" "" ""
J1212.0+2242 "" "" "" ""
J1212.1+6412 "" "" "" ""
J1212.2+2442 "" "" "" ""
J1212.7-1402 "" "" "" ""
J1213.0+5129 "" "" "" ""
J1213.3-2618 "" "" "" ""
J1213.6+1306 "" "" "" ""
J1213.7+6423 "" "" "" ""
J1213.8-4345 "" "" "" ""
J1214.6-1926 "" "" "" ""
J1215.0+5351 "" "" "" ""
J1215.0+1656 0.03800631937972619 0.030353326053261225 "" ""
J1215.1+5002 "" "" "" ""
J1215.1+0731 "" "" "" ""
J1215.1+3513 "" "" "" ""
J1215.8-3732 "" "" "" ""
J1215.8-1733 "" "" "" ""
J1216.1-0242 "" "" "" ""
J1216.1+0930 "" "" "" ""
J1216.2-6121 "" "" "" ""
J1217.9+3007 0.24271807439518409 0.011732228581079753 0.15028120072147952 0.011338116689995337
J1218.0-0028 -0.09884616508400297 "" "" ""
J1218.5-0119 0.09148240738983413 0.027864436500658854 "" ""
J1219.0+4827 "" "" "" ""
J1219.0+3653 "" "" "" ""
J1219.0-4827 "" "" "" ""
J1219.6+0550 "" "" "" ""
J1219.7-0313 "" "" "" ""
J1219.7+0444 "" "" "" ""
J1219.9+6056 "" "" "" ""
J1220.1+7105 0.898800478481228 0.03400432913559759 "" ""
J1220.1+3432 -0.07008563472947486 0.014615700783100236 "" ""
J1220.2-3713 "" "" "" ""
J1221.3+3010 0.08056481202888308 0.0173652247695375 -0.08433004428959082 0.01676025894751371
J1221.5+2814 0.16855917446774643 0.01619749955472641 -0.022703732678606287 0.011478197571801664
J1221.9+3543 "" "" "" ""
J1222.0-4121 "" "" "" ""
J1222.5+0414 0.09714683549191314 0.01776518507181507 "" ""
J1223.0+1100 "" "" "" ""
J1223.3+1213 "" "" "" ""
J1223.5+0818 "" "" "" ""
J1223.6-3032 "" "" "" ""
J1223.8+4649 "" "" "" ""
J1223.8+8039 0.1698429895928436 0.028961941338004768 "" ""
J1223.9+7954 "" "" "" ""
J1223.9+5000 0.07481543894736413 0.028521588213994337 "" ""
J1224.1+2239 "" "" "" ""
J1224.4+2436 0.24070502321883686 0.056536928787131534 "" ""
J1224.7-8313 -0.008813341589366641 0.01698410573909971 "" ""
J1224.9+2122 2.487294113536547 0.01762120849076784 1.9578698332689404 0.015471471760441497
J1224.9+4334 "" "" "" ""
J1225.0+0330 "" "" "" ""
J1225.3-3446 "" "" "" ""
J1225.4-1550 "" "" "" ""
J1225.5-2851 "" "" "" ""
J1225.6-7313 "" "" "" ""
J1226.0+5622 "" "" "" ""
J1226.7+0637 "" "" "" ""
J1226.8-1329 -0.10026501000616413 0.01679754324031952 "" ""
J1227.1-4437 "" "" "" ""
J1228.3+7521 "" "" "" ""
J1228.7+4858 0.05466375398309054 0.04336951271031529 "" ""
J1228.7-0318 "" "" "" ""
J1229.0+0202 1.3995576918619062 0.01713845896868493 1.2647964327391048 0.016036208676303027
J1229.1+5521 "" "" "" ""
J1229.7-5304 "" "" "" ""
J1230.2+2517 0.9388610528405725 0.028341076310202433 0.5631289529973601 0.023961723086911028
J1230.8+1223 -0.018065386496927467 0.015296581581175254 "" ""
J1230.9+3711 "" "" "" ""
J1231.5+1421 "" "" "" ""
J1231.6+6415 "" "" "" ""
J1231.7+2847 0.22462318534019157 0.034378566650758106 "" ""
J1232.5+4821 "" "" "" ""
J1232.5-3720 "" "" "" ""
J1233.1+1703 "" "" "" ""
J1233.6+5027 "" "" "" ""
J1233.7-0144 0.4248518715745373 0.0805129343814729 "" ""
J1234.0-5735 -0.12805786831656082 "" "" ""
J1234.2+2813 "" "" "" ""
J1234.7-0434 "" "" "" ""
J1235.1-1405 "" "" "" ""
J1236.3+3858 "" "" "" ""
J1236.9-7232 "" "" "" ""
J1237.0+3019 "" "" "" ""
J1237.8+6256 "" "" "" ""
J1238.1-4541 "" "" "" ""
J1238.3-1959 0.04905187273586388 0.03660004124848622 "" ""
J1238.5-1201 0.1411000637437346 0.03324089667946545 "" ""
J1239.4+0728 "" "" "" ""
J1239.5+0443 1.2263275300927199 0.025187845032475138 0.5335864520365424 0.017495271988713004
J1240.1-6846 "" "" "" ""
J1240.4-2606 "" "" "" ""
J1240.4-7148 "" "" "" ""
J1241.3+4236 "" "" "" ""
J1241.5+3439 "" "" "" ""
J1241.8-1456 "" "" "" ""
J1241.9+0636 "" "" "" ""
J1242.6+7635 "" "" "" ""
J1242.9+7315 "" "" "" ""
J1243.0+3950 "" "" "" ""
J1243.2+3627 "" "" "" ""
J1243.9-0218 0.14393353154453795 0.0504274408843848 "" ""
J1244.2-4956 "" "" "" ""
J1244.5+1616 "" "" "" ""
J1245.1+5709 -0.08657329432206275 0.030938447282639753 "" ""
J1245.8+0232 "" "" "" ""
J1246.3+0112 "" "" "" ""
J1246.7-2548 0.6155105682906921 0.01603493216393919 0.42547340320064875 0.014170456782434364
J1247.0+4421 "" "" "" ""
J1248.3+5820 0.06377630544918267 0.007770499263342958 -0.06616613627838101 0.0063144140862186355
J1248.7+5127 "" "" "" ""
J1248.9+4840 "" "" "" ""
J1249.2-2809 "" "" "" ""
J1249.3-0545 0.4299199717348191 0.11991741852089562 "" ""
J1249.8+3707 "" "" "" ""
J1250.2+3157 "" "" "" ""
J1250.6+0217 "" "" "" ""
J1250.8+3117 "" "" "" ""
J1251.2+1039 "" "" "" ""
J1251.3-0201 "" "" "" ""
J1251.3-1719 "" "" "" ""
J1253.2+5301 0.09825278291426404 0.011660599349500188 0.006677393135979569 0.013698659237171992
J1253.5-3934 "" "" "" ""
J1253.8+0327 "" "" "" ""
J1253.8+6242 -0.07510001127733248 0.021122597216707117 "" ""
J1253.8+2929 "" "" "" ""
J1254.2-2205 "" "" "" ""
J1254.5+2210 -0.07903618723585543 0.020616410043800156 "" ""
J1254.9-7141 "" "" "" ""
J1254.9-4426 "" "" "" ""
J1254.9+1138 -0.029877176875247654 0.025300709129667254 "" ""
J1256.1-5919 "" "" "" ""
J1256.1-0547 1.6740780994047444 0.008704688787100748 2.596560454328784 0.011215316110070785
J1256.2-1146 "" "" "" ""
J1257.2+3646 -0.015205607714424633 0.044136302329366675 "" ""
J1257.6+2413 "" "" "" ""
J1257.8+3228 0.5742949216034535 0.039319284372026836 "" ""
J1258.3+6121 "" "" "" ""
J1258.6-1759 0.28163003728821934 0.04058964308283566 "" ""
J1258.7-0452 "" "" "" ""
J1258.7+5143 "" "" "" ""
J1258.8-2219 0.7049233740239195 0.045178413954721774 "" ""
J1259.1-2311 -0.03396468770084941 0.03128543753968766 "" ""
J1259.5+2332 "" "" "" ""
J1259.7-3223 0.19968740964976345 0.041535168323697774 "" ""
J1259.8-3749 "" "" "" ""
J1300.0+1753 "" "" "" ""
J1300.3+5353 "" "" "" ""
J1300.4+1416 0.013662274679200065 0.03013708665561932 "" ""
J1301.5+4413 "" "" "" ""
J1301.6+4056 "" "" "" ""
J1301.6+3336 "" "" "" ""
J1302.3+6901 "" "" "" ""
J1302.7+4750 "" "" "" ""
J1302.8+5748 "" "" "" ""
J1303.0+2434 0.39753584008262705 0.038426195786448944 "" ""
J1303.6-4622 "" "" "" ""
J1304.0-5539 "" "" "" ""
J1304.0+3704 "" "" "" ""
J1304.2-2412 "" "" "" ""
J1304.3-4353 0.06275801123359838 0.023769603282412247 "" ""
J1304.6-0348 "" "" "" ""
J1304.9-2107 "" "" "" ""
J1305.3+5118 "" "" "" ""
J1305.6+7853 "" "" "" ""
J1305.9+3858 "" "" "" ""
J1306.3+1113 "" "" "" ""
J1306.7-2148 "" "" "" ""
J1307.6-4259 0.023842276805926408 0.022956413177327627 "" ""
J1308.4-6706 0.02204843087561949 0.0202654531482902 "" ""
J1308.5+3547 0.4020329940616402 0.040010862554449474 "" ""
J1309.4+4305 0.02443977878042945 0.020897123655880305 "" ""
J1309.6+3718 "" "" "" ""
J1309.7+1153 "" "" "" ""
J1310.1-0450 "" "" "" ""
J1310.2-1158 "" "" "" ""
J1310.5+3221 1.0579411434881791 0.028254752302814046 0.6191197717505958 0.022110500959681385
J1310.6+2449 "" "" "" ""
J1310.7-5553 -0.010948799424003416 0.015696547945281296 "" ""
J1310.9+5514 "" "" "" ""
J1311.0+0034 "" "" "" ""
J1311.0+3233 "" "" "" ""
J1311.8+3954 "" "" "" ""
J1311.8+2057 "" "" "" ""
J1312.4-2156 0.16551758031105043 0.03322785411069066 "" ""
J1312.6-1900 "" "" "" ""
J1312.6+4828 2.544067424689955 0.06860801546572931 "" ""
J1312.8-2350 "" "" "" ""
J1312.8-0425 0.3813560872052701 0.025672648934865802 "" ""
J1314.7-0901 "" "" "" ""
J1314.7+2348 -0.06569822304967532 0.008056746833842854 "" ""
J1315.0-4236 "" "" "" ""
J1315.1-5333 0.35358665765749653 0.02242021958418811 0.10663435964262961 0.017494096036720735
J1315.4+8453 "" "" "" ""
J1315.5+1135 "" "" "" ""
J1315.9-0732 "" "" "" ""
J1315.9-6349 "" "" "" ""
J1316.1-3338 1.0585985668299849 0.04073240891820946 "" ""
J1316.5+3013 "" "" "" ""
J1317.1+6613 "" "" "" ""
J1317.6+3428 "" "" "" ""
J1317.6+7450 "" "" "" ""
J1318.1-1740 "" "" "" ""
J1318.2+6754 "" "" "" ""
J1318.7-1234 -0.04966666866739553 0.03601457942080997 "" ""
J1319.5-0045 "" "" "" ""
J1319.5+1404 "" "" "" ""
J1319.8+7759 "" "" "" ""
J1320.7+3314 "" "" "" ""
J1321.1+2216 0.6647407967641693 0.03287295910786983 "" ""
J1321.3-2641 "" "" "" ""
J1321.9+3219 "" "" "" ""
J1322.0+8317 "" "" "" ""
J1322.2+0842 "" "" "" ""
J1322.3-0606 "" "" "" ""
J1322.6-0936 0.21894739743846575 0.030918524223632303 "" ""
J1322.6-1418 "" "" "" ""
J1322.6-1617 "" "" "" ""
J1322.9+0437 "" "" "" ""
J1323.0+2941 "" "" "" ""
J1323.9+1405 -0.07249873208349643 0.04375365051816381 "" ""
J1324.0-4330e "" "" "" ""
J1324.9+4748 "" "" "" ""
J1325.3+6621 "" "" "" ""
J1325.5-4300 "" "" "" ""
J1325.6-0227 "" "" "" ""
J1326.1-6800 "" "" "" ""
J1326.1+2933 "" "" "" ""
J1326.1+1232 "" "" "" ""
J1326.2+4115 "" "" "" ""
J1326.6+0152 "" "" "" ""
J1326.7-0503 "" "" "" ""
J1326.8-5256 0.3436127074729337 0.02118788598963998 0.13402415267986617 0.018272894050457743
J1326.9+2210 0.21486213944048788 0.03049737148666628 "" ""
J1327.0+3154 "" "" "" ""
J1327.8+2522 "" "" "" ""
J1328.5-4727 "" "" "" ""
J1328.6+1145 "" "" "" ""
J1329.0-5607 0.49577613036056134 0.023193547849976123 0.10281695769905289 0.013839448312352282
J1329.4-0530 "" "" "" ""
J1330.2-7003 0.5263428592039118 0.033012282918180175 "" ""
J1330.2+7002 "" "" "" ""
J1330.3+4441 "" "" "" ""
J1330.4+3157 "" "" "" ""
J1330.7+5200 "" "" "" ""
J1330.7+2933 "" "" "" ""
J1331.0+3032 "" "" "" ""
J1331.0+5653 "" "" "" ""
J1331.2-1325 -0.04174472872595666 0.019110194714485836 "" ""
J1331.6+1711 "" "" "" ""
J1331.7-0343 "" "" "" ""
J1331.7-0647 "" "" "" ""
J1332.0-0509 1.5363204711705483 0.0372911413974659 "" ""
J1332.2+4722 "" "" "" ""
J1332.6-1256 0.2880560185794936 0.025498524872164613 "" ""
J1333.0-6626 "" "" "" ""
J1333.2+2725 "" "" "" ""
J1333.7+5056 0.2712794860754114 0.03791156224835459 "" ""
J1334.1-3521 "" "" "" ""
J1334.5+5634 "" "" "" ""
J1335.3-2949 "" "" "" ""
J1336.2+2107 "" "" "" ""
J1336.2+2320 "" "" "" ""
J1336.2+2053 "" "" "" ""
J1337.4+5502 "" "" "" ""
J1337.5-7802 "" "" "" ""
J1337.6-1257 0.3376994999773637 0.027645781202498075 "" ""
J1337.9-1956 "" "" "" ""
J1338.0+6534 "" "" "" ""
J1338.9+1153 "" "" "" ""
J1339.0-2400 0.0220364825119268 0.044800161437128005 "" ""
J1339.1-2620 "" "" "" ""
J1339.9-0138 "" "" "" ""
J1340.0-1501 "" "" "" ""
J1340.1+3857 "" "" "" ""
J1340.4+6926 "" "" "" ""
J1340.5+4409 "" "" "" ""
J1340.8-0409 "" "" "" ""
J1341.1+7433 "" "" "" ""
J1341.2+3958 "" "" "" ""
J1341.6+5515 "" "" "" ""
J1341.7-3907 "" "" "" ""
J1341.8-2053 "" "" "" ""
J1342.6+0944 "" "" "" ""
J1342.7+0505 "" "" "" ""
J1343.6+5755 "" "" "" ""
J1344.0+6605 "" "" "" ""
J1344.1-7700 "" "" "" ""
J1344.2-1723 0.25754173201652947 0.03401874825521735 "" ""
J1344.4-3656 "" "" "" ""
J1345.5+4453 0.7887132363021326 0.013416367496797081 0.41791324086849513 0.010029799837414151
J1345.6-3356 "" "" "" ""
J1345.8+0706 "" "" "" ""
J1346.3-6026 "" "" "" ""
J1346.3+7227 "" "" "" ""
J1347.1-2959 "" "" "" ""
J1347.4+7309 "" "" "" ""
J1347.6-3751 0.2527623542134496 0.0714272211540315 "" ""
J1348.9+0756 "" "" "" ""
J1349.5-7153 "" "" "" ""
J1349.5-1131 0.42395006490532733 0.048468239654030895 "" ""
J1350.8+3033 0.554699190950404 0.054148523839393704 "" ""
J1351.0+0029 "" "" "" ""
J1351.3+1115 -0.11219080145858337 "" "" ""
J1351.4-1529 "" "" "" ""
J1351.7-2912 "" "" "" ""
J1351.7+5542 "" "" "" ""
J1351.9+2847 "" "" "" ""
J1352.7-2742 "" "" "" ""
J1353.0-4413 "" "" "" ""
J1353.2+3740 "" "" "" ""
J1353.3+1434 -0.03426011726067654 0.04331910452799962 "" ""
J1353.4+5600 "" "" "" ""
J1353.6-6640 "" "" "" ""
J1353.7-3936 "" "" "" ""
J1354.2+6934 "" "" "" ""
J1354.3-0206 "" "" "" ""
J1354.4+3707 "" "" "" ""
J1354.7+0623 "" "" "" ""
J1354.8-1041 0.3898460675675644 0.056159223643057685 "" ""
J1356.2-2454 "" "" "" ""
J1356.2-1726 "" "" "" ""
J1357.1+1921 "" "" "" ""
J1357.5+0127 "" "" "" ""
J1358.1+7642 "" "" "" ""
J1358.9-0703 "" "" "" ""
J1359.1+5544 0.07310676101208154 0.026218865279537748 "" ""
J1359.1-1152 "" "" "" ""
J1359.4+0202 "" "" "" ""
J1359.7+4012 -0.031061083685737626 0.030363739246182842 "" ""
J1359.8-3746 -0.09106205813900548 0.008750774426561652 "" ""
J1400.2-4010 "" "" "" ""
J1400.6-5605 "" "" "" ""
J1401.1-3717 "" "" "" ""
J1401.2-0915 "" "" "" ""
J1402.5-1827 "" "" "" ""
J1402.6+1600 "" "" "" ""
J1402.6-3330 "" "" "" ""
J1403.4+4319 "" "" "" ""
J1404.8+6554 -0.11017498607678178 "" "" ""
J1404.8+0402 "" "" "" ""
J1405.3-0640 "" "" "" ""
J1406.1-2508 "" "" "" ""
J1406.4-1654 "" "" "" ""
J1406.5-0054 "" "" "" ""
