4LAC_variability_analysis/resulting_catalogs/reliable_variability_agn_pop_4lac_dr3.ecsv
# %ECSV 1.0
# ---
# datatype:
# - {name: Source_Name, datatype: string}
# - {name: Norm_Excess_Var(monthly), datatype: float64}
# - {name: err_Norm_Excess_Var(monthly), datatype: float64}
# - {name: Norm_Excess_Var(3-days), datatype: float64}
# - {name: err_Norm_Excess_Var(3-days), datatype: float64}
# schema: astropy-2.0
Source_Name Norm_Excess_Var(monthly) err_Norm_Excess_Var(monthly) Norm_Excess_Var(3-days) err_Norm_Excess_Var(3-days)
[from data line 477]
J0237.7+0206 "" "" "" ""
J0237.8+2848 1.1666556767571545 0.01956746905637788 0.7570469628396244 0.012693764906667541
J0238.1-3905 "" "" "" ""
J0238.2+1531 "" "" "" ""
J0238.4-3116 -0.07443813572675476 0.01810208401004359 "" ""
J0238.6+1637 1.2398539300560885 0.023716287925777287 0.6614878352921283 0.017473321970092208
J0238.7+2555 "" "" "" ""
J0239.5+1326 "" "" "" ""
J0239.5-1353 "" "" "" ""
J0239.7+0415 0.17420750794234616 0.04062497599686961 "" ""
J0240.6+3528 "" "" "" ""
J0240.8-3401 "" "" "" ""
J0241.0-0505 "" "" "" ""
J0241.3+6543 "" "" "" ""
J0241.9-1603 "" "" "" ""
J0242.3+1102 0.269949933454341 0.05068322002778026 "" ""
J0242.3+5216 0.12800067720889743 0.03836838327776081 "" ""
J0242.6+1735 -0.08692574129106391 "" "" ""
J0242.9+0045 "" "" "" ""
J0243.2-0550 "" "" "" ""
J0243.4+7119 0.060087210591932436 0.031256893626757626 "" ""
J0243.7+0321 "" "" "" ""
J0244.6-5819 0.05269973329987374 0.06677169271627935 "" ""
J0244.7+1316 "" "" "" ""
J0245.1-0257 "" "" "" ""
J0245.4-5950 "" "" "" ""
J0245.4+2408 "" "" "" ""
J0245.5-4502 "" "" "" ""
J0245.9-4650 0.6527432875461074 0.027534764852075056 0.3066234549512914 0.02124139834297977
J0246.6-3348 "" "" "" ""
J0248.0+2232 "" "" "" ""
J0248.6+5131 "" "" "" ""
J0249.7+4500 "" "" "" ""
J0250.2-8224 "" "" "" ""
J0250.3-3422 "" "" "" ""
J0250.6+1712 "" "" "" ""
J0250.6+8435 "" "" "" ""
J0250.7+5630 "" "" "" ""
J0251.5-5958 "" "" "" ""
J0252.8-2219 0.8379160230536173 0.024473218583663792 0.30485350727227273 0.016499991151993815
J0252.9+3834 "" "" "" ""
J0253.2-5441 0.8289468043090836 0.057991958378545753 "" ""
J0253.2-0124 "" "" "" ""
J0253.5+3216 "" "" "" ""
J0253.9+5103 -0.026235289859086977 0.01693854191234976 "" ""
J0254.5-7511 "" "" "" ""
J0255.8+0534 "" "" "" ""
J0256.3+0334 0.021508567921498772 0.05776277716221472 "" ""
J0257.0+3358 "" "" "" ""
J0257.9-1215 "" "" "" ""
J0258.1+2030 "" "" "" ""
J0259.3+5453 "" "" "" ""
J0259.4+0308 "" "" "" ""
J0259.4+0746 0.40469562636307577 0.037646395863716944 "" ""
J0259.5+1924 "" "" "" ""
J0259.5-1705 "" "" "" ""
J0301.0-1652 "" "" "" ""
J0301.2+2546 "" "" "" ""
J0301.4-3124 "" "" "" ""
J0301.6-7155 1.3909248495306283 0.04421316612337711 "" ""
J0301.9-2731 "" "" "" ""
J0303.2+3149 "" "" "" ""
J0303.3-7913 "" "" "" ""
J0303.3+0555 "" "" "" ""
J0303.4-2407 0.7627655880681131 0.029407793056736516 0.5693802986236313 0.030804172134518866
J0303.4-5232 "" "" "" ""
J0303.6+4716 0.09836504033549183 0.01689932700290228 -0.02819306595191612 0.017909312016420115
J0303.6-6211 0.1999954630639306 0.029856406997453653 "" ""
J0304.4-2833 "" "" "" ""
J0304.5+3349 "" "" "" ""
J0304.5+6821 0.24539361049379615 0.053126965431341586 "" ""
J0304.5-0054 "" "" "" ""
J0304.9-0606 "" "" "" ""
J0305.1-1608 "" "" "" ""
J0307.4+4915 "" "" "" ""
J0307.8-0419 "" "" "" ""
J0308.1-2852 "" "" "" ""
J0308.4+0407 -0.08128640322465862 0.014229637331357747 "" ""
J0309.0+1029 "" "" "" ""
J0309.4-4000 "" "" "" ""
J0309.7-0745 "" "" "" ""
J0309.9-6058 0.6251238626168886 0.022678309670581664 0.22805310208584528 0.015750476198496937
J0310.6-5017 "" "" "" ""
J0310.8-1041 "" "" "" ""
J0310.9-3458 "" "" "" ""
J0310.9+3815 "" "" "" ""
J0311.2+6856 "" "" "" ""
J0311.5-4402 "" "" "" ""
J0311.6+4134 "" "" "" ""
J0312.4-3221 "" "" "" ""
J0312.5-2221 "" "" "" ""
J0312.8+0134 "" "" "" ""
J0312.9+3614 "" "" "" ""
J0312.9+4119 "" "" "" ""
J0313.0+0229 "" "" "" ""
J0314.3+0620 "" "" "" ""
J0314.3-5103 -0.0780166419251368 0.021647151400493694 "" ""
J0314.6-6549 "" "" "" ""
J0315.4-2643 "" "" "" ""
J0315.5+4231 "" "" "" ""
J0315.9-1033 "" "" "" ""
J0316.0-5626 "" "" "" ""
J0316.2-6437 "" "" "" ""
J0316.2+0905 -0.03372907573751392 0.019140931590897962 "" ""
J0316.2-2608 "" "" "" ""
J0316.6-2216 "" "" "" ""
J0316.8+4120 "" "" "" ""
J0316.9-0625 "" "" "" ""
J0317.7-2804 "" "" "" ""
J0317.8-4414 "" "" "" ""
J0318.7+2135 -0.001982793644477815 0.040680376507294974 "" ""
J0319.4-7045 "" "" "" ""
J0319.8+4130 0.3088337757794611 0.006699636316760933 0.31552548993658297 0.005651673323881722
J0319.8+1845 "" "" "" ""
J0319.9-3821 "" "" "" ""
J0320.6+1125 "" "" "" ""
J0321.3+0425 "" "" "" ""
J0321.3-1612 "" "" "" ""
J0321.7-7500 "" "" "" ""
J0322.0+2335 "" "" "" ""
J0322.4+6606 "" "" "" ""
J0322.6-3712e "" "" "" ""
J0322.9+0940 "" "" "" ""
J0323.7-0111 "" "" "" ""
J0324.3-1313 "" "" "" ""
J0324.8+3412 0.30040872707771443 0.029135995418418426 "" ""
J0324.8-2043 "" "" "" ""
J0325.0-2416 "" "" "" ""
J0325.2+4705 "" "" "" ""
J0325.3+3332 "" "" "" ""
J0325.5-5635 0.09770705420439688 0.03381383907714848 "" ""
J0325.6-1646 -0.05478907923946166 0.02235136689995573 "" ""
J0325.7+2225 0.3049713543282362 0.027675894436265537 "" ""
J0325.9-1843 "" "" "" ""
J0326.2+0225 "" "" "" ""
J0326.7-3404 "" "" "" ""
J0327.5-1805 "" "" "" ""
J0328.8-5715 "" "" "" ""
J0328.9+3514 "" "" "" ""
J0330.6+4659 "" "" "" ""
J0330.6+0438 "" "" "" ""
J0330.7-2408 "" "" "" ""
J0331.1-5243 "" "" "" ""
J0331.3-6156 -0.07451482010924017 0.016212475706057626 "" ""
J0331.8-7040 "" "" "" ""
J0331.9+6307 -0.0750635859737308 "" "" ""
J0332.1-1123 "" "" "" ""
J0332.2-1737 "" "" "" ""
J0332.8+1557 "" "" "" ""
J0333.1+8227 "" "" "" ""
J0333.3+0233 "" "" "" ""
J0333.7+7851 "" "" "" ""
J0333.7+2916 "" "" "" ""
J0333.8+4007 "" "" "" ""
J0333.9+6537 0.01452664381018389 0.03021954145304259 "" ""
J0334.2-3725 0.1743954633909939 0.020091520598657604 -0.009055354069283686 0.01824208884729151
J0334.2-4008 0.3411147273820446 0.017799273387893763 0.21501032115195848 0.017938922601666688
J0334.3+3920 "" "" "" ""
J0335.1-4459 -0.0051781942380262685 0.042189218315266494 "" ""
J0335.8+2733 "" "" "" ""
J0336.4+3224 -0.018254063039265432 0.012622786708496397 "" ""
J0336.5-0348 "" "" "" ""
J0336.7-1305 "" "" "" ""
J0336.8-3612 "" "" "" ""
J0337.8-1157 "" "" "" ""
J0338.1-2443 "" "" "" ""
J0338.5+1302 -0.06556338443169428 0.023598442332319322 "" ""
J0338.7-5319 "" "" "" ""
J0338.7-5706 "" "" "" ""
J0338.9-2848 0.019458942717659484 0.059362000416851565 "" ""
J0339.2-1736 "" "" "" ""
J0339.5-0146 0.5409754161005806 0.016113353268884967 0.37464012730831137 0.014194504848014582
J0340.4-2422 "" "" "" ""
J0340.5-2118 -0.02394533072823161 0.014483715529554898 "" ""
J0340.5-0256 "" "" "" ""
J0342.2+3858 "" "" "" ""
J0342.8-3007 "" "" "" ""
J0343.2-2529 "" "" "" ""
J0343.2-6444 -0.03604797504013511 0.0243459599725907 "" ""
J0343.4+3621 "" "" "" ""
J0344.2+3203 "" "" "" ""
J0344.4+3432 "" "" "" ""
J0345.2-2353 -0.009672443895722452 0.017657788654742056 "" ""
J0345.5-3301 "" "" "" ""
J0347.0+4844 "" "" "" ""
J0347.6-0133 "" "" "" ""
J0347.7-3616 "" "" "" ""
J0348.2+6035 "" "" "" ""
J0348.6-1609 -0.04932355985403059 0.018061792605068842 "" ""
J0348.6-2749 "" "" "" ""
J0348.8-0828 "" "" "" ""
J0348.8+4610 "" "" "" ""
J0348.9-4859 "" "" "" ""
J0349.4-1159 "" "" "" ""
J0349.6+2410 "" "" "" ""
J0349.8-2103 0.6123490531408765 0.05244428883346253 "" ""
J0350.0+0640 "" "" "" ""
J0350.4-5144 "" "" "" ""
J0350.6-3226 "" "" "" ""
J0350.8-2814 "" "" "" ""
J0352.0-2516 "" "" "" ""
J0352.0-3702 "" "" "" ""
J0352.9-3623 "" "" "" ""
J0353.0+5654 "" "" "" ""
J0353.0-6831 "" "" "" ""
J0353.7+8257 "" "" "" ""
J0354.4+4643 "" "" "" ""
J0354.7-1617 "" "" "" ""
J0354.7+8009 "" "" "" ""
J0355.1-1841 "" "" "" ""
J0355.3+3909 "" "" "" ""
J0356.1-1329 "" "" "" ""
J0357.0-4955 "" "" "" ""
J0357.2+2320 "" "" "" ""
J0357.2-0319 "" "" "" ""
J0357.6-4625 "" "" "" ""
J0358.0-6946 "" "" "" ""
J0358.1-5954 "" "" "" ""
J0358.6+0634 "" "" "" ""
J0358.7+7649 "" "" "" ""
J0358.9+6004 "" "" "" ""
J0359.0-3053 "" "" "" ""
J0359.4-0236 "" "" "" ""
J0359.4-2616 "" "" "" ""
J0359.6+5057 0.2745010134745944 0.019611855145266272 "" ""
J0359.6+3213 "" "" "" ""
J0400.7+3920 "" "" "" ""
J0401.0-5353 "" "" "" ""
J0401.2+8153 "" "" "" ""
J0401.3+0412 "" "" "" ""
J0401.7+2112 0.2636761314806832 0.03624600158136833 "" ""
J0401.9-2034 0.3556563061186233 0.032860807530111044 "" ""
J0402.0-2616 -0.0735544533986045 0.02217266044160518 "" ""
J0402.0+2737 "" "" "" ""
J0402.1-3147 "" "" "" ""
J0402.9+6433 "" "" "" ""
J0403.3+2601 "" "" "" ""
J0403.5-2437 "" "" "" ""
J0403.9-3605 1.6696336742656173 0.016965322163075298 1.4556913227086494 0.016126316073910348
J0404.1-1715 "" "" "" ""
J0404.3-1559 "" "" "" ""
J0405.6-1308 0.44071769751041984 0.04436149812141016 "" ""
J0406.0-5407 "" "" "" ""
J0407.0-3826 0.3615435693159429 0.019095649977342345 0.13923279348496617 0.015159467456186104
J0407.5+0741 0.20026893799311807 0.05017928897291111 "" ""
J0409.4+3201 "" "" "" ""
J0409.8-0359 "" "" "" ""
J0410.9+4216 "" "" "" ""
J0411.7+3041 "" "" "" ""
J0412.3+0239 "" "" "" ""
J0412.6-5434 "" "" "" ""
J0412.7-3927 "" "" "" ""
J0413.1-5332 "" "" "" ""
J0414.6-0842 "" "" "" ""
J0414.8-5338 "" "" "" ""
J0415.2-5741 "" "" "" ""
J0416.0-4743 "" "" "" ""
J0416.0-6628 "" "" "" ""
J0416.2-4353 "" "" "" ""
J0416.4-2059 "" "" "" ""
J0416.5-1852 0.06189314349526304 0.035328301089572425 "" ""
J0416.9+0105 -0.14237132291660742 0.008075118180433069 "" ""
J0418.1-0252 "" "" "" ""
J0418.2+3807 0.14377679220413045 0.04882616064409323 "" ""
J0418.4+3414 "" "" "" ""
J0420.0+0805 "" "" "" ""
J0420.2+4012 "" "" "" ""
J0420.3-6016 "" "" "" ""
J0420.3-3745 0.03780239066242077 0.025741300299797182 "" ""
J0421.0-0752 "" "" "" ""
J0422.1-0644 0.24512126544363588 0.030317991313437185 "" ""
J0422.3+1951 "" "" "" ""
J0422.8+0225 "" "" "" ""
J0423.1+2106 "" "" "" ""
J0423.3-0120 0.3855691886443793 0.021128509497377688 0.06918118049738849 0.013163502888700551
J0423.7+0831 "" "" "" ""
J0423.9+4150 "" "" "" ""
J0424.7+0036 0.014734035478356883 0.02158544765940886 "" ""
J0424.9-5331 0.11063079519586139 0.04704229212855169 "" ""
J0425.3+6319 "" "" "" ""
J0426.5+2007 "" "" "" ""
J0426.7+6826 "" "" "" ""
J0427.3-3900 0.13460041338280584 0.030081735423057927 "" ""
J0428.6-3756 0.5701287614191818 0.009648029745006377 0.4861411866195065 0.00936517940994205
J0428.7-5003 "" "" "" ""
J0429.0-0006 "" "" "" ""
J0429.3-3238 "" "" "" ""
J0429.3-4326 "" "" "" ""
J0429.8+2843 "" "" "" ""
J0429.9-3101 "" "" "" ""
J0430.2-0356 "" "" "" ""
J0430.3-2507 "" "" "" ""
J0430.3+1654 -0.0651032023133572 "" "" ""
J0431.8+7403 -0.11041391087714368 0.01644181676281152 "" ""
J0432.0+1732 "" "" "" ""
J0433.0+0522 0.22516408070713245 0.046012792679091204 "" ""
J0433.1+3227 "" "" "" ""
J0433.5-1039 "" "" "" ""
J0433.6-6030 0.2786232803057496 0.031674348880874566 "" ""
J0433.6+2905 1.12408926655211 0.06479642822424778 "" ""
J0433.7-5725 "" "" "" ""
J0434.1-2014 "" "" "" ""
J0434.3-2517 "" "" "" ""
J0434.4-2342 "" "" "" ""
J0434.7+0922 -0.0805908920498449 0.03262792430768526 "" ""
J0435.4-2623 "" "" "" ""
J0436.2-0038 "" "" "" ""
J0436.7-7148 "" "" "" ""
J0436.8-5223 "" "" "" ""
J0437.2-5846 "" "" "" ""
J0437.4-6155 "" "" "" ""
J0438.4-1254 "" "" "" ""
J0438.7-3441 "" "" "" ""
J0438.9-4521 0.03375914116238987 0.02578767798468019 "" ""
J0439.2+2151 "" "" "" ""
J0439.4-3202 "" "" "" ""
J0439.8-1859 "" "" "" ""
J0440.2-2458 "" "" "" ""
J0440.2+4246 "" "" "" ""
J0440.3-4332 "" "" "" ""
J0440.4+1440 "" "" "" ""
J0440.8+2749 "" "" "" ""
J0441.2-2953 "" "" "" ""
J0441.3-2617 "" "" "" ""
J0441.5+1505 "" "" "" ""
J0442.6-0017 1.1714198064443906 0.03156809412527472 0.7989114342730216 0.026763330301487434
J0442.7+6142 "" "" "" ""
J0443.3-6652 "" "" "" ""
J0443.4-4152 "" "" "" ""
J0444.5+0719 "" "" "" ""
J0444.6+3425 "" "" "" ""
J0445.1-6012 "" "" "" ""
J0446.3-1729 "" "" "" ""
J0447.2-2539 "" "" "" ""
J0447.4-2747 "" "" "" ""
J0448.6-1632 "" "" "" ""
J0449.1+1121 0.3675516685869323 0.023319129261788803 0.13957268760277847 0.019519369103804793
J0449.2+6329 0.34401906325015713 0.04611791226578913 "" ""
J0449.4-4350 0.2744825144270543 0.01179848685304924 0.154988733157796 0.01101534214983128
J0449.6-8100 "" "" "" ""
J0449.6+3027 "" "" "" ""
J0450.3-4419 -0.03252491584983738 0.011244444146080598 "" ""
J0450.4+7230 "" "" "" ""
J0450.7-4938 "" "" "" ""
J0451.8-4651 "" "" "" ""
J0451.8+5721 "" "" "" ""
J0452.0+2100 "" "" "" ""
J0453.1-2806 0.2505724357599171 0.018121022716577288 0.10033143799088669 0.01699923389354198
J0453.1+6322 "" "" "" ""
J0453.9+3727 "" "" "" ""
J0455.7-4617 0.10096789813827038 0.024160234534121163 "" ""
J0456.2+2702 "" "" "" ""
J0456.3-1634 "" "" "" ""
J0456.4-4043 "" "" "" ""
J0456.6-3136 "" "" "" ""
J0457.0+0646 "" "" "" ""
J0457.0-2324 0.38366896391785404 0.006312581149868758 0.35985017008660364 0.0064837762357701475
J0458.0+1152 "" "" "" ""
J0458.6+5509 "" "" "" ""
J0459.2-2612 "" "" "" ""
J0459.4+1921 "" "" "" ""
J0459.7-4529 "" "" "" ""
J0500.1+5447 "" "" "" ""
J0500.2+5237 "" "" "" ""
J0500.6-4911 "" "" "" ""
J0501.0+2424 "" "" "" ""
J0501.0-2423 "" "" "" ""
J0501.2-0158 0.6633358409699761 0.017674564795765988 0.4035394494667255 0.014335715418885397
J0501.7+3048 "" "" "" ""
J0502.4+0609 -0.10423226882902613 "" "" ""
J0502.5+1340 "" "" "" ""
J0502.5+3438 0.06634587147725446 0.030035003990630204 "" ""
J0502.9+6533 "" "" "" ""
J0503.1-6045 "" "" "" ""
J0503.5-1116 "" "" "" ""
J0503.6+4518 "" "" "" ""
J0504.3-0955 "" "" "" ""
J0505.3+0459 1.9135019987137163 0.03855269286748311 1.1887288836174674 0.029256431303921422
J0505.6+0415 "" "" "" ""
J0505.6-1558 "" "" "" ""
J0505.6+6405 "" "" "" ""
J0505.8+3322 "" "" "" ""
J0505.8-0419 "" "" "" ""
J0505.8-3817 "" "" "" ""
J0506.0+6113 "" "" "" ""
J0506.0-0357 "" "" "" ""
J0506.7-0857 "" "" "" ""
J0506.9+0323 "" "" "" ""
J0506.9-5435 "" "" "" ""
J0507.4-3346 "" "" "" ""
J0507.7-6104 0.11472020513921379 0.0367647759617754 "" ""
J0507.9+4647 "" "" "" ""
J0507.9+6737 0.010668728544444582 0.022289026316786902 "" ""
J0508.2-1937 "" "" "" ""
J0508.2+5211 "" "" "" ""
J0509.1+1943 "" "" "" ""
J0509.2+5550 "" "" "" ""
J0509.3-2917 "" "" "" ""
J0509.4+1012 -0.009225865800252102 0.024916428334532257 "" ""
J0509.4+0542 0.45421621089914643 0.018370288505848088 0.25898038486187225 0.016547111014755502
J0509.6+8425 "" "" "" ""
J0509.6-0402 "" "" "" ""
J0509.9-6417 "" "" "" ""
J0510.0+1800 3.762518199474032 0.08158815562039083 "" ""
J0510.4-1809 "" "" "" ""
J0511.4-6804 "" "" "" ""
J0512.8+4041 "" "" "" ""
J0513.9-3746 "" "" "" ""
J0514.5+6247 "" "" "" ""
J0515.5-0125 "" "" "" ""
J0515.6-4556 1.1494886046546393 0.03235406738544069 "" ""
J0515.8+1527 -0.06075612736982393 0.0209981099814857 "" ""
J0515.9+0537 "" "" "" ""
J0516.1-7240 "" "" "" ""
J0516.4+7350 "" "" "" ""
J0516.7+2743 "" "" "" ""
J0516.7-6207 0.17804344335712158 0.021874465153334684 -0.016419781946126106 0.019112178740485482
J0516.8-0509 "" "" "" ""
J0517.5+0858 "" "" "" ""
J0517.7-1758 "" "" "" ""
J0517.9-6930 "" "" "" ""
J0519.0+0851 "" "" "" ""
J0519.6+2744 "" "" "" ""
J0519.6-4544 "" "" "" ""
J0520.4+3607 "" "" "" ""
J0520.6+6531 "" "" "" ""
J0521.2+1637 "" "" "" ""
J0521.3-1734 "" "" "" ""
J0521.6+0103 "" "" "" ""
J0521.7+2112 0.3288988565956746 0.014940948981709995 0.12257594363652549 0.011862369795918142
J0521.8+5658 "" "" "" ""
J0521.8-3848 "" "" "" ""
J0522.9-3628 0.402921644472928 0.01328692988625016 0.3808147910906134 0.014345784451338817
J0524.1-5659 "" "" "" ""
J0524.5+2839 "" "" "" ""
J0524.5-2614 "" "" "" ""
J0524.6-2819 "" "" "" ""
J0525.4-4600 "" "" "" ""
J0525.6-2008 "" "" "" ""
J0525.6-6013 "" "" "" ""
J0525.8-0052 "" "" "" ""
J0526.1+6318 "" "" "" ""
J0526.2-4830 0.7521932588849342 0.02609830337109366 0.1897027884629832 0.014820352100014944
J0526.3+2246 "" "" "" ""
J0526.7-1519 "" "" "" ""
J0527.3-6223 "" "" "" ""
J0528.7-5920 "" "" "" ""
J0529.1-0101 "" "" "" ""
J0529.1+0935 "" "" "" ""
J0529.3-7243 "" "" "" ""
J0529.4-0521 "" "" "" ""
J0530.9+1332 0.24312619155325466 0.03146350418935881 "" ""
J0532.0-4827 1.8664475646277037 0.052425159259240406 "" ""
J0532.6+0732 0.5082451721139182 0.021584551756082003 0.23719230585305415 0.01739087964438705
J0532.7+5749 "" "" "" ""
J0532.8-3941 -0.04527286139202858 0.013541771494806398 "" ""
J0532.9-8325 "" "" "" ""
J0532.9+6936 "" "" "" ""
J0533.0-8446 "" "" "" ""
J0533.1-6119 "" "" "" ""
J0533.3-5549 "" "" "" ""
J0533.3+4823 0.1341662158210205 0.01641768719266354 -0.03327575061648672 0.008290862910231156
J0533.8-3749 "" "" "" ""
J0535.7-6604 "" "" "" ""
J0536.0-2754 "" "" "" ""
J0536.2+1733 "" "" "" ""
