4LAC_variability_analysis/resulting_catalogs/reliable_variability_agn_pop_4lac_dr3.ecsv
# %ECSV 1.0
# ---
# datatype:
# - {name: Source_Name, datatype: string}
# - {name: Norm_Excess_Var(monthly), datatype: float64}
# - {name: err_Norm_Excess_Var(monthly), datatype: float64}
# - {name: Norm_Excess_Var(3-days), datatype: float64}
# - {name: err_Norm_Excess_Var(3-days), datatype: float64}
# schema: astropy-2.0
Source_Name Norm_Excess_Var(monthly) err_Norm_Excess_Var(monthly) Norm_Excess_Var(3-days) err_Norm_Excess_Var(3-days)
[from data line 2850]
J1706.9+4543 "" "" "" ""
J1707.1-1931 "" "" "" ""
J1707.5+1649 "" "" "" ""
J1707.9+0016 "" "" "" ""
J1709.0-3525 "" "" "" ""
J1709.7+4318 1.3537269555324876 0.04588268913222762 "" ""
J1710.1-2030 "" "" "" ""
J1710.3-3943 "" "" "" ""
J1711.1+0242 "" "" "" ""
J1711.1-4600 "" "" "" ""
J1711.6-5027 "" "" "" ""
J1712.5-3142 "" "" "" ""
J1712.7+2932 "" "" "" ""
J1713.7+8844 "" "" "" ""
J1714.0-2029 "" "" "" ""
J1715.0+2616 "" "" "" ""
J1715.4-4025 "" "" "" ""
J1715.8+2151 "" "" "" ""
J1716.1+6836 0.15089273702930017 0.05367807295335346 "" ""
J1716.3-3421 "" "" "" ""
J1716.6-6707 "" "" "" ""
J1717.3-6045 "" "" "" ""
J1717.5-8114 "" "" "" ""
J1717.5-3342 0.47808897523913185 0.0479141348065578 "" ""
J1717.6-5154 "" "" "" ""
J1718.0-3055 "" "" "" ""
J1719.2+1745 "" "" "" ""
J1719.3+1205 "" "" "" ""
J1720.0-5101 "" "" "" ""
J1720.2+3824 "" "" "" ""
J1722.6+6104 "" "" "" ""
J1722.7+1014 0.1882542873816301 0.0427781533633751 "" ""
J1723.6-7714 0.6467942669863129 0.027863002848688062 0.24032736003420074 0.019596311264187528
J1724.1+3304 "" "" "" ""
J1724.2+4005 0.21817031692577518 0.03550936756114185 "" ""
J1724.2-6501 "" "" "" ""
J1724.9+7654 "" "" "" ""
J1725.0+1152 0.03467317490477718 0.014598307443183314 -0.15949363744165526 0.002227237319714815
J1725.4+5254 "" "" "" ""
J1725.5+5851 -0.03229479392385257 0.03088934524085099 "" ""
J1727.2+0644 "" "" "" ""
J1727.4+4530 0.5841785173726479 0.01959801916037542 0.3719256440606797 0.016965640358365446
J1727.9-0654 "" "" "" ""
J1728.0+1216 0.0655422659408966 0.030290065784325623 "" ""
J1728.3+5013 0.17859602967450433 0.031560419504693904 "" ""
J1728.4+0427 0.022163252487586563 0.03590257237812041 "" ""
J1728.5-7303 "" "" "" ""
J1728.6-7448 "" "" "" ""
J1730.6+0024 "" "" "" ""
J1730.6+3805 "" "" "" ""
J1730.8+3715 "" "" "" ""
J1731.6-3002 "" "" "" ""
J1731.9-2719 "" "" "" ""
J1733.0-1305 0.6284134218172924 0.028532027116987057 0.4446929497219265 0.025632927596768437
J1733.4+1521 "" "" "" ""
J1733.4-3943 "" "" "" ""
J1733.4+5428 "" "" "" ""
J1733.6-6054 "" "" "" ""
J1734.0+0805 "" "" "" ""
J1734.3+3858 1.0679607356113752 0.03795524893837224 "" ""
J1735.0-0132 "" "" "" ""
J1735.4-1118 "" "" "" ""
J1735.8-5932 "" "" "" ""
J1736.0+2033 "" "" "" ""
J1736.6+0628 "" "" "" ""
J1736.9-3357 "" "" "" ""
J1737.6-1503 "" "" "" ""
J1738.0+8717 "" "" "" ""
J1738.0+0236 "" "" "" ""
J1738.2+4000 "" "" "" ""
J1738.3+3228 "" "" "" ""
J1738.8+3822 "" "" "" ""
J1738.8-3418 "" "" "" ""
J1739.5+4955 0.4496634134420871 0.04702326422967703 "" ""
J1740.0+4737 -0.04509442273168016 0.044043556565658906 "" ""
J1740.5+5211 0.7855413599216744 0.028601706675995302 0.3431406905251413 0.020925748986185617
J1740.6+5346 -0.02551378297251339 0.03502978664529014 "" ""
J1741.1+7226 "" "" "" ""
J1741.2+5739 "" "" "" ""
J1741.5-3119 "" "" "" ""
J1741.8-2537 "" "" "" ""
J1741.9+2555 "" "" "" ""
J1742.4-1518 "" "" "" ""
J1742.5+5944 "" "" "" ""
J1743.9-1824 "" "" "" ""
J1743.9+3747 "" "" "" ""
J1744.0+1935 "" "" "" ""
J1744.2-0353 "" "" "" ""
J1744.4+1851 "" "" "" ""
J1744.6-5713 "" "" "" ""
J1744.8+5540 "" "" "" ""
J1744.9-1727 "" "" "" ""
J1745.1+4731 "" "" "" ""
J1745.4-0753 "" "" "" ""
J1745.6+3950 "" "" "" ""
J1746.8-5235 "" "" "" ""
J1747.1-5453 "" "" "" ""
J1747.2+4937 "" "" "" ""
J1747.4+2330 "" "" "" ""
J1747.4+2759 "" "" "" ""
J1747.6-5308 "" "" "" ""
J1747.6-4211 "" "" "" ""
J1747.9+4704 "" "" "" ""
J1748.0+3403 "" "" "" ""
J1748.1+2702 "" "" "" ""
J1748.5-0854 "" "" "" ""
J1748.6+7005 0.6355335755127525 0.021873753388106605 0.6180345315408666 0.024328272303305747
J1749.0-2327 "" "" "" ""
J1749.0+4321 -0.026327598845586796 0.048491743954760545 "" ""
J1750.2+4704 "" "" "" ""
J1751.5+0938 1.6286223062040692 0.03532092920208683 1.185596790007119 0.03268721590788223
J1751.6+2921 "" "" "" ""
J1751.6-1750 "" "" "" ""
J1752.1+4531 "" "" "" ""
J1752.6-1010 "" "" "" ""
J1753.3-3325 "" "" "" ""
J1753.4-5913 "" "" "" ""
J1753.6-5014 "" "" "" ""
J1753.7+2847 "" "" "" ""
J1754.2+3212 0.8394103625946875 0.05273524772001248 "" ""
J1754.5-6425 "" "" "" ""
J1754.7+3444 "" "" "" ""
J1756.3+5522 "" "" "" ""
J1756.6+1553 "" "" "" ""
J1756.9+1531 "" "" "" ""
J1757.0+7032 "" "" "" ""
J1758.2+6532 "" "" "" ""
J1758.3+1429 "" "" "" ""
J1758.3-3028 "" "" "" ""
J1758.7-1621 "" "" "" ""
J1759.1-4822 "" "" "" ""
J1759.1-3849 "" "" "" ""
J1800.1+2812 "" "" "" ""
J1800.1+7037 "" "" "" ""
J1800.6+7828 0.9630367809206665 0.014117728089220133 1.3768167833959595 0.017053898968047026
J1801.5+4404 2.040188200459413 0.0644861406737735 "" ""
J1801.5+2123 "" "" "" ""
J1801.8+2951 "" "" "" ""
J1802.6-3940 1.14624098904608 0.03792372197636461 "" ""
J1803.4-6510 "" "" "" ""
J1803.5+2756 "" "" "" ""
J1803.9+0342 "" "" "" ""
J1806.2+6143 "" "" "" ""
J1806.3+5345 "" "" "" ""
J1806.8+6949 0.15469759248214077 0.01219672351777018 -0.024399655049705638 0.007374892431954239
J1806.9-8038 "" "" "" ""
J1807.2+6429 "" "" "" ""
J1807.9-6412 "" "" "" ""
J1807.9+4650 "" "" "" ""
J1808.1-5013 "" "" "" ""
J1808.2+3500 "" "" "" ""
J1808.8+2419 "" "" "" ""
J1808.8+3522 "" "" "" ""
J1809.3+2042 "" "" "" ""
J1809.7+2910 0.07909519580321392 0.041402518595847156 "" ""
J1810.7+5335 "" "" "" ""
J1811.0+1608 "" "" "" ""
J1811.2-2759 "" "" "" ""
J1811.3+0340 -0.05342151133498863 0.02711770519784607 "" ""
J1812.9+4249 "" "" "" ""
J1813.5+3144 0.8918304718799522 0.05443236386489409 "" ""
J1813.6+0614 0.11433939069439253 0.06918551929991097 "" ""
J1814.0+3828 "" "" "" ""
J1814.2+4114 "" "" "" ""
J1814.4+2953 "" "" "" ""
J1815.2-2715 "" "" "" ""
J1816.9-4942 0.19223854755925343 0.035760022007611726 "" ""
J1818.6+0903 0.04027746300267619 0.028768702864747538 "" ""
J1819.1+2133 "" "" "" ""
J1820.3+3624 "" "" "" ""
J1821.6+6819 0.30814652225157413 0.030173691799578514 "" ""
J1822.0+1600 "" "" "" ""
J1823.3-3720 "" "" "" ""
J1823.5+6858 "" "" "" ""
J1823.6-3453 0.07631114894680625 0.049510421861572826 "" ""
J1824.1+5651 0.31771528310609304 0.02503832531699806 0.1726424702573106 0.028431671957305307
J1824.5+0107 "" "" "" ""
J1824.5+4311 "" "" "" ""
J1824.7-3243 "" "" "" ""
J1825.1-5231 "" "" "" ""
J1826.0-5037 "" "" "" ""
J1827.5+2015 "" "" "" ""
J1827.6-4029 "" "" "" ""
J1828.0+2634 "" "" "" ""
J1828.7+3230 "" "" "" ""
J1829.0-2417 "" "" "" ""
J1829.1+2729 "" "" "" ""
J1829.2-5813 1.6704990666142738 0.03777535246182734 "" ""
J1829.3+5402 "" "" "" ""
J1829.5+4845 0.18328447850056237 0.02308115413288002 0.06870871011279331 0.026642954300267908
J1829.9+3934 "" "" "" ""
J1830.0-5225 "" "" "" ""
J1830.0+1324 "" "" "" ""
J1830.1+0617 "" "" "" ""
J1830.2-4443 "" "" "" ""
J1830.7-2713 "" "" "" ""
J1831.9+3820 "" "" "" ""
J1832.6-5658 "" "" "" ""
J1833.6-2103 2.6718253575616684 0.013082546966114153 2.457275971585396 0.012175553942205245
J1834.2+3136 "" "" "" ""
J1834.7-5858 "" "" "" ""
J1835.5+1349 "" "" "" ""
J1836.4+3137 -0.0196552162370529 0.018708016383750064 "" ""
J1836.5+1948 "" "" "" ""
J1837.0+5347 "" "" "" ""
J1837.3+1052 "" "" "" ""
J1837.4-1646 "" "" "" ""
J1838.0-5959 "" "" "" ""
J1838.4-6023 "" "" "" ""
J1838.5+5733 "" "" "" ""
J1838.8+4802 0.10514300897993782 0.018857483566684922 -0.11133860420058983 0.011161311135134022
J1838.9-3457 "" "" "" ""
J1839.6-7107 0.05519530490857833 0.04907875518877711 "" ""
J1840.3-3037 "" "" "" ""
J1840.5+3707 "" "" "" ""
J1840.6-5545 "" "" "" ""
J1841.0+6115 "" "" "" ""
J1841.3+2909 "" "" "" ""
J1841.8+3218 "" "" "" ""
J1842.3+6810 "" "" "" ""
J1842.4-5840 "" "" "" ""
J1842.4+7613 "" "" "" ""
J1843.4-4835 "" "" "" ""
J1843.8-2011 "" "" "" ""
J1844.4+1547 0.14798404632234674 0.030895223961041083 "" ""
J1844.8-3248 "" "" "" ""
J1844.9+5709 "" "" "" ""
J1845.0+1613 "" "" "" ""
J1846.7+7238 "" "" "" ""
J1847.6+5219 "" "" "" ""
J1848.1-4230 "" "" "" ""
J1848.4+3217 1.261494869148335 0.0782429578208133 "" ""
J1848.5+6537 "" "" "" ""
J1848.5+3243 0.7278090922638147 0.050944636525616566 "" ""
J1848.6-2711 "" "" "" ""
J1848.9+4247 "" "" "" ""
J1849.2-1647 "" "" "" ""
J1849.2+6705 1.486636761222555 0.03423920992327702 0.5954088591056584 0.023047435695152035
J1849.3-6447 "" "" "" ""
J1849.4+2745 "" "" "" ""
J1849.4-4313 0.0786798096687807 0.03863973572944653 "" ""
J1850.1-0758 "" "" "" ""
J1850.5+2631 "" "" "" ""
J1851.5+3406 "" "" "" ""
J1852.4+4856 0.2807326146072331 0.039629193127059106 "" ""
J1853.8+6714 "" "" "" ""
J1854.6-6007 "" "" "" ""
J1855.4+7350 "" "" "" ""
J1855.8-2028 "" "" "" ""
J1857.8+3544 "" "" "" ""
J1857.9+0313 "" "" "" ""
J1858.1-1821 "" "" "" ""
J1858.1+7318 "" "" "" ""
J1858.3-2511 0.18723376364497474 0.05194930822921897 "" ""
J1858.3+4321 "" "" "" ""
J1858.5+0640 "" "" "" ""
J1858.7+5708 "" "" "" ""
J1859.0+2329 "" "" "" ""
J1901.0+6208 "" "" "" ""
J1901.0-1739 "" "" "" ""
J1901.7-5140 "" "" "" ""
J1902.4-0629 "" "" "" ""
J1902.8+3201 "" "" "" ""
J1902.9-6748 0.6040140208392597 0.031155066462690253 "" ""
J1903.2+5540 0.04962077488677702 0.008924766439732217 -0.091522305502875 0.006174439383713909
J1904.1+3627 "" "" "" ""
J1906.7+5419 "" "" "" ""
J1907.2+0126 "" "" "" ""
J1907.7-1232 "" "" "" ""
J1909.5+3511 "" "" "" ""
J1909.7-2140 "" "" "" ""
J1910.0-2453 "" "" "" ""
J1911.2-2006 0.43477721559252464 0.025081045389609286 0.16084807515931074 0.017715850845491942
J1911.4-1908 "" "" "" ""
J1911.5+0311 "" "" "" ""
J1912.0+1612 "" "" "" ""
J1912.1-0803 "" "" "" ""
J1912.4-1222 0.14737579685981153 0.04348868219608915 "" ""
J1912.4+3738 "" "" "" ""
J1912.7-1250 "" "" "" ""
J1913.0-8009 0.32104443275865685 0.029460473443845774 "" ""
J1913.2+0512 "" "" "" ""
J1913.4-3629 "" "" "" ""
J1913.9+4439 "" "" "" ""
J1915.3+1149 "" "" "" ""
J1916.7-1516 "" "" "" ""
J1917.7-6442 "" "" "" ""
J1917.7-1921 0.05878016553068045 0.019505100276599012 "" ""
J1917.7-6930 "" "" "" ""
J1918.1+3752 "" "" "" ""
J1918.2-4111 0.011050533713077463 0.015351677959691437 "" ""
J1919.2+0618 "" "" "" ""
J1919.4-4550 "" "" "" ""
J1921.3-1231 "" "" "" ""
J1921.7+5817 "" "" "" ""
J1921.8-1607 0.08859261525820505 0.05236282790800754 "" ""
J1922.2+2314 "" "" "" ""
J1922.5-7453 "" "" "" ""
J1923.4-2503 "" "" "" ""
J1923.5-2104 "" "" "" ""
J1924.2-1549 "" "" "" ""
J1924.3-5458 "" "" "" ""
J1924.8-2914 0.24103800158108693 0.034068176195547306 "" ""
J1925.0+2815 "" "" "" ""
J1925.1-3358 "" "" "" ""
J1925.1-1019 "" "" "" ""
J1925.7+1227 "" "" "" ""
J1925.8-2220 "" "" "" ""
J1926.1+2059 "" "" "" ""
J1926.8+6154 0.042916772410634754 0.028554459426807892 "" ""
J1927.5+6117 -0.07143146596534852 "" "" ""
J1929.4+6146 "" "" "" ""
J1930.3+0911 "" "" "" ""
J1931.1+0937 0.046522788599333925 0.026309047507688053 "" ""
J1931.3-1556 "" "" "" ""
J1931.5+5229 "" "" "" ""
J1933.2-4539 "" "" "" ""
J1933.3+0726 "" "" "" ""
J1933.9-1025 "" "" "" ""
J1934.2+6002 "" "" "" ""
J1934.3-2419 "" "" "" ""
J1934.3+6541 "" "" "" ""
J1934.5+6139 "" "" "" ""
J1936.9-4720 -0.12608423320226225 "" "" ""
J1937.0+8354 "" "" "" ""
J1937.2-3958 0.021583754367267206 0.020619812924123255 "" ""
J1937.2-4217 "" "" "" ""
J1939.5-1525 "" "" "" ""
J1939.8-4928 "" "" "" ""
J1941.3-6210 0.4386042657819817 0.020697683650335506 0.23009331879031425 0.017976970885320666
J1941.7+7218 "" "" "" ""
J1942.1+4011 "" "" "" ""
J1942.5-5827 "" "" "" ""
J1942.7+1033 0.006154634348436937 0.019859290071773915 "" ""
J1942.8-3512 "" "" "" ""
J1943.6-0533 "" "" "" ""
J1943.9-2705 "" "" "" ""
J1944.0+2117 "" "" "" ""
J1944.2+3921 "" "" "" ""
J1944.4-4523 "" "" "" ""
J1944.9-2143 -0.01991072186973714 0.03862017495737184 "" ""
J1945.1-4007 "" "" "" ""
J1945.5-0153 "" "" "" ""
J1946.0-3112 "" "" "" ""
J1946.0+0937 "" "" "" ""
J1948.3+1207 "" "" "" ""
J1949.0+1314 "" "" "" ""
J1949.2+7250 "" "" "" ""
J1949.4+1247 "" "" "" ""
J1949.5+7311 "" "" "" ""
J1949.5+0906 "" "" "" ""
J1949.9-6134 "" "" "" ""
J1950.0-7321 "" "" "" ""
J1950.6-5547 "" "" "" ""
J1950.6+3456 "" "" "" ""
J1950.8+1211 "" "" "" ""
J1951.2-0951 "" "" "" ""
J1951.8-0511 "" "" "" ""
J1953.0+7651 "" "" "" ""
J1953.0-7025 "" "" "" ""
J1954.6-1122 0.1389018227348254 0.03263255534490589 "" ""
J1954.9-5640 "" "" "" ""
J1955.1-1604 -0.07964091371147783 0.03508051033792794 "" ""
J1955.2+1358 "" "" "" ""
J1955.4+5132 0.16026782106656104 0.030126558419069787 "" ""
J1955.7+0214 "" "" "" ""
J1956.1+0234 "" "" "" ""
J1957.1-3231 0.5427857787936297 0.08330252356989444 "" ""
J1958.0-3845 2.1993751498968743 0.028895773646027953 1.0874091958419114 0.021405795802971
J1958.1+2438 "" "" "" ""
J1958.1-0711 "" "" "" ""
J1958.3-3010 -0.1129879572787698 "" "" ""
J1959.0+3844 "" "" "" ""
J1959.1-4247 "" "" "" ""
J1959.7-4725 "" "" "" ""
J2000.0+4214 "" "" "" ""
J2000.0+6508 0.286602598932082 0.012147616096376561 0.1334757554227903 0.010724883859647994
J2000.3-2930 "" "" "" ""
J2000.6-1328 "" "" "" ""
J2000.9-1748 0.6595635719792028 0.041269655639119794 "" ""
J2001.2+4353 0.5902769858482104 0.042013980681400526 "" ""
J2001.5-0818 "" "" "" ""
J2001.7+7040 "" "" "" ""
J2001.9-5737 "" "" "" ""
J2002.4-7119 "" "" "" ""
J2002.6+6302 "" "" "" ""
J2003.6+2333 "" "" "" ""
J2005.1+7003 -0.08631821165518777 0.03123703747854105 "" ""
J2005.2-1822 "" "" "" ""
J2005.5+7752 0.5816684237534361 0.03233085429098584 0.12378948706513951 0.020648197645601062
J2005.8+6424 "" "" "" ""
J2005.9-2309 0.1771143767126635 0.032527183230313735 "" ""
J2007.2-1433 "" "" "" ""
J2007.2+6607 0.11464005009346653 0.030722676963835592 "" ""
J2007.3-7728 "" "" "" ""
J2007.9-4432 0.7579766397593602 0.05696217346503601 "" ""
J2009.4-4849 0.10891197128091264 0.021031731916498236 -0.09112033086155061 0.016831348765457502
J2009.9+3544 "" "" "" ""
J2010.0+0726 "" "" "" ""
J2010.0+7229 0.018911584712035797 0.014682044296344506 "" ""
J2011.6-1546 "" "" "" ""
J2012.0+4629 0.32560128681370454 0.023518765110565422 0.02911922847541939 0.015660363591237687
J2012.2-1646 0.12678044560210644 0.040152629512244076 "" ""
J2013.0-3717 "" "" "" ""
J2013.0-3828 "" "" "" ""
J2014.3-0047 "" "" "" ""
J2014.5+0648 "" "" "" ""
J2015.0+1621 "" "" "" ""
J2015.2-0137 "" "" "" ""
J2015.3-1432 "" "" "" ""
J2015.4+6556 "" "" "" ""
J2015.5+3710 0.6344894122198872 0.02352058742299298 0.3070648400423942 0.01764689979434004
J2016.3-2331 "" "" "" ""
J2016.3-0903 -0.05695087637237092 0.024522894755219158 "" ""
J2017.5-4113 "" "" "" ""
J2017.5-3753 "" "" "" ""
J2018.5+3852 "" "" "" ""
J2021.4-2048 "" "" "" ""
J2021.9+0629 "" "" "" ""
J2022.0-7224 "" "" "" ""
J2022.3-4513 0.02596969442445046 0.0347004276992032 "" ""
J2022.5+7612 0.16811121256852513 0.029149055124942515 "" ""
J2023.2+3153 "" "" "" ""
J2023.4+4127 "" "" "" ""
J2023.6-1139 -0.053987334424063955 0.020535963182092352 "" ""
J2023.6-0123 "" "" "" ""
J2023.8-4828 "" "" "" ""
J2024.4-0847 "" "" "" ""
J2024.6-3252 0.15098712366437284 0.04227881047571611 "" ""
J2024.7-2328 "" "" "" ""
J2024.8-6459 "" "" "" ""
J2024.8+2734 "" "" "" ""
J2025.2+0317 0.056802580630809764 0.04326543783410688 "" ""
J2025.3-2231 "" "" "" ""
J2025.3+3341 0.35803933470558413 0.0428660050221887 "" ""
J2025.6-0735 1.258614478684696 0.02088406200136868 0.8999149012276693 0.017819362019981532
J2026.0-2845 "" "" "" ""
J2026.1+7645 "" "" "" ""
J2026.6+3449 "" "" "" ""
J2029.1-1839 "" "" "" ""
J2029.5+4925 0.1715790890137629 0.04523204902827114 "" ""
J2030.2-0620 "" "" "" ""
J2030.4-0502 "" "" "" ""
J2030.5-1439 "" "" "" ""
J2030.8-6959 "" "" "" ""
J2030.9-1621 "" "" "" ""
J2030.9+1935 "" "" "" ""
J2031.1-2615 "" "" "" ""
J2031.2-4121 "" "" "" ""
J2031.8+1619 "" "" "" ""
J2031.9+2403 "" "" "" ""
J2032.0+1219 -0.033140249540465516 0.02936258583907159 "" ""
J2033.7+6308 "" "" "" ""
J2034.6+1154 1.3256338975231439 0.10538578593282019 "" ""
J2034.8-4200 "" "" "" ""
J2034.9-0450 "" "" "" ""
J2035.4+1056 1.822895310598923 0.042560647761258584 "" ""
J2035.9+4901 "" "" "" ""
J2036.4+6553 0.030879539374549635 0.057520544340934746 "" ""
J2036.9-3329 "" "" "" ""
J2037.9-0504 "" "" "" ""
J2038.7+5117 0.07002354959143363 0.031706563872040606 "" ""
J2039.0-1046 0.012717209916303764 0.020393510867510817 "" ""
J2039.3+2150 "" "" "" ""
J2039.5+5218 "" "" "" ""
J2040.0-5737 "" "" "" ""
J2040.0+1237 "" "" "" ""
J2040.1-4621 "" "" "" ""
J2040.2-7115 "" "" "" ""
J2040.2-2506 "" "" "" ""
J2040.5-1705 "" "" "" ""
J2041.8-7319 "" "" "" ""
J2041.9-3735 "" "" "" ""
