4LAC_variability_analysis/resulting_catalogs/reliable_variability_agn_pop_4lac_dr3.ecsv
# %ECSV 1.0
# ---
# datatype:
# - {name: Source_Name, datatype: string}
# - {name: Norm_Excess_Var(monthly), datatype: float64}
# - {name: err_Norm_Excess_Var(monthly), datatype: float64}
# - {name: Norm_Excess_Var(3-days), datatype: float64}
# - {name: err_Norm_Excess_Var(3-days), datatype: float64}
# schema: astropy-2.0
Source_Name Norm_Excess_Var(monthly) err_Norm_Excess_Var(monthly) Norm_Excess_Var(3-days) err_Norm_Excess_Var(3-days)
[from data line 2370]
J1406.9+1643 "" "" "" ""
J1407.5-2706 "" "" "" ""
J1407.6-4301 "" "" "" ""
J1408.7+3617 "" "" "" ""
J1408.9-0751 1.455513511432931 0.025209138766383022 0.6625006437541999 0.01710534782516405
J1409.7+5940 "" "" "" ""
J1410.1+0202 -0.08152324912525491 "" "" ""
J1410.3+1438 "" "" "" ""
J1410.3+6058 "" "" "" ""
J1410.4+2820 "" "" "" ""
J1410.5+6215 "" "" "" ""
J1411.5-0723 "" "" "" ""
J1411.8+5249 "" "" "" ""
J1412.0+3836 "" "" "" ""
J1412.1+7427 "" "" "" ""
J1412.2+2132 "" "" "" ""
J1412.9+5018 "" "" "" ""
J1413.1-6519 "" "" "" ""
J1415.5+4830 0.22596174973646202 0.06194765067695828 "" ""
J1415.9-1002 "" "" "" ""
J1416.1+1320 0.5040753208382328 0.028341611175953036 "" ""
J1416.1-2417 "" "" "" ""
J1417.9+4613 "" "" "" ""
J1417.9+2543 "" "" "" ""
J1418.4-0233 0.04590451784069352 0.017868220833101075 -0.16473605923702697 0.012719086353777238
J1418.4+3543 0.9209035649903584 0.04299897520648581 "" ""
J1418.7-3504 "" "" "" ""
J1418.9+7731 "" "" "" ""
J1419.3+0444 "" "" "" ""
J1419.4-0838 0.40422271224619083 0.031133290940162487 "" ""
J1419.5+3821 -0.030701951795300823 0.02833270011326884 "" ""
J1419.6-5153 "" "" "" ""
J1419.8+5423 0.19808099551090588 0.026128050190260252 "" ""
J1420.3+0612 "" "" "" ""
J1420.9-7920 "" "" "" ""
J1421.1-4614 "" "" "" ""
J1421.1-1120 "" "" "" ""
J1421.1+3859 "" "" "" ""
J1421.6-4819 "" "" "" ""
J1422.5+3223 "" "" "" ""
J1422.6+5801 "" "" "" ""
J1422.6+8150 "" "" "" ""
J1423.1+3738 "" "" "" ""
J1423.5+4524 "" "" "" ""
J1423.5-7829 "" "" "" ""
J1424.1-1750 "" "" "" ""
J1424.1+2917 "" "" "" ""
J1424.2+0433 0.053249009127764584 0.038375662356566996 "" ""
J1424.5+3433 "" "" "" ""
J1424.5+3705 "" "" "" ""
J1424.6+1447 "" "" "" ""
J1424.8-6808 0.16357355901432802 0.027508678125416897 "" ""
J1425.0+3615 "" "" "" ""
J1425.4-0119 "" "" "" ""
J1425.8+1423 "" "" "" ""
J1426.1+3403 "" "" "" ""
J1426.4+3625 "" "" "" ""
J1427.0+2348 0.12123581998421125 0.007578556246696408 0.021389164131220807 0.0068181426667206215
J1427.4-1823 "" "" "" ""
J1427.6-3305 0.4640320600111004 0.04970182483503775 "" ""
J1427.7-3215 "" "" "" ""
J1427.9-4206 0.8558889895362296 0.0064368310389234335 0.8623242259991099 0.006668102999073631
J1428.1+1629 "" "" "" ""
J1428.3+5635 "" "" "" ""
J1428.5+4240 "" "" "" ""
J1428.7-1017 "" "" "" ""
J1428.8+7429 "" "" "" ""
J1428.9+5406 "" "" "" ""
J1429.8-3058 "" "" "" ""
J1430.5+3647 "" "" "" ""
J1431.0-4458 "" "" "" ""
J1431.1-3120 "" "" "" ""
J1432.2+5051 "" "" "" ""
J1432.8+7648 "" "" "" ""
J1433.0-1801 "" "" "" ""
J1433.7-7304 "" "" "" ""
J1434.2+4204 "" "" "" ""
J1434.7+1950 0.39727824791053995 0.028456030306434867 "" ""
J1434.8+6640 "" "" "" ""
J1435.3+7120 "" "" "" ""
J1435.5+2021 "" "" "" ""
J1435.7+6148 "" "" "" ""
J1435.9-8348 0.11445405112926492 0.035698167938156604 "" ""
J1436.9+2321 "" "" "" ""
J1436.9+5638 -0.13728934181291558 "" "" ""
J1437.3-3239 "" "" "" ""
J1438.0-3128 "" "" "" ""
J1438.1-2201 "" "" "" ""
J1438.5-4207 "" "" "" ""
J1438.6+1205 "" "" "" ""
J1438.9+3710 0.4292990805379547 0.041949958442444105 "" ""
J1439.3+3932 "" "" "" ""
J1439.5-2525 "" "" "" ""
J1439.7+4958 -0.025004362141826632 0.02635089735571983 "" ""
J1439.9-3953 "" "" "" ""
J1440.0-2343 "" "" "" ""
J1440.0-1530 "" "" "" ""
J1440.6-3846 "" "" "" ""
J1440.9+0609 -0.13141707220321022 "" "" ""
J1441.6-1522 "" "" "" ""
J1441.7+1836 "" "" "" ""
J1442.0+4348 "" "" "" ""
J1442.2+0622 "" "" "" ""
J1442.6-4623 "" "" "" ""
J1442.7+1200 "" "" "" ""
J1443.1+5201 "" "" "" ""
J1443.1+4728 "" "" "" ""
J1443.6+2515 "" "" "" ""
J1443.7-0954 "" "" "" ""
J1443.9-3908 0.36451466266369426 0.02654963628577616 0.10585021911269293 0.023529072797853885
J1443.9+2501 2.3211846202890087 0.045069443250295084 0.6597551088134453 0.02420523901903961
J1445.0-0326 "" "" "" ""
J1445.2-1954 "" "" "" ""
J1445.9-1626 "" "" "" ""
J1446.0-3039 "" "" "" ""
J1446.3+3111 "" "" "" ""
J1446.7+1719 "" "" "" ""
J1446.8-1830 "" "" "" ""
J1447.0-2657 "" "" "" ""
J1448.0+3608 0.014745848665612819 0.02301815478979958 "" ""
J1449.5+2746 "" "" "" ""
J1449.6-2137 "" "" "" ""
J1449.7-0910 "" "" "" ""
J1450.4+0910 "" "" "" ""
J1450.8+5201 "" "" "" ""
J1451.4+6355 "" "" "" ""
J1451.5+1415 "" "" "" ""
J1451.8-3851 "" "" "" ""
J1453.0-1318 "" "" "" ""
J1453.5+3505 0.023475220296215626 0.03010829504895283 "" ""
J1454.0+4927 "" "" "" ""
J1454.1+1622 "" "" "" ""
J1454.1+2647 "" "" "" ""
J1454.4-3744 "" "" "" ""
J1454.4+5124 0.33909745741434877 0.019506437780678714 0.04801072978900899 0.014440615113069488
J1454.7+5237 "" "" "" ""
J1454.8-2456 "" "" "" ""
J1455.0+0247 "" "" "" ""
J1455.4-3654 "" "" "" ""
J1455.8-7601 "" "" "" ""
J1456.0+5051 "" "" "" ""
J1457.3-4246 "" "" "" ""
J1457.4-3539 0.9839313887741965 0.029814229501868968 "" ""
J1457.8-4642 "" "" "" ""
J1458.6+3722 -0.07751813306990664 0.02371998769971533 "" ""
J1459.0+7140 "" "" "" ""
J1459.0+6129 "" "" "" ""
J1459.0-5353 "" "" "" ""
J1459.5+1527 "" "" "" ""
J1500.7+4752 "" "" "" ""
J1500.9+5528 "" "" "" ""
J1501.0+2238 0.07862353084159925 0.033311840977941265 "" ""
J1502.5+5552 "" "" "" ""
J1503.3+1651 "" "" "" ""
J1503.5+4759 -0.10743209990017369 "" "" ""
J1503.6-6427 "" "" "" ""
J1503.7-1540 "" "" "" ""
J1503.7-5801 "" "" "" ""
J1503.9-4247 "" "" "" ""
J1504.4+1029 1.0349910631545034 0.010864820162733834 0.7307688545615044 0.00898973951132812
J1504.9+2027 "" "" "" ""
J1505.0-3433 "" "" "" ""
J1505.0+0326 0.1767281370744192 0.02183932538964588 0.02290146877349253 0.017789910995892017
J1505.5-8241 "" "" "" ""
J1506.1+3731 1.047534105852945 0.03798184856063336 "" ""
J1506.4-0540 "" "" "" ""
J1506.4+4331 "" "" "" ""
J1506.6+0813 -0.11235987715801063 0.01515522773411694 "" ""
J1507.2-1651 "" "" "" ""
J1507.2+1721 "" "" "" ""
J1507.3-3710 "" "" "" ""
J1507.3+3341 "" "" "" ""
J1508.4+7717 "" "" "" ""
J1508.5-4951 0.07139233093275481 0.027609890878954844 "" ""
J1508.8+2708 "" "" "" ""
J1509.6-4334 "" "" "" ""
J1509.7+5556 "" "" "" ""
J1509.8-2906 "" "" "" ""
J1510.1+5702 "" "" "" ""
J1510.4-3017 "" "" "" ""
J1510.8+7959 "" "" "" ""
J1510.8-0542 -0.0002965598930532672 0.013740336703313585 "" ""
J1511.8-0513 "" "" "" ""
J1512.1-2255 "" "" "" ""
J1512.2+4704 "" "" "" ""
J1512.2+0202 0.042452977782020694 0.01730599959483621 "" ""
J1512.8-0906 1.2033474858836741 0.008825964867351797 1.5191260075596327 0.010154552729197547
J1512.9-5639 0.1377834556222883 0.0160475957176855 0.22764141399076535 0.030850210852539507
J1513.2-7131 "" "" "" ""
J1513.4-3721 "" "" "" ""
J1513.4-0753 "" "" "" ""
J1513.4-3231 "" "" "" ""
J1514.4-7719 "" "" "" ""
J1514.6-2044 "" "" "" ""
J1514.7-3617 "" "" "" ""
J1514.8-4748 0.016716646451485084 0.02689505437995889 "" ""
J1514.8-0949 "" "" "" ""
J1516.0+2424 "" "" "" ""
J1516.1+4351 "" "" "" ""
J1516.4-1523 "" "" "" ""
J1516.5+0015 "" "" "" ""
J1516.8+2918 "" "" "" ""
J1516.8+3651 "" "" "" ""
J1516.9+1934 "" "" "" ""
J1517.0+2639 "" "" "" ""
J1517.3+6630 "" "" "" ""
J1517.7-2422 0.24478450505307703 0.012075781065560766 0.1502879426074856 0.011645661732448766
J1517.7+6525 -0.039773682959627146 0.022277726244195408 "" ""
J1518.0-2731 0.15891471237857227 0.03582235326791796 "" ""
J1518.4+0750 "" "" "" ""
J1518.6+0614 "" "" "" ""
J1518.6+4044 "" "" "" ""
J1520.0-0905 "" "" "" ""
J1520.4+5546 "" "" "" ""
J1520.5+4209 "" "" "" ""
J1520.8-0348 "" "" "" ""
J1521.1+0421 "" "" "" ""
J1521.8+4338 "" "" "" ""
J1522.1+3144 0.5837325617745737 0.01033229099121707 0.34934276173437434 0.008563743608918623
J1522.6-2730 0.18410385574884622 0.030167350424790254 "" ""
J1523.2-3941 "" "" "" ""
J1523.2+0533 "" "" "" ""
J1523.2+2818 "" "" "" ""
J1524.8-5904 "" "" "" ""
J1525.7-4334 "" "" "" ""
J1526.1-0831 "" "" "" ""
J1526.7-1529 "" "" "" ""
J1527.3+3117 "" "" "" ""
J1528.2-2905 "" "" "" ""
J1528.5-2240 "" "" "" ""
J1529.2+3812 "" "" "" ""
J1529.7+6733 "" "" "" ""
J1530.3+2709 "" "" "" ""
J1530.5-3026 "" "" "" ""
J1530.9+5736 "" "" "" ""
J1531.7+4710 "" "" "" ""
J1532.0+3016 "" "" "" ""
J1532.7+2342 "" "" "" ""
J1532.7-1319 1.076312285956436 0.035218137646245554 "" ""
J1533.2+1855 "" "" "" ""
J1533.2+3416 "" "" "" ""
J1534.8+3716 "" "" "" ""
J1534.8+0131 0.4336718702171113 0.059428954239158116 "" ""
J1535.0+5320 "" "" "" ""
J1535.3-3135 "" "" "" ""
J1535.4+3919 "" "" "" ""
J1535.8-4730 -0.06242243796596267 "" "" ""
J1536.8-3155 "" "" "" ""
J1536.9-3731 "" "" "" ""
J1537.7-7957 "" "" "" ""
J1537.9-1344 "" "" "" ""
J1539.6+2743 0.25498987175651655 0.052726561552728805 "" ""
J1539.7-1127 "" "" "" ""
J1539.9+4220 "" "" "" ""
J1540.1+4142 "" "" "" ""
J1540.1+8155 "" "" "" ""
J1540.4+6606 "" "" "" ""
J1540.7+1449 "" "" "" ""
J1541.7+1413 "" "" "" ""
J1541.9-2915 "" "" "" ""
J1542.3+1801 "" "" "" ""
J1543.0+6130 0.33022274914576905 0.01551319571618152 0.06153133238855401 0.010858413007566329
J1543.3+1026 "" "" "" ""
J1543.6+0452 "" "" "" ""
J1544.3-0649 "" "" "" ""
J1544.7+5017 "" "" "" ""
J1545.0-6642 "" "" "" ""
J1545.8-2336 "" "" "" ""
J1546.0+0819 "" "" "" ""
J1546.1-1003 "" "" "" ""
J1546.4-2903 "" "" "" ""
J1546.5+1816 "" "" "" ""
J1547.3-1531 "" "" "" ""
J1547.3-2802 "" "" "" ""
J1547.9-6403 "" "" "" ""
J1548.3+6615 "" "" "" ""
J1548.3+1456 0.349201924712836 0.027688322945998066 -0.006143045110001399 0.01614354064006855
J1548.8-2250 -0.0996316936894022 "" "" ""
J1549.0+4821 "" "" "" ""
J1549.0+7846 "" "" "" ""
J1549.3+6310 "" "" "" ""
J1549.3+4234 "" "" "" ""
J1549.4+7409 "" "" "" ""
J1549.5+0236 0.18212832737002352 0.03670931252236694 "" ""
J1549.6+1710 "" "" "" ""
J1549.8-3044 "" "" "" ""
J1549.8-0659 "" "" "" ""
J1550.7+7006 "" "" "" ""
J1550.7+0528 0.3384918500796552 0.06976989227671516 "" ""
J1550.8-0822 "" "" "" ""
J1550.8-1750 "" "" "" ""
J1552.0+0850 "" "" "" ""
J1553.3+0600 "" "" "" ""
J1553.5-6910 "" "" "" ""
J1553.5-3118 0.014657827543481909 0.04704113038315465 "" ""
J1553.6+1257 0.4058702725520961 0.03634161469645263 "" ""
J1553.6-2422 0.24535394385842949 0.03263186420173768 "" ""
J1554.0-0243 "" "" "" ""
J1554.4-1215 "" "" "" ""
J1554.9+2143 "" "" "" ""
J1555.2-4149 0.09638826502387837 0.03938900079901487 "" ""
J1555.7+1111 0.08849456855468578 0.005776570438425697 0.05154627323383249 0.006727521928538071
J1556.6+1417 "" "" "" ""
J1557.5-7040 "" "" "" ""
J1557.9-0001 "" "" "" ""
J1557.9-1404 "" "" "" ""
J1558.1+6239 "" "" "" ""
J1558.8+5625 -0.002662120954604163 0.02342529767389038 "" ""
J1558.9-6432 "" "" "" ""
J1559.1+6736 "" "" "" ""
J1559.8-0425 "" "" "" ""
J1559.8-2525 "" "" "" ""
J1559.9+2319 0.03394878568532075 0.046113522058017234 "" ""
J1600.0+8510 "" "" "" ""
J1600.3-5811 "" "" "" ""
J1602.0-0641 "" "" "" ""
J1602.1+3324 "" "" "" ""
J1602.2+3051 "" "" "" ""
J1602.9-1928 "" "" "" ""
J1603.5-7112 "" "" "" ""
J1603.8+1104 "" "" "" ""
J1603.8+5009 "" "" "" ""
J1603.8-4903 0.10003912207397936 0.017642609464743237 -0.07973743520879684 0.00987537557470701
J1604.5-4441 0.35719201215899943 0.04420648953780003 "" ""
J1604.6+5714 0.30849664938572874 0.025037931777706315 "" ""
J1604.7+1734 "" "" "" ""
J1604.9-3414 "" "" "" ""
J1605.1-1140 "" "" "" ""
J1605.5+5423 "" "" "" ""
J1605.8+7208 "" "" "" ""
J1606.2+1346 "" "" "" ""
J1606.3+5629 "" "" "" ""
J1606.5+2717 "" "" "" ""
J1606.6+1324 "" "" "" ""
J1606.8-0351 "" "" "" ""
J1606.9+5919 "" "" "" ""
J1607.0+1550 "" "" "" ""
J1608.0+4949 "" "" "" ""
J1608.0-1625 "" "" "" ""
J1608.0-2038 "" "" "" ""
J1608.3+4012 "" "" "" ""
J1608.7+1029 0.39721080937455094 0.026060882169042995 "" ""
J1610.3-3958 -0.023135726419856922 0.016104752419129377 "" ""
J1610.6+2414 "" "" "" ""
J1610.7-6648 0.006637034041996713 0.01768360357103851 "" ""
J1611.3-0930 "" "" "" ""
J1612.2+2828 "" "" "" ""
J1612.4-3100 -0.023498537500967 0.03327715688225121 "" ""
J1612.4-0554 "" "" "" ""
J1613.3-1907 "" "" "" ""
J1613.5-4225 "" "" "" ""
J1613.6+3411 0.22718090349045722 0.04056759786058191 "" ""
J1614.8-0850 "" "" "" ""
J1615.6+2130 "" "" "" ""
J1615.6+4712 -0.11449102573837269 "" "" ""
J1616.6+4630 "" "" "" ""
J1616.7+3327 "" "" "" ""
J1616.7+4107 "" "" "" ""
J1617.2-2535 "" "" "" ""
J1617.3-1513 "" "" "" ""
J1617.3-5849 "" "" "" ""
J1617.9-7718 0.861838657704754 0.052964535518541 "" ""
J1618.0+5139 "" "" "" ""
J1618.8+0620 "" "" "" ""
J1619.0+7536 "" "" "" ""
J1619.0-8346 "" "" "" ""
J1619.6+5536 "" "" "" ""
J1621.3-0030 "" "" "" ""
J1621.7-1103 "" "" "" ""
J1623.4+0858 "" "" "" ""
J1623.6+5743 "" "" "" ""
J1624.6+5651 "" "" "" ""
J1624.9-4210 "" "" "" ""
J1625.2-3600 "" "" "" ""
J1625.7-2527 0.9625993387126234 0.03158517271573368 "" ""
J1625.7+4134 -0.027167309767532045 0.031296068098670644 "" ""
J1626.0-2950 0.2782996227893559 0.022711189699268376 "" ""
J1626.3+3514 "" "" "" ""
J1626.4+1820 "" "" "" ""
J1626.6-7639 "" "" "" ""
J1626.8+4337 "" "" "" ""
J1627.3+3148 "" "" "" ""
J1627.3+4758 "" "" "" ""
J1627.4-3301 "" "" "" ""
J1627.7+0251 "" "" "" ""
J1628.3-3343 "" "" "" ""
J1628.6+7706 0.11721887926035512 0.029398420788436488 "" ""
J1628.8-6149 0.0350416974311653 0.029910475816894374 "" ""
J1630.6+8234 "" "" "" ""
J1630.7+5221 0.14588154135132056 0.026111729065891837 "" ""
J1631.0-5302 "" "" "" ""
J1631.2+4926 "" "" "" ""
J1631.2+1046 "" "" "" ""
J1632.2+0854 "" "" "" ""
J1632.4+5800 "" "" "" ""
J1632.8-1048 "" "" "" ""
J1633.5+2806 "" "" "" ""
J1633.8+0701 "" "" "" ""
J1634.9+1222 "" "" "" ""
J1635.2+3808 1.2251215299795493 0.013042347601482143 0.8763299947876307 0.011366336797900055
J1635.3+0911 "" "" "" ""
J1635.6+3500 "" "" "" ""
J1635.6+3628 "" "" "" ""
J1636.3+7128 "" "" "" ""
J1636.5-0454 "" "" "" ""
J1636.7+2627 "" "" "" ""
J1636.9-4103 "" "" "" ""
J1637.1+1316 "" "" "" ""
J1637.2+4327 "" "" "" ""
J1637.6+4548 "" "" "" ""
J1637.7+4717 0.5122917517756206 0.04061706762406303 "" ""
J1637.7+7326 "" "" "" ""
J1637.8-3449 "" "" "" ""
J1638.0+0042 "" "" "" ""
J1638.1+5721 0.030549244827861057 0.022648201466378852 "" ""
J1639.2+4129 "" "" "" ""
J1640.2+0629 "" "" "" ""
J1640.3+6850 "" "" "" ""
J1640.4+3945 0.4645266658273753 0.04269591360399577 "" ""
J1640.9+1143 "" "" "" ""
J1641.9-0621 0.05854791400363371 0.028162964831961547 "" ""
J1642.3-8108 "" "" "" ""
J1642.4+2211 "" "" "" ""
J1642.9+3948 1.1680495810928448 0.03608577760675447 0.9816708646474137 0.03003830385679562
J1643.0+3223 "" "" "" ""
J1643.0-7714 "" "" "" ""
J1643.5-0646 "" "" "" ""
J1643.7+3317 "" "" "" ""
J1644.2+4546 "" "" "" ""
J1644.5-4602 "" "" "" ""
J1644.8-2154 "" "" "" ""
J1644.9+2620 "" "" "" ""
J1645.6+6329 0.11299843226880867 0.030112125347348105 "" ""
J1646.0-0942 "" "" "" ""
J1646.6+7422 "" "" "" ""
J1646.7-1330 "" "" "" ""
J1647.0+6040 "" "" "" ""
J1647.1+6149 "" "" "" ""
J1647.4-6438 "" "" "" ""
J1647.5+2911 "" "" "" ""
J1647.5+4950 0.11518591785012493 0.019625393914280604 "" ""
J1648.0+2221 "" "" "" ""
J1648.1-2920 "" "" "" ""
J1648.2+4232 0.10163176588922432 0.036055444897446214 "" ""
J1649.3+8252 "" "" "" ""
J1649.4+5235 0.1071611269385568 0.030501525701561106 "" ""
J1649.6+0411 "" "" "" ""
J1650.3-5045 0.08105686806515362 0.01577457961741975 -0.045754594498905544 0.00854026250312153
J1650.7+0831 -0.02443654918725038 0.01965081592024052 "" ""
J1650.9+0429 "" "" "" ""
J1651.6+7219 "" "" "" ""
J1652.7+4024 "" "" "" ""
J1653.8+3945 0.11160929786232099 0.007261615768551213 0.02017316415507959 0.0066928141568240685
J1654.0-3509 "" "" "" ""
J1656.0+2047 "" "" "" ""
J1656.3-3301 "" "" "" ""
J1656.9-2010 "" "" "" ""
J1657.0+6010 "" "" "" ""
J1657.7-6120 "" "" "" ""
J1657.7+4808 0.43013577868948344 0.0282099212539572 "" ""
J1657.7+0738 "" "" "" ""
J1658.4+6150 "" "" "" ""
J1659.0+2627 "" "" "" ""
J1659.7-3131 0.010110222992413135 0.031072622478787587 "" ""
J1700.0+6830 0.8171386358374234 0.020280183526820334 0.5527084179961489 0.017139930670467034
J1701.0+6613 0.11853487801136504 0.04742001413009794 "" ""
J1701.3+3956 "" "" "" ""
J1701.7-5621 "" "" "" ""
J1702.2+2642 "" "" "" ""
J1702.6+3114 "" "" "" ""
J1703.6-6213 0.372228018070477 0.02857409804702723 "" ""
J1704.1+7647 0.41083829791104426 0.04901480125117109 "" ""
J1704.2+1234 "" "" "" ""
J1704.5-0527 -0.016810352210906376 0.050055804222209406 "" ""
J1705.0+7134 "" "" "" ""
J1705.3-6946 "" "" "" ""
J1705.4+5436 "" "" "" ""
J1705.5-7423 "" "" "" ""
J1706.1+1000 0.0918433228765821 0.06490557950007309 "" ""
