4LAC_variability_analysis/resulting_catalogs/selected_sources_monthly.ecsv
# %ECSV 1.0
# ---
# datatype:
# - {name: Source_Name, datatype: string}
# - {name: SpectrumType, datatype: string}
# - {name: CLASS, datatype: string}
# - {name: SED_class, datatype: string}
# - {name: Variability_Index, datatype: float32}
# - {name: Frac_Variability, datatype: float32}
# - {name: Unc_Frac_Variability, datatype: float32}
# - {name: Spectrum_Flux_Estimated, datatype: float64}
# - {name: Bright_Ratio_x, datatype: float64}
# - {name: Norm_Excess_Var(3_days), datatype: float64}
# - {name: Unc_Norm_Excess_Var(3_days), datatype: float64}
# - {name: Frac_Variability(3_days), datatype: float64}
# - {name: Unc_Frac_Variability(3_days), datatype: float64}
# - {name: Bright_Ratio_y, datatype: float64}
# - {name: Norm_Excess_Var(weekly), datatype: float64}
# - {name: Unc_Norm_Excess_Var(weekly), datatype: float64}
# - {name: Frac_Variability(weekly), datatype: float64}
# - {name: Unc_Frac_Variability(weekly), datatype: float64}
# - {name: Bright_Ratio, datatype: float64}
# - {name: Norm_Excess_Var(monthly), datatype: float64}
# - {name: Unc_Norm_Excess_Var(monthly), datatype: float64}
# - {name: Frac_Variability(monthly), datatype: float64}
# - {name: Unc_Frac_Variability(monthly), datatype: float64}
# schema: astropy-2.0
Source_Name SpectrumType CLASS SED_class Variability_Index Frac_Variability Unc_Frac_Variability Spectrum_Flux_Estimated Bright_Ratio_x Norm_Excess_Var(3_days) Unc_Norm_Excess_Var(3_days) Frac_Variability(3_days) Unc_Frac_Variability(3_days) Bright_Ratio_y Norm_Excess_Var(weekly) Unc_Norm_Excess_Var(weekly) Frac_Variability(weekly) Unc_Frac_Variability(weekly) Bright_Ratio Norm_Excess_Var(monthly) Unc_Norm_Excess_Var(monthly) Frac_Variability(monthly) Unc_Frac_Variability(monthly)
[from data line 174]
J0956.7+2516 LogParabola fsrq LSP 124.051605 0.5337465 0.12393686 1.975546584747913e-08 "" "" "" "" "" "" "" "" "" "" 0.6451612903225806 0.11216318450521405 0.02917813880197835 0.3349077253591115 0.04356145975834315
J0958.7+6534 LogParabola BLL LSP 2438.0686 0.79806596 0.1707795 5.6231799885492454e-08 0.5284313725490196 1.201692826736503 0.019421714236381997 1.0962175088624078 0.008858513059391265 0.23134328358208955 1.262628266121147 0.020204335835141325 1.123667328937327 0.008990354758400309 0.046242774566473986 1.2027514749561912 0.019506147296945938 1.0967002666892132 0.008893107756703801
J1006.7-2159 LogParabola fsrq LSP 1901.0173 0.9757529 0.2090509 5.7699674043858277e-08 "" "" "" "" "" 0.918429003021148 0.6868699478839377 0.029242849341487465 0.8287761747805844 0.0176421874996765 0.23134328358208955 1.1038291117600478 0.03630549797997819 1.0506327197265692 0.017277920865355696
J1007.6-3332 LogParabola fsrq LSP 352.5419 0.75963116 0.16680315 2.045105738561548e-08 "" "" "" "" "" "" "" "" "" "" 0.8170731707317073 0.38651408446204183 0.04285457994053793 0.6217025691293562 0.034465500118933304
J1008.0+0620 LogParabola bll LSP 97.67606 0.4919779 0.11842509 1.050262686465696e-08 "" "" "" "" "" "" "" "" "" "" 0.6451612903225806 0.14287798077983255 0.04259932629174323 0.3779920379847075 0.05634950212028895
J1012.7+2439 LogParabola fsrq LSP 748.5022 0.7259138 0.15704939 3.2664993218575465e-08 "" "" "" "" "" 0.8283378746594006 0.26094040195100593 0.02084965612774174 0.5108232590152938 0.020407896233947242 0.33070866141732286 0.4437343635835208 0.025782149094203666 0.6661338931352471 0.0193520772324439
J1015.0+4926 LogParabola bll HSP 338.85156 0.23550795 0.05183998 4.628062048840482e-08 0.11989459815546773 0.044089487147090246 0.008825881300070289 0.2099749679059155 0.02101650827260739 0.02207792207792208 0.11880864835504955 0.009926479219460625 0.34468630427542307 0.014399294512625645 0.0053475935828877 0.12105105529717561 0.00841330590220546 0.3479239217087201 0.012090726416404664
J1018.3-3124 LogParabola fsrq LSP 244.11548 0.6189907 0.1379395 2.7802733995805118e-08 "" "" "" "" "" "" "" "" "" "" 0.76 0.3959312112462859 0.04789334777214348 0.629230650275625 0.038057068382765936
J1023.1+3949 LogParabola fsrq LSP 1901.3063 1.5702419 0.3361055 2.7767833765862796e-08 "" "" "" "" "" "" "" "" "" "" 0.6344086021505376 3.008769588396423 0.08812401943535673 1.7345805223155317 0.02540211258619402
J1026.9-1749 LogParabola bll HSP 109.83172 0.5254243 0.12327786 8.04568078524871e-09 "" "" "" "" "" "" "" "" "" "" 0.42857142857142855 0.1964250972756836 0.0494758483106624 0.44319871082358037 0.055816778233315704
J1031.1+7442 PowerLaw bll ISP 30.521486 0.47440833 0.13795178 6.268188716599461e-09 "" "" "" "" "" "" "" "" "" "" 0.9444444444444444 0.2759562606580737 0.08409811639577704 0.525315391605913 0.08004535726498063
J1031.6+6019 PowerLaw fsrq LSP 134.82387 0.6504064 0.15200582 2.0994629899940734e-08 "" "" "" "" "" "" "" "" "" "" 0.918918918918919 0.1420446275987907 0.04177289126694033 0.3768880836518856 0.055418164010624514
J1033.1+4115 LogParabola fsrq LSP 150.24303 0.41543454 0.09586866 2.1385025636525835e-08 "" "" "" "" "" "" "" "" "" "" 0.4339622641509434 0.1217394259350631 0.027303800856655208 0.3489117738556025 0.039127084412971
J1033.9+6050 LogParabola FSRQ LSP 953.4672 0.53521377 0.11538536 5.863634565676131e-08 0.7837837837837838 0.537313302663675 0.021641947873261364 0.7330165773457481 0.01476224995594699 0.3787878787878788 0.7013410594913507 0.024404307624661854 0.8374610793889772 0.014570413016965256 0.12101910828025478 0.8111118498790492 0.02552680730943476 0.9006174825524148 0.01417183643664675
J1037.7-2822 LogParabola fsrq LSP 396.48175 0.7626407 0.1664706 3.333853602555958e-08 "" "" "" "" "" "" "" "" "" "" 0.3904761904761905 0.6404034756410043 0.04806059437792087 0.8002521325438654 0.030028407562716772
J1037.7+5711 LogParabola bll ISP 179.93988 0.29643804 0.06738798 1.398654284751533e-08 0.5018939393939394 -0.019619909881550913 0.012870761757468386 0.0 0.1 0.1273006134969325 0.09458828744359589 0.015433184447722305 0.307552088992411 0.025090358674336833 0.005813953488372093 0.16631634529824327 0.01516766404618808 0.40781901046695124 0.018596072837336792
J1040.5+0617 PowerLaw bll LSP 133.06842 0.87015265 0.20138212 2.2963523144005534e-08 "" "" "" "" "" "" "" "" "" "" 0.2079207920792079 0.28768348030927476 0.0348522033952359 0.5363613337194197 0.032489481627573584
J1044.6+8053 LogParabola fsrq LSP 66.095795 0.23743774 0.06132966 3.562644977569871e-08 "" "" "" "" "" "" "" "" "" "" 0.46534653465346537 0.48365953468188055 0.04772817184971191 0.6954563499471987 0.03431428288298438
J1047.8-6216 LogParabola bcu LSP 100.55631 0.5892255 0.1411354 3.2836286598402263e-08 "" "" "" "" "" 0.8685121107266436 -0.008623418218809279 0.013338475934093968 0.0 0.1 0.06040268456375839 0.054718954821958835 0.015039173460395466 0.23392083024382168 0.03214586200963752
J1048.4+7143 LogParabola FSRQ LSP 11508.978 1.0206561 0.21775928 1.6533792497737738e-07 0.27773406766325726 0.8147377293959038 0.012698327891881358 0.9026282343223614 0.007034085246299931 0.12403100775193798 1.0192825888565398 0.014253758083112094 1.0095952599217866 0.007059144713207318 0.011235955056179775 1.1694059590531125 0.014751918980739865 1.0813907522505972 0.0068208087363601354
J1049.8+1429 LogParabola bcu LSP 86.303635 0.52301913 0.1268904 1.4215138864048533e-08 "" "" "" "" "" "" "" "" "" "" 0.5494505494505495 0.49353526204102377 0.035705322214367397 0.7025206488360494 0.025412293769247005
J1056.8+7012 LogParabola fsrq LSP 335.3343 0.8947378 0.19682635 2.8446786487071286e-08 "" "" "" "" "" "" "" "" "" "" 0.7419354838709677 0.6075065731854306 0.06272255086311192 0.7794270800950084 0.04023631745991321
J1058.4+0133 LogParabola BLL LSP 540.1709 0.4124204 0.08960882 8.082155073701342e-08 0.5555555555555556 0.16723501221196757 0.014609098055392074 0.40894377634580475 0.01786198849379059 0.17666666666666667 0.32745647853596554 0.017958703830025242 0.5722381309699359 0.015691635053736705 0.011111111111111112 0.45940961262370933 0.019404205818398166 0.6777976192225149 0.014314159026300694
J1058.6+2817 PowerLaw bll LSP 48.24615 0.48323 0.13104354 7.030222398009887e-09 "" "" "" "" "" "" "" "" "" "" 0.9113924050632911 1.4392579153792193 0.10817090448308822 1.1996907582286442 0.04508282811263949
J1058.6-8003 LogParabola bll LSP 595.51917 0.87948084 0.19081177 1.6864980097561618e-08 "" "" "" "" "" "" "" "" "" "" 0.2831858407079646 0.4846179709828219 0.03928466398314259 0.6961450789762302 0.028215859861363726
J1058.6+5627 LogParabola BLL ISP 185.7362 0.29591414 0.06651917 2.2194507749471543e-08 0.7562642369020501 -0.11708748617251773 0.009158017603951539 0.0 0.1 0.20926243567753003 0.00023509773582400882 0.013148861621849863 0.01533289717646371 0.42877942343582715 0.0053475935828877 0.14306546685180155 0.016031744526767634 0.3782399593535849 0.02119255796527423
J1059.2-1134 LogParabola bll LSP 142.20921 0.26308033 0.06103207 3.598480379985059e-08 0.908256880733945 -0.018461945196136243 0.013790989197591965 0.0 0.1 0.28735632183908044 0.05980523170725242 0.01534331510620201 0.2445510819997581 0.03137036847421756 0.0111731843575419 0.1898240652973706 0.01801918672011736 0.435688036670013 0.020679001032297067
J1103.0+1157 LogParabola fsrq ISP 569.6048 0.9734062 0.21103767 2.2890640259489504e-08 "" "" "" "" "" "" "" "" "" "" 0.5686274509803921 0.5117176897065514 0.04324729015000722 0.715344455284691 0.030228297591819435
J1103.9-5357 LogParabola bll LSP 740.23706 0.7090232 0.15327142 3.313023537908986e-08 "" "" "" "" "" 0.47619047619047616 0.15685740363167544 0.018476526753632833 0.3960522738625237 0.02332586879686284 0.043209876543209874 0.3655912844081735 0.023527286070934655 0.6046414511164228 0.019455568277276868
J1104.4+3812 LogParabola BLL HSP 1618.0674 0.2806271 0.060205523 1.873190601090564e-07 0.017718715393133997 0.19088876022219892 0.004949862321732599 0.4369081828281532 0.005664648221614452 0.011421319796954314 0.18326932002836374 0.004708398927981345 0.42809966132708366 0.005499185532389336 0.0 0.15223213276463435 0.004069379728476311 0.3901693642056413 0.005214888842901974
J1106.0+2813 LogParabola fsrq LSP 154.57782 0.64525425 0.14721818 1.3532505396549051e-08 "" "" "" "" "" "" "" "" "" "" 0.9054054054054054 0.32518686986541295 0.049631245837212234 0.5702515847110053 0.043516973181551594
J1107.0-4449 LogParabola fsrq LSP 135.70953 0.47956756 0.111062534 2.916568370386377e-08 "" "" "" "" "" "" "" "" "" "" 0.2605042016806723 0.17650977777075205 0.023438835053212266 0.42013066749613986 0.027894696658186256
J1112.5+3448 LogParabola fsrq LSP 202.45546 0.7078428 0.15812755 2.053110143124033e-08 "" "" "" "" "" "" "" "" "" "" 0.5604395604395604 0.28831112399147485 0.04019758540536783 0.5369461090197738 0.03743167585174502
J1121.4-0553 LogParabola fsrq LSP 466.6316 0.7737894 0.16862212 3.230379025364508e-08 "" "" "" "" "" "" "" "" "" "" 0.8701298701298701 0.8057788284498121 0.054334433283738874 0.8976518414451184 0.030264758994014065
J1123.5-6418 LogParabola bcu ISP 73.16114 1.143608 0.28947085 9.273586740278701e-09 "" "" "" "" "" "" "" "" "" "" 0.7625 0.21197213770993642 0.03854576399743787 0.46040431982110724 0.0418607757768379
J1127.0-1857 LogParabola fsrq LSP 4827.034 1.1265979 0.24063258 7.902439370173242e-08 "" "" "" "" "" 0.6962962962962963 0.6853802731896562 0.021275136464404487 0.8278769674230926 0.012849213893839176 0.25757575757575757 1.1223047858239248 0.026607061016331483 1.059388873749354 0.012557740446227575
J1127.8+3618 PowerLaw fsrq LSP 186.223 0.5682086 0.12839356 2.3250326691380675e-08 "" "" "" "" "" "" "" "" "" "" 0.6595744680851063 0.23252277816992692 0.03558520538513361 0.48220615733307154 0.03689833159943875
J1129.8-1447 LogParabola fsrq LSP 656.38934 1.299183 0.28048223 2.6404564195745225e-08 "" "" "" "" "" "" "" "" "" "" 0.7446808510638298 1.2659563254796646 0.027020237629534805 1.1251472461325516 0.012007422905051308
J1131.0+3815 LogParabola fsrq LSP 452.28714 0.7148422 0.15584265 3.25517586196258e-08 "" "" "" "" "" 0.9813084112149533 0.24167626082076565 0.023893252504122286 0.4916057981968537 0.02430123138473919 0.25984251968503935 0.40991697170254293 0.028949761984441293 0.640247586252805 0.022608255467136063
J1132.7+0034 LogParabola bll ISP 26.02259 0.11830224 0.04254161 2.742373806859572e-08 "" "" "" "" "" 0.43478260869565216 0.00999059413003569 0.018022065511465322 0.0999529595861758 0.0901527357773101 0.00558659217877095 0.07239730175207316 0.016527186630954538 0.26906746691503447 0.03071197499356817
J1146.9+3958 LogParabola fsrq LSP 1558.2582 0.59309894 0.12723269 8.758448404285078e-08 0.44567219152854515 0.33883587306118695 0.014675737051224477 0.5820961029427932 0.012605939961658503 0.17857142857142858 0.5238406459220147 0.0171414341257494 0.7237683648253872 0.011841795634356623 0.040229885057471264 0.6157663704983454 0.017776445483892317 0.7847078249248859 0.011326792545743966
J1147.0-3812 LogParabola bll LSP 157.00865 0.3488884 0.08012952 3.1591281970812573e-08 "" "" "" "" "" 0.7818696883852692 0.05506832117626887 0.01953976274327903 0.23466640402125924 0.041633063805564724 0.058823529411764705 0.1725632421378748 0.022198150395380842 0.41540732075623654 0.026718535382296318
J1152.3-0839 LogParabola fsrq LSP 437.06354 0.838156 0.18291119 2.4171332298951364e-08 "" "" "" "" "" "" "" "" "" "" 0.27927927927927926 0.4406731324174165 0.04156317597533562 0.6638321568118077 0.03130548554242343
J1158.5+4824 PowerLaw fsrq LSP 120.22963 0.7507418 0.1760073 1.0894225542039515e-08 "" "" "" "" "" "" "" "" "" "" 0.9493670886075949 0.1897238333003582 0.040737852567229275 0.43557299422755563 0.04676351967076576
J1159.2-2227 LogParabola bcu LSP 559.57666 1.1830409 0.25584823 2.24990654014081e-08 "" "" "" "" "" "" "" "" "" "" 0.7752808988764045 0.7333917292115708 0.04882759543766247 0.8563829337460963 0.02850803858507242
J1159.3-2142 LogParabola fsrq LSP 110.68828 0.3888839 0.09256509 3.3556523973793325e-08 "" "" "" "" "" "" "" "" "" "" 0.4339622641509434 0.23416474205970672 0.032856610677322304 0.4839057160849691 0.0339493930172474
J1159.5+2914 LogParabola fsrq LSP 8899.792 1.0317626 0.22016193 1.47748790935376e-07 0.24907885040530583 1.4188372704803234 0.013140623687945224 1.1911495584015985 0.005515941971879082 0.13141993957703926 1.6109398375678432 0.014138132013048704 1.269228047896769 0.00556957909828613 0.045714285714285714 1.5067763119954654 0.01365499703308207 1.2275081718650451 0.005562079889185181
J1208.9+5441 LogParabola fsrq LSP 492.98462 0.5683111 0.123821296 3.5386764372338566e-08 "" "" "" "" "" "" "" "" "" "" 0.3247863247863248 0.595884801879602 0.035690800446147974 0.7719357498390667 0.023117727384428566
J1217.9+3007 LogParabola BLL HSP 645.8201 0.3307538 0.07174619 6.86180489921616e-08 0.19442458899213724 0.2011571640967435 0.01253074140441047 0.4485054783352635 0.013969440742308596 0.0445945945945946 0.27904166732862334 0.01332573510588793 0.5282439467979007 0.012613239760403903 0.0 0.24271807439518409 0.011732228581079753 0.4926642613333994 0.01190692069821179
J1218.5-0119 LogParabola bll LSP 158.8344 0.47635692 0.10899859 1.61841970291734e-08 "" "" "" "" "" "" "" "" "" "" 0.16058394160583941 0.1606215139701163 0.03279321519480044 0.40077613947204527 0.0409121351859918
J1220.1+7105 LogParabola fsrq LSP 1240.0853 0.7921939 0.17028788 3.153115199112949e-08 "" "" "" "" "" 0.9465875370919882 0.8134308698656552 0.03179009923192906 0.9019040247529972 0.017623881454922743 0.2727272727272727 1.1289834679973378 0.0380876152963754 1.0625363372597372 0.01792297070733727
J1221.3+3010 LogParabola bll HSP 116.60413 0.2906948 0.06852007 1.5599840016362138e-08 "" "" "" "" "" 0.33206831119544594 0.0027214303920692776 0.01887351168238272 0.052167330697183247 0.1808939755029654 0.02197802197802198 0.10090208633683355 0.018741597076846354 0.3176508875114841 0.0295003064900437
J1221.5+2814 LogParabola bll ISP 339.3346 0.40082383 0.0882579 4.152048973379081e-08 0.7446300715990454 -0.022909372059666512 0.012246471117751937 0.0 0.1 0.22404371584699453 0.08437022411622257 0.015169189536973307 0.290465529996629 0.026111858328162648 0.0 0.18549922110032566 0.017242990057765178 0.4306962051148415 0.02001757834523696
J1222.5+0414 LogParabola fsrq LSP 156.09288 0.44839248 0.102551736 4.878996487051416e-08 "" "" "" "" "" "" "" "" "" "" 0.14285714285714285 0.1690826155250312 0.022397867103217582 0.4111965655559774 0.027234988056057213
J1223.8+8039 LogParabola bll LSP 32.690453 0.18874973 0.061959077 1.2104380843765603e-08 "" "" "" "" "" "" "" "" "" "" 0.11029411764705882 0.2302019016104758 0.03185967631890564 0.47979360313626085 0.03320143923412994
J1223.9+5000 LogParabola fsrq LSP 159.09079 0.6177832 0.14170027 1.536543207068903e-08 "" "" "" "" "" "" "" "" "" "" 0.5306122448979592 0.14476040625716935 0.03474472726318207 0.3804739232288717 0.04565980102962484
J1224.4+2436 LogParabola bll HSP 228.083 0.8336138 0.18492243 6.282813948062612e-09 "" "" "" "" "" "" "" "" "" "" 0.8072289156626506 0.33605904783389956 0.060734693043114164 0.579706001205697 0.05238404718667358
J1224.9+2122 LogParabola FSRQ LSP 25039.39 1.266786 0.27016875 2.9208330992621707e-07 0.5437921077959577 2.6296280064400417 0.017965312749789263 1.6216127794390502 0.005539334968735212 0.31296296296296294 2.861434405599173 0.01894053584004704 1.6915774902732577 0.005598483057665713 0.04242424242424243 2.9992319927686033 0.019533454852025706 1.73182908878694 0.005639544623224892
J1229.0+0202 LogParabola FSRQ LSP 7997.602 1.0389191 0.22171772 2.6501597920590344e-07 0.22213855421686746 1.5393938506330331 0.017636632740478962 1.2407231160226817 0.00710740072169194 0.0694645441389291 1.6910027409800885 0.018809316535254434 1.3003856124165971 0.007232207260544728 0.0 1.449764979591558 0.017557585068023004 1.2040618670116408 0.007290981281385128
