4LAC_variability_analysis/resulting_catalogs/selected_sources_monthly.ecsv
# %ECSV 1.0
# ---
# datatype:
# - {name: Source_Name, datatype: string}
# - {name: SpectrumType, datatype: string}
# - {name: CLASS, datatype: string}
# - {name: SED_class, datatype: string}
# - {name: Variability_Index, datatype: float32}
# - {name: Frac_Variability, datatype: float32}
# - {name: Unc_Frac_Variability, datatype: float32}
# - {name: Spectrum_Flux_Estimated, datatype: float64}
# - {name: Bright_Ratio_x, datatype: float64}
# - {name: Norm_Excess_Var(3_days), datatype: float64}
# - {name: Unc_Norm_Excess_Var(3_days), datatype: float64}
# - {name: Frac_Variability(3_days), datatype: float64}
# - {name: Unc_Frac_Variability(3_days), datatype: float64}
# - {name: Bright_Ratio_y, datatype: float64}
# - {name: Norm_Excess_Var(weekly), datatype: float64}
# - {name: Unc_Norm_Excess_Var(weekly), datatype: float64}
# - {name: Frac_Variability(weekly), datatype: float64}
# - {name: Unc_Frac_Variability(weekly), datatype: float64}
# - {name: Bright_Ratio, datatype: float64}
# - {name: Norm_Excess_Var(monthly), datatype: float64}
# - {name: Unc_Norm_Excess_Var(monthly), datatype: float64}
# - {name: Frac_Variability(monthly), datatype: float64}
# - {name: Unc_Frac_Variability(monthly), datatype: float64}
# schema: astropy-2.0
Source_Name SpectrumType CLASS SED_class Variability_Index Frac_Variability Unc_Frac_Variability Spectrum_Flux_Estimated Bright_Ratio_x Norm_Excess_Var(3_days) Unc_Norm_Excess_Var(3_days) Frac_Variability(3_days) Unc_Frac_Variability(3_days) Bright_Ratio_y Norm_Excess_Var(weekly) Unc_Norm_Excess_Var(weekly) Frac_Variability(weekly) Unc_Frac_Variability(weekly) Bright_Ratio Norm_Excess_Var(monthly) Unc_Norm_Excess_Var(monthly) Frac_Variability(monthly) Unc_Frac_Variability(monthly)
J0001.5+2113 LogParabola fsrq ISP 1910.9358 0.9961379 0.21347848 6.391698902983224e-08 "" "" "" "" "" "" "" "" "" "" 0.5537190082644629 2.3129040946772745 0.1305723539681703 1.52082349228215 0.04292817497585904
J0009.3+5030 LogParabola bll HSP 204.73532 0.40872404 0.092225395 1.6757091625038766e-08 "" "" "" "" "" 0.6326530612244898 -0.6443424442475452 0.08560968247800085 0.0 0.1 0.09941520467836257 0.2010559569548613 0.032965010345735 0.4483926370435417 0.03675908971553194
J0011.4+0057 LogParabola fsrq LSP 231.06699 0.9843933 0.2190029 1.1995542883639901e-08 "" "" "" "" "" "" "" "" "" "" 0.9183673469387755 1.1321242074137197 0.2263006463032468 1.064013255281023 0.10634296385879008
J0022.5+0608 LogParabola bll LSP 218.54457 0.45973346 0.10273961 2.687140355246071e-08 "" "" "" "" "" 0.6876310272536688 -0.18483181691615336 0.07017429655254927 0.0 0.1 0.09302325581395349 0.31619908564403554 0.037403575820476126 0.5623158237539074 0.03325851260131483
J0030.3-4224 LogParabola fsrq LSP 138.98315 0.37055287 0.08603619 2.8809500542311667e-08 "" "" "" "" "" 0.8 0.7668404094107276 0.09840615946686851 0.8756942442489432 0.05618751071686474 0.19745222929936307 1.0020374343790135 0.06120842102062212 1.001018198825083 0.03057308103512193
J0030.6-0212 LogParabola fsrq LSP 821.95544 0.86677736 0.18714087 3.311832085087464e-08 "" "" "" "" "" "" "" "" "" "" 0.5537190082644629 0.6925308798932728 0.16553437177762695 0.8321844025775014 0.0994577471440957
J0033.5-1921 LogParabola bll HSP 92.86173 0.2741329 0.0667558 9.815004089456027e-09 "" "" "" "" "" 0.5581395348837209 -0.49934337484821434 0.0735494684722963 0.0 0.1 0.056179775280898875 0.12337392907889348 0.029909052682934593 0.351246251337852 0.04257561834327746
J0035.9+5950 LogParabola bll HSP 252.02275 0.4945189 0.10990695 1.201110323756939e-08 "" "" "" "" "" 0.8627906976744186 -0.7814391179452452 0.12182605099156327 0.0 0.1 0.13253012048192772 0.2761178465821932 0.04661109507369659 0.5254691680604993 0.04435188390380507
J0038.2-2459 LogParabola fsrq LSP 2709.9248 1.3562248 0.28996694 3.656834326211453e-08 "" "" "" "" "" "" "" "" "" "" 0.6936936936936937 3.0447830926108566 0.07608830344207075 1.7449306841851502 0.021802672201160406
J0043.8+3425 LogParabola fsrq LSP 224.46927 0.4441203 0.099531844 1.659317067298205e-08 "" "" "" "" "" 0.4805914972273567 0.20036713461240127 0.050859805837516626 0.4476238762760553 0.05681087240099625 0.07428571428571429 0.41594620669341037 0.03384122585185671 0.6449389170250237 0.026235993020827172
J0045.3+2128 LogParabola bll HSP 250.93938 0.8666426 0.19069557 5.343042545879169e-09 "" "" "" "" "" "" "" "" "" "" 0.3722627737226277 0.6269231311231659 0.11648355162829407 0.7917847757586438 0.07355758483527677
J0049.7+0237 LogParabola bll LSP 236.63927 0.50197613 0.112902254 1.8051977520196372e-08 "" "" "" "" "" 0.8677494199535963 -0.45793380516364846 0.10075466768718391 0.0 0.1 0.25333333333333335 0.36055635933372165 0.059040590723549224 0.6004634537869242 0.0491625180110461
J0050.0-5736 PowerLaw fsrq LSP 741.8053 1.2299153 0.26537967 2.321036693711337e-08 "" "" "" "" "" "" "" "" "" "" 0.6068376068376068 1.673730395110867 0.13860807618090143 1.2937273264142128 0.05356927744777468
J0050.4-0452 LogParabola fsrq LSP 224.74948 0.7686617 0.17082424 1.6572329695841097e-08 "" "" "" "" "" "" "" "" "" "" 0.8076923076923077 0.7452928891235069 0.17593567906778623 0.8633034745230131 0.10189677457570356
J0050.7-0929 LogParabola BLL ISP 173.04103 0.2895267 0.065945946 3.1433391421994014e-08 0.8532019704433498 -1.03332577460859 0.07932568541070845 0.0 0.1 0.2993527508090615 0.1189869984761649 0.03800280540115577 0.344944920931103 0.055085323909938366 0.021739130434782608 0.21453106264267585 0.01996049976270885 0.46317498058798023 0.021547471905077727
J0051.1-0648 LogParabola fsrq LSP 187.1347 0.74358106 0.16811486 1.4987931577000044e-08 "" "" "" "" "" "" "" "" "" "" 0.9381443298969072 0.900148790287338 0.2119395122682498 0.9487617141766093 0.11169269854664365
J0051.2-6242 LogParabola bll HSP 166.1224 0.48359662 0.10924634 5.293204354102136e-09 "" "" "" "" "" 0.8912529550827423 -1.0794683829947895 0.12890431249381812 0.0 0.1 0.11242603550295859 0.19517024475058095 0.04518676810566345 0.4417807654828138 0.05114162004798885
J0055.1-1219 LogParabola bcu LSP 170.33379 0.83226466 0.1893077 7.925088531901094e-09 "" "" "" "" "" "" "" "" "" "" 0.88 0.8171354199308819 0.1510851861492665 0.9039554302789944 0.08356893552961786
J0100.3+0745 LogParabola bll ISP 69.08232 0.31829095 0.08114371 7.693708520864806e-09 "" "" "" "" "" "" "" "" "" "" 0.18238993710691823 0.7162907001617095 0.1420005587262387 0.8463395891494794 0.0838910057775631
J0102.8+5824 LogParabola fsrq LSP 955.4202 0.877021 0.18849501 5.908612182150528e-08 0.8300589390962672 0.2795738588831382 0.05448146180585468 0.5287474433821294 0.0515193619257659 0.3622448979591837 0.800226545925021 0.04441645465981549 0.8945538250575094 0.02482603808494141 0.062146892655367235 0.6609632356665173 0.030826302624432554 0.8129964548917279 0.01895844836650481
J0108.6+0134 LogParabola fsrq LSP 7107.277 0.85781705 0.18312162 2.097444350944693e-07 0.1661500309981401 1.5617271530359895 0.02127220014896534 1.2496908229782235 0.008510985180426513 0.06914893617021277 1.5613570558128431 0.014591017834659294 1.249542738689975 0.005838542925693189 0.010752688172043012 1.3956119903429074 0.012281920816098486 1.1813602288645524 0.0051982115683304655
J0109.7+6133 LogParabola fsrq LSP 1024.9794 1.087106 0.23398246 6.044853584552656e-08 "" "" "" "" "" "" "" "" "" "" 0.42424242424242425 1.4470207017674708 0.10091389684952769 1.2029217355121118 0.04194532938860162
J0112.1+2245 LogParabola BLL LSP 475.1801 0.2763648 0.060319703 8.296356202413283e-08 0.251846877098724 0.3887354442540062 0.023719900276693868 0.6234865229128904 0.019021983158413726 0.08086253369272237 0.43622659305117767 0.01902875557032306 0.6604745211218808 0.014405366870171505 0.0053475935828877 0.3491938443128345 0.012595675596642996 0.5909262596236814 0.010657569698006209
J0112.8+3208 LogParabola fsrq LSP 1211.0096 0.7968676 0.1713113 4.726379057370367e-08 "" "" "" "" "" 0.76431718061674 8.756322170576603 0.14921259946765378 2.9591083404594367 0.02521242588983524 0.2890625 7.157484278933704 0.10383243981752918 2.6753475062005876 0.019405411741255905
J0113.4+4948 LogParabola fsrq LSP 460.0459 1.0018237 0.21734662 1.768009055001285e-08 "" "" "" "" "" "" "" "" "" "" 0.5932203389830508 1.8969300166905345 0.16666836673442312 1.3772908250222733 0.06050587272725344
J0115.8+2519 PowerLaw bll HSP 304.21786 0.73455894 0.1616985 1.4356177236223592e-08 "" "" "" "" "" "" "" "" "" "" 0.5537190082644629 0.5237971943203539 0.11824959401248439 0.7237383465869097 0.08169360831171907
J0117.8-2109 LogParabola fsrq LSP 173.52144 0.9522894 0.21574171 9.668764487409899e-09 "" "" "" "" "" "" "" "" "" "" 0.9789473684210527 0.7392524271739259 0.15679847590081875 0.8597978990285601 0.09118333277970149
J0118.9-2141 LogParabola fsrq LSP 369.026 0.472508 0.10375274 4.7448033420430226e-08 "" "" "" "" "" 0.8697674418604651 0.6513370132563169 0.09531245288553801 0.8070545292954602 0.05904957436317443 0.22077922077922077 0.8361254712205997 0.06820324834537826 0.9143989672022819 0.03729403181307971
J0120.4-2701 LogParabola bll ISP 43.229836 0.13638946 0.03891492 2.273947099947081e-08 0.7811607992388202 -1.2663440027584623 0.08292217759440232 0.0 0.1 0.2717219589257504 -0.19937562199007242 0.038663096847603634 0.0 0.1 0.016216216216216217 0.043715692914951663 0.013591326436681116 0.20908298093090136 0.032502230397157085
J0132.7-1654 LogParabola fsrq LSP 305.16937 0.47214955 0.10427089 3.605955152491446e-08 "" "" "" "" "" 0.5877712031558185 0.7823785406701279 0.08016193919828594 0.8845216451111458 0.045313723887566985 0.11904761904761904 0.7655882122216319 0.04465289486734925 0.8749789781598366 0.025516552958368497
J0133.1-5201 LogParabola fsrq LSP 1387.2844 1.1514616 0.24699605 2.8789062607447654e-08 "" "" "" "" "" "" "" "" "" "" 0.36231884057971014 4.108184361345649 0.0816878837082179 2.02686564955491 0.020151282283104498
J0136.5+3906 LogParabola bll HSP 83.13328 0.19490844 0.047429387 1.521812060297442e-08 0.5991416309012876 -0.8553606903455829 0.06143818001056896 0.0 0.1 0.17327459618208516 -0.09948171791707089 0.04141604672123133 0.0 0.1 0.0053475935828877 0.06478511721721016 0.012845683553567086 0.25452920700228127 0.02523420338447044
J0137.0+4751 LogParabola fsrq LSP 2015.6206 0.9649051 0.20671915 4.634112346117324e-08 "" "" "" "" "" 0.6339468302658486 1.183184225672498 0.059197113976412356 1.0877427203491172 0.027210990645569522 0.2876712328767123 1.1765445834920567 0.03940744252565688 1.084686398684918 0.018165362160636824
J0137.6-2430 LogParabola fsrq LSP 488.75156 0.76297146 0.16627303 2.7331158477873985e-08 "" "" "" "" "" "" "" "" "" "" 0.7735849056603774 1.5421898194273977 0.15073529345780737 1.2418493545625402 0.060689846519631246
J0141.4-0928 LogParabola bll LSP 536.55927 0.58669096 0.1274828 3.296776716999218e-08 0.747906976744186 0.05745264869306712 0.04945210684449068 0.2396928215301141 0.10315725462449385 0.35067114093959734 0.6454868920056271 0.04318028102549795 0.8034219887491424 0.02687272792516288 0.016216216216216217 0.6269294305871225 0.026233409501468456 0.7917887537639837 0.016565914441674493
J0143.1-3622 LogParabola bcu LSP 155.10747 0.96139854 0.21878763 9.479233256883952e-09 "" "" "" "" "" "" "" "" "" "" 0.9583333333333334 1.8602325848495824 0.1857274084285985 1.3639034367760727 0.06808671472652482
J0144.6+2705 LogParabola bll LSP 327.11932 0.26877084 0.059400056 6.345457620061237e-08 0.39461883408071746 -0.0863424620409494 0.027735662441660664 0.0 0.1 0.14387464387464388 0.19832663804872014 0.019941044917408873 0.44533879019092887 0.02238862339934458 0.016216216216216217 0.11472742728869399 0.020036000226891733 0.33871437419851846 0.02957654258739659
J0203.7+3042 LogParabola bll LSP 871.1923 1.0701646 0.23035291 2.5286186944844324e-08 "" "" "" "" "" "" "" "" "" "" 0.8613861386138614 3.3165063346186545 0.19512955028763415 1.8211277644961252 0.053573822246794175
J0204.8+1513 LogParabola bcu LSP 119.74953 0.5740779 0.13476118 1.469980252890905e-08 "" "" "" "" "" "" "" "" "" "" 0.6206896551724138 1.9046283538174862 0.20742036678039705 1.3800827344103275 0.07514780150808213
J0205.0-1700 LogParabola fsrq LSP 285.9794 0.5228874 0.115864284 3.808045354112776e-08 "" "" "" "" "" 0.8333333333333334 5.292665269372239 0.13106217023297934 2.3005793334228315 0.028484601319525755 0.3055555555555556 2.9590735284776697 0.08322470893719829 1.7201957820194973 0.02419047581883182
J0205.2+3212 LogParabola fsrq LSP 541.8589 0.8032445 0.17468774 3.524659983653884e-08 "" "" "" "" "" "" "" "" "" "" 0.6347826086956522 1.4996770681124445 0.12733274873421452 1.2246130279040985 0.051988973591168657
J0209.3-5228 LogParabola bll HSP 140.85785 0.3909652 0.09001382 1.2353286633041925e-08 "" "" "" "" "" 0.606 -0.6071486119064972 0.08126641380789086 0.0 0.1 0.06818181818181818 0.17338099675921181 0.0333051562108957 0.4163904378815775 0.039992700577297806
J0210.7-5101 LogParabola FSRQ LSP 11604.488 1.0616913 0.22650349 1.7837935236406952e-07 0.3519593613933237 1.8180136118051113 0.031423478981383174 1.3483373508900178 0.011652676891521618 0.16400580551523947 1.772467894772333 0.027470464956085783 1.3313406381434967 0.010316843101248786 0.016216216216216217 1.5869298467273338 0.018254895936265784 1.2597340380919038 0.007245535717966367
J0211.2+1051 LogParabola BLL ISP 577.5538 0.40740427 0.08857102 6.253728509619927e-08 0.47100313479623823 0.1497016136805559 0.03400146731227315 0.38691292777646485 0.04393943038770362 0.17862371888726208 0.4188970902211586 0.02756271077607738 0.6472225971187645 0.021293068952457833 0.016216216216216217 0.3366053909075672 0.017649407950727454 0.5801770341090443 0.015210364176023424
J0217.2+0837 LogParabola bll LSP 89.34986 0.29613182 0.07249198 2.8582274064234445e-08 "" "" "" "" "" 0.8545034642032333 0.07362212324312409 0.0915853913373965 0.27133396993949005 0.1687687526884689 0.14634146341463414 0.46439645478009817 0.04379677916848302 0.6814664003310055 0.03213421758373547
J0217.4+7352 LogParabola fsrq LSP 68.15894 0.44440037 0.11275711 2.9691228102580707e-08 "" "" "" "" "" "" "" "" "" "" 0.4461538461538462 0.24595534122036633 0.07928200163962805 0.4959388482669676 0.0799312273243716
J0217.8+0144 LogParabola fsrq LSP 548.079 0.5357675 0.11643792 4.290219373467294e-08 0.8413320274240941 0.14748842738995857 0.051492442992862146 0.38404222084291534 0.0670400807492519 0.46983546617915906 0.6902246977971292 0.04832619636775301 0.8307976274623858 0.029084216643325073 0.09941520467836257 0.6899539531201151 0.03141213737796806 0.8306346688647874 0.01890851571419384
J0221.1+3556 LogParabola FSRQ LSP 3546.609 0.9360773 0.19993097 1.2628953978740143e-07 0.4350499615680246 4.612635402541109 0.06999561086456105 2.147704682339057 0.016295445886985054 0.13940256045519203 3.7976583634438197 0.05672002267751011 1.94875815930141 0.014552863424018474 0.0053475935828877 3.2846609940304603 0.04195920505148937 1.8123633725140387 0.011575825711288021
J0222.0-1616 PowerLaw fsrq LSP 237.51907 1.117042 0.24702404 1.5047124218323396e-08 "" "" "" "" "" "" "" "" "" "" 0.9789473684210527 0.8568193841842748 0.18530242064381694 0.9256453879236232 0.10009363362112197
J0222.6+4302 LogParabola BLL ISP 1444.4158 0.43359333 0.09308504 1.0197120880925802e-07 0.14892307692307694 0.4588491353430321 0.017787258621322265 0.6773840382995692 0.01312937537321772 0.049738219895287955 0.4667968741274527 0.01497352150240753 0.6832253465200575 0.01095796692751061 0.0053475935828877 0.37584059526785424 0.011792856792777254 0.6130583946638805 0.009618053431307215
J0228.3-5547 LogParabola fsrq LSP 2371.9336 1.002751 0.2145076 5.22595282699181e-08 "" "" "" "" "" 0.7316017316017316 2.082182136797729 0.07272220011400055 1.442976831691254 0.025198672118929944 0.3146853146853147 1.9167761990998555 0.05288388806419204 1.3844768683874265 0.019098870220124627
J0229.5-3644 LogParabola fsrq LSP 303.8079 0.67785543 0.14966527 2.4323205118254403e-08 "" "" "" "" "" "" "" "" "" "" 0.7090909090909091 1.9619334331821252 0.1723427755901085 1.40069034164662 0.06152065537465839
J0230.8+4032 LogParabola fsrq LSP 320.95453 0.92897654 0.20422795 1.53240730988108e-08 "" "" "" "" "" "" "" "" "" "" 0.6068376068376068 0.9053682193148335 0.15295203872975294 0.9515083916155619 0.08037345759508034
J0231.2-4745 LogParabola fsrq LSP 1924.044 1.6110141 0.34492114 2.684451759963322e-08 "" "" "" "" "" "" "" "" "" "" 0.5666666666666667 3.1522404973162947 0.17298090957322287 1.7754550113467518 0.048714529083451724
J0237.8+2848 LogParabola FSRQ LSP 7505.5464 0.7579326 0.16181545 2.006537486956958e-07 0.28630419821059877 1.6203010384486285 0.03028493284142922 1.2729104597137335 0.011895939973751194 0.14878397711015737 1.5358511126207444 0.031168795321938628 1.23929460283693 0.01257521627649657 0.016216216216216217 1.2986857236119433 0.02094743799711154 1.1395989310331698 0.009190706232990417
J0238.6+1637 LogParabola BLL LSP 5872.72 1.0831685 0.23126438 1.1954358524993227e-07 0.7427772600186393 2.3562927602409394 0.04936613093646294 1.5350220715810374 0.016079941731918214 0.43828264758497315 2.124221631712372 0.05016546238073568 1.4574709711388327 0.017209763821758175 0.12574850299401197 1.8516416469045862 0.0331438228586579 1.3607503984583602 0.012178509334337747
J0242.3+1102 LogParabola fsrq LSP 97.27462 0.6613626 0.15814503 1.6902240409460202e-08 "" "" "" "" "" "" "" "" "" "" 0.898989898989899 0.7053982978444245 0.19162722810752844 0.8398799306117658 0.11408013283990955
J0245.9-4650 LogParabola fsrq LSP 1671.6416 0.82097584 0.17619747 4.914273171015096e-08 "" "" "" "" "" 0.8456221198156681 1.8221733364340467 0.08830437830630636 1.3498790080722223 0.03270825673199217 0.3925925925925926 1.8130663337266748 0.06288559653135509 1.3465015164219738 0.02335147631265187
