4LAC_variability_analysis/resulting_catalogs/selected_sources_monthly.ecsv
# %ECSV 1.0
# ---
# datatype:
# - {name: Source_Name, datatype: string}
# - {name: SpectrumType, datatype: string}
# - {name: CLASS, datatype: string}
# - {name: SED_class, datatype: string}
# - {name: Variability_Index, datatype: float32}
# - {name: Frac_Variability, datatype: float32}
# - {name: Unc_Frac_Variability, datatype: float32}
# - {name: Spectrum_Flux_Estimated, datatype: float64}
# - {name: Bright_Ratio_x, datatype: float64}
# - {name: Norm_Excess_Var(3_days), datatype: float64}
# - {name: Unc_Norm_Excess_Var(3_days), datatype: float64}
# - {name: Frac_Variability(3_days), datatype: float64}
# - {name: Unc_Frac_Variability(3_days), datatype: float64}
# - {name: Bright_Ratio_y, datatype: float64}
# - {name: Norm_Excess_Var(weekly), datatype: float64}
# - {name: Unc_Norm_Excess_Var(weekly), datatype: float64}
# - {name: Frac_Variability(weekly), datatype: float64}
# - {name: Unc_Frac_Variability(weekly), datatype: float64}
# - {name: Bright_Ratio, datatype: float64}
# - {name: Norm_Excess_Var(monthly), datatype: float64}
# - {name: Unc_Norm_Excess_Var(monthly), datatype: float64}
# - {name: Frac_Variability(monthly), datatype: float64}
# - {name: Unc_Frac_Variability(monthly), datatype: float64}
# schema: astropy-2.0
Source_Name SpectrumType CLASS SED_class Variability_Index Frac_Variability Unc_Frac_Variability Spectrum_Flux_Estimated Bright_Ratio_x Norm_Excess_Var(3_days) Unc_Norm_Excess_Var(3_days) Frac_Variability(3_days) Unc_Frac_Variability(3_days) Bright_Ratio_y Norm_Excess_Var(weekly) Unc_Norm_Excess_Var(weekly) Frac_Variability(weekly) Unc_Frac_Variability(weekly) Bright_Ratio Norm_Excess_Var(monthly) Unc_Norm_Excess_Var(monthly) Frac_Variability(monthly) Unc_Frac_Variability(monthly)
[from data line 57]
J0303.4-2407 LogParabola BLL HSP 485.31583 0.43165758 0.09397573 3.3978640206656114e-08 0.6468085106382979 0.5597222963594507 0.028407267667406373 0.7481459057960892 0.018985112026496147 0.20135363790186125 0.7720477519182268 0.03183681076354145 0.878662478952087 0.018116632681021476 0.016483516483516484 0.7972546705652287 0.030052051064377538 0.8928911862960843 0.01682850694777282
J0303.6+4716 LogParabola bll LSP 80.696526 0.24168715 0.059477497 2.8004577355513197e-08 "" "" "" "" "" 0.4376417233560091 0.12374230938644884 0.02343249608437599 0.3517702508547999 0.03330653463082103 0.03428571428571429 0.13412364068057311 0.018908735825507027 0.3662289457164372 0.02581545785316985
J0303.6-6211 LogParabola fsrq LSP 255.52426 0.60476923 0.13469633 1.9333144042460502e-08 "" "" "" "" "" "" "" "" "" "" 0.18333333333333332 0.31372813681251094 0.035556226848121424 0.56011439618395 0.0317401472720264
J0309.9-6058 LogParabola fsrq LSP 883.1878 0.5903902 0.12725888 5.8153848894684775e-08 0.7713270142180095 0.3236969888018476 0.017321705641801976 0.5689437483634455 0.015222687384849108 0.3234714003944773 0.4821452715734654 0.020377863292346282 0.6943668134159822 0.014673701924272616 0.05202312138728324 0.740463889538294 0.02483495855823982 0.8605021147785135 0.01443050408111556
J0319.8+4130 LogParabola RDG LSP 5460.94 0.46942222 0.10024723 3.5799229261615066e-07 0.02593010146561443 0.33649100975147145 0.005849823265073652 0.5800784513765974 0.005042269068253874 0.008917197452229299 0.34876711118583176 0.006210691329461307 0.5905650778583439 0.005258261589039504 0.0 0.3088337757794611 0.006699636316760933 0.5557281491695927 0.006027800037457154
J0324.8+3412 LogParabola nlsy1 HSP 182.96573 0.62084824 0.14013523 4.4485616402443567e-08 "" "" "" "" "" "" "" "" "" "" 0.40625 0.4759414551506462 0.03656568522288483 0.6898851028618072 0.026501286280281814
J0325.5-5635 PowerLaw bll HSP 89.99472 0.5819843 0.1396989 5.248790492818328e-09 "" "" "" "" "" "" "" "" "" "" 0.4727272727272727 0.12958097979820693 0.036821913762538495 0.35997358208375085 0.051145300093121224
J0325.7+2225 LogParabola fsrq LSP 202.44246 0.43305004 0.09786465 4.635143233344935e-08 "" "" "" "" "" 0.9137380191693291 0.324896435151043 0.029071456938578384 0.5699968729309337 0.025501417919270727 0.19014084507042253 0.41564357961121856 0.03120324602640902 0.6447042574787439 0.02419965873068381
J0334.2-3725 LogParabola bll LSP 108.49668 0.2562658 0.06030105 2.285465421852711e-08 "" "" "" "" "" 0.3473053892215569 0.09245649047541613 0.021550698936551812 0.3040665888837774 0.0354374662070963 0.011111111111111112 0.20280298697987317 0.021417130459584596 0.4503365263665309 0.023779028799179727
J0334.2-4008 LogParabola bll LSP 506.63467 0.44303918 0.09638465 4.1019741480548386e-08 0.5133531157270029 0.22441715508052562 0.017121090391625435 0.47372687814871306 0.01807063434793197 0.14942528735632185 0.3353112573157816 0.018941046367462102 0.5790606680787269 0.01635497574917914 0.0 0.37187754214630486 0.018636920163330094 0.6098176302357163 0.01528073250040857
J0339.5-0146 LogParabola fsrq LSP 2051.4175 0.632819 0.13565823 1.0196592360024096e-07 0.6 0.5188429917928652 0.016116802596593947 0.7203075674965974 0.011187445005338002 0.3320610687022901 0.583613864359333 0.01723918755467221 0.7639462444173235 0.01128298468684853 0.12337662337662338 0.6339954666394138 0.017517350148599637 0.7962383227648703 0.011000067220937144
J0349.8-2103 LogParabola fsrq LSP 428.02533 0.7677083 0.16766655 2.7378486433287778e-08 "" "" "" "" "" "" "" "" "" "" 0.5416666666666666 0.8040370296884201 0.058248081331445864 0.8966811192884682 0.032479819234772514
J0359.6+5057 LogParabola fsrq LSP 948.9951 0.9482173 0.20440851 8.282825205156409e-08 "" "" "" "" "" "" "" "" "" "" 0.36134453781512604 0.40325318656513515 0.02364965543259855 0.6350221937579309 0.01862112510796256
J0401.7+2112 LogParabola fsrq LSP 161.28848 0.8083131 0.18391645 1.618947907202077e-08 "" "" "" "" "" "" "" "" "" "" 0.7530864197530864 0.5026687522462406 0.047126707981962744 0.7089913626034104 0.033235036749188214
J0401.9-2034 LogParabola bcu LSP 330.3299 0.91815525 0.2015545 1.2419718885658342e-08 "" "" "" "" "" "" "" "" "" "" 0.6382978723404256 0.4728938554233553 0.03741658397917073 0.6876727822324767 0.027205223869483878
J0403.9-3605 LogParabola FSRQ LSP 6801.102 0.87428653 0.18665947 1.5288112309826996e-07 0.29576338928856916 1.7873385283117442 0.01781737237023144 1.336913807360723 0.0066636204488775995 0.1605960264900662 1.9938197592629276 0.01943799758464013 1.4120268266796236 0.00688301284981551 0.034482758620689655 1.7806732085700825 0.01765864788903973 1.3344186781404412 0.006616606983367345
J0405.6-1308 PowerLaw fsrq LSP 86.409615 0.4299109 0.1044925 2.195648990334722e-08 "" "" "" "" "" "" "" "" "" "" 0.6951219512195121 0.6384199753585864 0.05150090046327447 0.7990118743539337 0.0322278692697259
J0407.0-3826 LogParabola fsrq LSP 769.2686 0.6166988 0.13317838 4.4297414647488015e-08 0.9267352185089974 0.22065393452904747 0.0172104666860789 0.4697381552833956 0.018319213047208963 0.43524416135881105 0.3618054073849759 0.020082246422097334 0.6015026245869388 0.016693398832538862 0.07792207792207792 0.4800615409530121 0.022025914422329578 0.6928647349613142 0.015894815619068407
J0407.5+0741 PowerLaw bll LSP 37.07551 0.36800158 0.10895289 1.716756650667717e-08 "" "" "" "" "" "" "" "" "" "" 0.6555555555555556 0.22175001561025384 0.046638170602162285 0.4709034036936385 0.04951989116700488
J0422.1-0644 LogParabola fsrq LSP 495.07022 0.8438564 0.1836558 3.0748367200779915e-08 "" "" "" "" "" "" "" "" "" "" 0.8481012658227848 0.4485513521006686 0.03978492656098405 0.6697397644612932 0.029701780207858162
J0423.3-0120 LogParabola FSRQ LSP 1299.826 0.83659196 0.17974605 5.7070592957926287e-08 "" "" "" "" "" 0.5778301886792453 0.26586928825721917 0.019148363829025822 0.5156251431584957 0.018568105224399317 0.19863013698630136 0.47603438452349395 0.023660814624405193 0.689952450914912 0.017146699452280915
J0427.3-3900 PowerLaw bcu LSP 113.49692 0.41408563 0.09962977 3.570583788887286e-08 "" "" "" "" "" "" "" "" "" "" 0.5 0.19840234537121898 0.034075169319532424 0.4454237817755345 0.038250280647008826
J0428.6-3756 LogParabola bll LSP 4816.0664 0.5001252 0.10689018 2.0950885298663818e-07 0.05170387779083431 0.5644689472873677 0.010055794545461662 0.7513114848632142 0.006692160806840619 0.014792899408284023 0.5605864350183248 0.010840281777200925 0.7487232032055137 0.007239178464611726 0.0 0.5701287614191818 0.009648029745006377 0.7550687130448339 0.006388842219471954
J0433.0+0522 LogParabola RDG LSP 308.79562 0.7466368 0.16479537 4.1698433770171175e-08 "" "" "" "" "" "" "" "" "" "" 0.5151515151515151 0.350379727692612 0.05011763641019153 0.5919288197854637 0.04233417493369892
J0433.6-6030 LogParabola fsrq LSP 220.73587 0.5264832 0.11803596 2.087099908902861e-08 "" "" "" "" "" "" "" "" "" "" 0.3805309734513274 0.3827798501362974 0.03613880719336301 0.6186920479012943 0.029205811934994007
J0433.6+2905 LogParabola bll LSP 202.4129 0.53675073 0.12065252 2.414562255167107e-08 "" "" "" "" "" "" "" "" "" "" 0.34782608695652173 1.5017870108294908 0.07247052358023094 1.2254741983532296 0.02956835961035146
J0442.6-0017 LogParabola fsrq LSP 1111.8416 0.6382951 0.13734981 7.811315112897033e-08 "" "" "" "" "" 0.49099099099099097 1.211555469657473 0.03107067870129576 1.1007068045839787 0.014113966849255184 0.0736196319018405 1.3532361474106225 0.03418041387390804 1.1632867863990473 0.014691310119542177
J0449.1+1121 LogParabola fsrq LSP 247.02347 0.4483518 0.09973059 6.001395313225032e-08 "" "" "" "" "" 0.44339622641509435 0.29796946565326204 0.02152713515051376 0.5458657945441004 0.019718340447117528 0.04142011834319527 0.43909301768647463 0.02555126743934179 0.6626409417523751 0.019279873781848318
J0449.4-4350 LogParabola bll HSP 562.9994 0.2949144 0.06405708 6.54730206002547e-08 0.12268370607028754 0.2034774559453351 0.012092471826209589 0.451084754725024 0.013403769136003076 0.02225130890052356 0.27268964299564835 0.012728731933852131 0.5221969388991555 0.012187673831146538 0.0 0.2788866758444392 0.011905079868850555 0.528097221962433 0.011271674394168128
J0453.1-2806 LogParabola fsrq LSP 334.34198 0.41732803 0.09191582 5.3309843826620934e-08 "" "" "" "" "" 0.4418604651162791 0.19500086974272554 0.018023696316615604 0.441589028105008 0.020407771898184077 0.06962025316455696 0.3106375346612289 0.020184297310081114 0.5573486652547298 0.018107424103057743
J0455.7-4617 PowerLaw fsrq LSP 186.21115 0.50094324 0.11292899 3.1066811785130653e-08 "" "" "" "" "" "" "" "" "" "" 0.20610687022900764 0.16777659587870905 0.029156771942341786 0.40960541485521046 0.03559129211298181
J0457.0-2324 LogParabola FSRQ LSP 4184.4746 0.44542956 0.0952493 2.5555644073843464e-07 0.03697284806470248 0.41705599972978075 0.00698436626618514 0.6457987300465841 0.005407541035022886 0.006369426751592357 0.44302929741542296 0.007200965740112631 0.66560446018294 0.005409343063997393 0.0 0.38366896391785404 0.006312581149868758 0.6194101742124148 0.005095638893803494
J0501.2-0158 LogParabola fsrq LSP 1832.3942 0.59450626 0.1275161 1.0471448223996745e-07 0.5176125244618396 0.5436155782201307 0.01612242379530242 0.7373029080507758 0.01093337868280327 0.22283609576427257 0.6582971272229855 0.01832125565963957 0.8113551178263347 0.011290528189877714 0.052941176470588235 0.7823357661753848 0.019213899838715603 0.8844974653301075 0.010861478179332426
J0505.3+0459 LogParabola fsrq LSP 3154.649 1.2163143 0.25989863 1.0363981448662065e-07 "" "" "" "" "" 0.75 1.9637678817017643 0.038695014541321016 1.4013450259310747 0.013806383804592115 0.2028985507246377 2.4211113024904214 0.044024354758979825 1.5559920637620301 0.014146715714133878
J0507.7-6104 LogParabola fsrq LSP 78.367836 0.530777 0.12693568 1.6954584793191445e-08 "" "" "" "" "" "" "" "" "" "" 0.35 0.13017734262675387 0.03503144797370052 0.36080097370538494 0.048546775822043295
J0509.4+0542 LogParabola bll ISP 1232.4537 0.60248905 0.12942827 7.877273367219259e-08 0.41900452488687784 0.3133427763321579 0.017273789887854628 0.5597702888972922 0.015429355782603944 0.12480739599383667 0.4262446479679336 0.019252086771546256 0.6528741440491679 0.014744102632203783 0.0 0.4781744399816794 0.01885299934986056 0.6915015834990397 0.013631927821815855
J0510.0+1800 LogParabola fsrq LSP 1997.0156 1.5439441 0.33032906 4.185789445560867e-08 "" "" "" "" "" "" "" "" "" "" 0.85 5.690784348669878 0.10319749788246935 2.385536490743723 0.021629830078662125
J0515.6-4556 LogParabola fsrq LSP 1264.4159 1.3293246 0.28511232 3.340060553684819e-08 "" "" "" "" "" "" "" "" "" "" 0.29914529914529914 1.5466286981721213 0.03874165297582421 1.2436352753810584 0.015575970601169017
J0516.7-6207 LogParabola bll LSP 240.75616 0.42932096 0.09560028 2.548765923824359e-08 "" "" "" "" "" 0.508274231678487 0.05696310583566458 0.019139839021881926 0.23866944889462618 0.04009696069297136 0.03550295857988166 0.23322029383068713 0.024419241875545866 0.4829288703636252 0.025282441549993897
J0521.7+2112 LogParabola bll HSP 871.48944 0.44370332 0.09577365 7.749311237283956e-08 0.3405495420482931 0.16558131822316088 0.012965359754044982 0.40691684435909126 0.015931215349988637 0.08766716196136701 0.30460949585929653 0.015630832579136684 0.5519143917849004 0.014160558966931728 0.0053475935828877 0.3359949049112904 0.016779228832362207 0.579650674899366 0.014473569650613517
J0522.9-3628 LogParabola AGN LSP 735.7705 0.34303927 0.07420899 1.1309133609792802e-07 0.3244635193133047 0.5023928282550927 0.01564264276951254 0.7087967467864766 0.011034646279369034 0.0975609756097561 0.5260453001355622 0.015905082382039054 0.725289804240734 0.01096463943725861 0.0 0.42084639391452305 0.013586868150312018 0.6487267482650326 0.010471950005644904
J0526.2-4830 LogParabola fsrq LSP 1190.0673 0.7156373 0.15383986 4.9650503411838486e-08 "" "" "" "" "" 0.5046511627906977 0.5403330751427761 0.022764351595181337 0.7350735168286068 0.015484404671110726 0.06172839506172839 0.9677903749840864 0.029832121585084186 0.9837633734715306 0.015162244493719964
J0532.0-4827 LogParabola BLL ISP 3410.7285 1.6092551 0.34378818 3.7000654167924636e-08 "" "" "" "" "" "" "" "" "" "" 0.735632183908046 2.3227858290674237 0.05880600076216592 1.5240688400027813 0.019292435885658092
J0532.6+0732 LogParabola FSRQ LSP 653.2348 0.48124903 0.10417598 9.759463560408605e-08 0.8189873417721519 0.28897660568760136 0.01751653011368615 0.5375654431672495 0.01629246293296083 0.3089108910891089 0.43116964799744323 0.02086997893857357 0.6566350950089732 0.01589161095500719 0.028409090909090908 0.5626081968354489 0.02282092638673374 0.7500721277553573 0.015212487934345023
J0533.3+4823 LogParabola fsrq LSP 279.10355 0.35495943 0.07900059 5.778667586880445e-08 "" "" "" "" "" 0.6504065040650406 0.05210459608122242 0.013635483741969134 0.2282643118869492 0.029867752057365585 0.16666666666666666 0.23550682604663797 0.020881772444508267 0.4852904553426102 0.02151471578991384
J0536.4-3401 LogParabola fsrq LSP 672.74365 0.71144587 0.15398966 4.4011910787310807e-08 "" "" "" "" "" "" "" "" "" "" 0.49523809523809526 0.6990766786344712 0.04314329610322265 0.8361080544011469 0.025800072057745906
J0538.8-4405 LogParabola BLL LSP 10041.657 0.8018237 0.17111444 1.8729941147124866e-07 0.04897218863361548 0.5850840976063283 0.009143564602687254 0.7649079013883491 0.005976905576534896 0.014285714285714285 0.6640249110808625 0.00966470527033488 0.8148772368159897 0.005930160295125106 0.0 0.6749497537405004 0.00950345741001164 0.8215532567889318 0.005783835272685925
J0539.9-2839 LogParabola fsrq LSP 157.44185 0.40932474 0.09374663 3.742683118759704e-08 "" "" "" "" "" 0.8632218844984803 0.8683283747492948 0.03079627429152368 0.9318413892660568 0.016524418557851164 0.16911764705882354 1.049687402854522 0.03452606737526801 1.0245425334531124 0.016849504167924367
J0543.9-5531 LogParabola bll HSP 145.12607 0.42442927 0.0976074 7.549040446625666e-09 "" "" "" "" "" 0.66270783847981 0.09730993392551093 0.02567325725796549 0.3119454021547856 0.04115024148557022 0.06134969325153374 0.4145239370010538 0.03583435796757569 0.6438353337624876 0.02782882212922712
J0555.6+3947 LogParabola fsrq LSP 207.9144 0.6920767 0.15484786 3.5403333924918275e-08 "" "" "" "" "" "" "" "" "" "" 0.9736842105263158 0.21646180509761195 0.03271740832548656 0.4652545594592405 0.03516076055602076
J0601.1-7035 LogParabola fsrq LSP 790.82715 0.80240816 0.1734323 3.286490219776401e-08 "" "" "" "" "" "" "" "" "" "" 0.4375 0.4919735105447125 0.03222165234381318 0.7014082338729084 0.022969257265414128
J0607.4+4739 LogParabola bll LSP 109.009094 0.25974014 0.061597195 2.479958092269111e-08 "" "" "" "" "" 0.5156626506024097 0.04354008902996465 0.02080857338997363 0.2086626201071113 0.04986176579996003 0.022988505747126436 0.39862965766730896 0.05684736493137909 0.6313712518537006 0.04501896844722952
J0608.0-0835 LogParabola fsrq LSP 335.96204 0.7566275 0.16623053 3.6382175429867885e-08 "" "" "" "" "" "" "" "" "" "" 0.7625 0.32581433581914776 0.041345704147818386 0.5708014854738447 0.03621723593930006
J0612.8+4122 LogParabola bll ISP 92.30578 0.20574366 0.049380105 2.8490826507324773e-08 0.8633004926108374 -0.11046494549639549 0.010151792935897743 0.0 0.1 0.2391304347826087 -0.012245043902152966 0.012792603432393794 0.0 0.1 0.016483516483516484 0.08961354005892225 0.014335012856798867 0.2993552071685446 0.023943149331502846
J0617.2+5701 LogParabola bll LSP 54.811657 0.29502088 0.07767284 9.878757323081283e-09 "" "" "" "" "" "" "" "" "" "" 0.10759493670886076 0.07320618148772592 0.023926736720195695 0.2705664086462433 0.04421601491462141
J0622.3-2605 LogParabola bll HSP 139.32582 0.437988 0.10127738 1.1670180640315371e-08 "" "" "" "" "" "" "" "" "" "" 0.10256410256410256 0.1795539545511862 0.03094587642684171 0.4237380730488897 0.03651533623610836
