4LAC_variability_analysis/resulting_catalogs/selected_sources_monthly.ecsv
# %ECSV 1.0
# ---
# datatype:
# - {name: Source_Name, datatype: string}
# - {name: SpectrumType, datatype: string}
# - {name: CLASS, datatype: string}
# - {name: SED_class, datatype: string}
# - {name: Variability_Index, datatype: float32}
# - {name: Frac_Variability, datatype: float32}
# - {name: Unc_Frac_Variability, datatype: float32}
# - {name: Spectrum_Flux_Estimated, datatype: float64}
# - {name: Bright_Ratio_x, datatype: float64}
# - {name: Norm_Excess_Var(3_days), datatype: float64}
# - {name: Unc_Norm_Excess_Var(3_days), datatype: float64}
# - {name: Frac_Variability(3_days), datatype: float64}
# - {name: Unc_Frac_Variability(3_days), datatype: float64}
# - {name: Bright_Ratio_y, datatype: float64}
# - {name: Norm_Excess_Var(weekly), datatype: float64}
# - {name: Unc_Norm_Excess_Var(weekly), datatype: float64}
# - {name: Frac_Variability(weekly), datatype: float64}
# - {name: Unc_Frac_Variability(weekly), datatype: float64}
# - {name: Bright_Ratio, datatype: float64}
# - {name: Norm_Excess_Var(monthly), datatype: float64}
# - {name: Unc_Norm_Excess_Var(monthly), datatype: float64}
# - {name: Frac_Variability(monthly), datatype: float64}
# - {name: Unc_Frac_Variability(monthly), datatype: float64}
# schema: astropy-2.0
Source_Name SpectrumType CLASS SED_class Variability_Index Frac_Variability Unc_Frac_Variability Spectrum_Flux_Estimated Bright_Ratio_x Norm_Excess_Var(3_days) Unc_Norm_Excess_Var(3_days) Frac_Variability(3_days) Unc_Frac_Variability(3_days) Bright_Ratio_y Norm_Excess_Var(weekly) Unc_Norm_Excess_Var(weekly) Frac_Variability(weekly) Unc_Frac_Variability(weekly) Bright_Ratio Norm_Excess_Var(monthly) Unc_Norm_Excess_Var(monthly) Frac_Variability(monthly) Unc_Frac_Variability(monthly)
[from data line 411]
J2244.2+4057 LogParabola fsrq LSP 4666.583 1.2456656 0.26608893 5.8249312525766295e-08 "" "" "" "" "" "" "" "" "" "" 0.4953271028037383 1.3902146647761824 0.03504706404209839 1.1790736468839351 0.014862118297156857
J2248.7-3235 PowerLaw fsrq LSP 101.84926 0.6456214 0.1529195 1.6438109123307867e-08 "" "" "" "" "" "" "" "" "" "" 0.7710843373493976 0.3263516761794197 0.037357153674147596 0.5712719809157628 0.03269646938946942
J2250.7-2806 LogParabola bll LSP 742.793 0.9544878 0.20583293 2.401937127017074e-08 "" "" "" "" "" "" "" "" "" "" 0.6774193548387096 0.779998624526033 0.04597246266939257 0.8831753079236494 0.026026804790021875
J2253.9+1609 LogParabola FSRQ LSP 77426.66 0.96451724 0.20566168 1.6250900446069262e-06 0.049008168028004666 3.801748974828115 0.008342928207857408 1.9498074199335982 0.002139423648347161 0.03263707571801567 3.6128327246810414 0.0081561610752969 1.900745307683552 0.002145516561931397 0.005405405405405406 2.76259907791459 0.0069497292870636905 1.6621068190446096 0.002090638582139517
J2256.0-2740 PowerLaw fsrq LSP 25.510717 0.21640544 0.08190797 3.292615253321416e-08 "" "" "" "" "" "" "" "" "" "" 0.20155038759689922 0.10355095689143108 0.027361077103702076 0.3217933450079897 0.042513429081360805
J2258.1-2759 LogParabola fsrq LSP 1454.335 0.84668106 0.1816638 6.40036466120264e-08 "" "" "" "" "" 0.5776255707762558 0.9928392938416952 0.032543798690068654 0.9964132144053968 0.016330473251244947 0.19047619047619047 1.254468707496843 0.03578954117599893 1.1200306725696592 0.015977036188610738
J2301.0-0158 LogParabola fsrq LSP 601.0875 0.9494157 0.20575298 2.4227844971111062e-08 "" "" "" "" "" "" "" "" "" "" 0.4563106796116505 0.8488858050282461 0.04221965960774962 0.9213499905183947 0.022911846769540237
J2311.0+3425 LogParabola FSRQ LSP 2396.9778 0.89476496 0.19153967 6.955055231365772e-08 "" "" "" "" "" 0.5495283018867925 0.9235699027751397 0.02655406662819976 0.9610254433547218 0.013815485745884905 0.08974358974358974 1.3254924963478087 0.031877806728504876 1.1513003501900834 0.01384426171817013
J2321.9+3204 LogParabola fsrq LSP 1199.3973 0.9342143 0.20085001 3.490938176946417e-08 "" "" "" "" "" "" "" "" "" "" 0.48598130841121495 1.42560033486388 0.05556080094715325 1.1939850647574617 0.02326695809986514
J2323.5-0317 LogParabola fsrq LSP 874.44104 0.6045611 0.13038619 5.801155707048866e-08 "" "" "" "" "" 0.4608501118568233 0.7752917937880701 0.02909240287010625 0.8805065552215214 0.016520264782575678 0.047058823529411764 0.9244808611801922 0.031816606626096075 0.9614992777845401 0.016545309685206948
J2325.2+3957 LogParabola bll LSP 86.03061 0.37754604 0.0915306 1.2164535552856787e-08 "" "" "" "" "" "" "" "" "" "" 0.2677165354330709 0.11948328319787276 0.03218493050034817 0.3456635404520887 0.046555286765642016
J2325.4-4800 PowerLaw bll ISP 133.19888 0.5536882 0.12714717 1.5156065814588678e-08 "" "" "" "" "" "" "" "" "" "" 0.2 0.1919156878738123 0.032362951990815673 0.4380818278287885 0.036937108474930605
J2325.4-3559 LogParabola fsrq LSP 186.2541 0.42513633 0.096380375 2.2149571317797807e-08 "" "" "" "" "" "" "" "" "" "" 0.22627737226277372 0.22061288153685407 0.026373200730482566 0.4696944555100199 0.028074847830431703
J2327.5+0939 LogParabola fsrq LSP 434.73053 0.7418971 0.16231701 4.5613027976802476e-08 "" "" "" "" "" "" "" "" "" "" 0.6019417475728155 0.4364491510314781 0.039755197956939166 0.6606429830335581 0.030088261722231717
J2328.3-4036 LogParabola fsrq LSP 347.1513 0.6122974 0.13438825 3.410642742585484e-08 "" "" "" "" "" "" "" "" "" "" 0.41228070175438597 0.740215801053846 0.0480492853203189 0.860357949375634 0.02792400846367986
J2329.3-4955 LogParabola FSRQ LSP 16384.979 1.1942681 0.25476465 1.6372106279411433e-07 0.7750826901874311 0.9406335364023292 0.015472489098264574 0.9698626379041153 0.007976639419629982 0.4490644490644491 1.209843587724593 0.017709147620444045 1.0999289012134343 0.008050132877182984 0.12162162162162163 1.693991950635346 0.01993563571980177 1.301534460026067 0.007658512445149744
J2331.0-2147 LogParabola fsrq LSP 289.81918 0.80587757 0.1775244 2.0398081448726366e-08 "" "" "" "" "" "" "" "" "" "" 0.3050847457627119 0.30771169394907044 0.03515143458174393 0.5547176704856899 0.03168407683044121
J2338.0-0230 PowerLaw fsrq LSP 136.03596 0.57845163 0.13412176 2.4540236942974496e-08 "" "" "" "" "" "" "" "" "" "" 0.6666666666666666 0.1781280197116662 0.040324911687478475 0.4220521528338248 0.04777242743191937
J2345.2-1555 LogParabola FSRQ LSP 3702.563 0.89033765 0.19032075 8.977744559241804e-08 "" "" "" "" "" 0.6433566433566433 1.0156170886814806 0.025590999063271887 1.0077782934165036 0.012696740558141496 0.25757575757575757 1.333665003920046 0.029824542021484053 1.1548441470259292 0.012912799574856578
J2347.0+5141 LogParabola bll HSP 58.688427 0.20183285 0.052628208 1.4497744907334109e-08 "" "" "" "" "" 0.5521327014218009 -0.039789587414306216 0.01813279824399826 0.0 0.1 0.046511627906976744 0.10152112509120785 0.020363862780572863 0.318623798689313 0.031955966353331734
J2348.0-1630 LogParabola fsrq LSP 1646.2932 0.8283717 0.1777093 6.571699116478933e-08 0.7770193401592719 0.48265617697299784 0.019646212753342707 0.6947346090220335 0.014139365232573023 0.38353413654618473 0.67603511539025 0.023150011304504434 0.8222135460999471 0.014077858127194094 0.0736196319018405 0.7464652844315793 0.023992044896678562 0.8639822246039437 0.01388457089361804
