4LAC_variability_analysis/resulting_catalogs/selected_rows_monthly.ecsv
# %ECSV 1.0
# ---
# datatype:
# - {name: Source_Name, datatype: string}
# - {name: RAJ2000, datatype: float32}
# - {name: DEJ2000, datatype: float32}
# - {name: Redshift, datatype: float64}
# - {name: SpectrumType, datatype: string}
# - {name: Pivot_Energy, datatype: float32}
# - {name: PL_Flux_Density, datatype: float32}
# - {name: PL_Index, datatype: float32}
# - {name: LP_Flux_Density, datatype: float32}
# - {name: LP_Index, datatype: float32}
# - {name: LP_beta, datatype: float32}
# - {name: CLASS, datatype: string}
# - {name: SED_class, datatype: string}
# - {name: Variability_Index, datatype: float32}
# - {name: Frac_Variability, datatype: float32}
# - {name: Unc_Frac_Variability, datatype: float32}
# - {name: Flux1000, datatype: float32}
# - {name: Unc_Flux1000, datatype: float32}
# - {name: Spectrum_Flux_Estimated, datatype: float64}
# - {name: Norm_Excess_Variance_Estimated, datatype: float64}
# - {name: Unc_Norm_Excess_Variance_Estimated, datatype: float64}
# - {name: Frac_Variability_Estimated, datatype: float64}
# - {name: Unc_Frac_Variability_Estimated, datatype: float64}
# schema: astropy-2.0
Source_Name RAJ2000 DEJ2000 Redshift SpectrumType Pivot_Energy PL_Flux_Density PL_Index LP_Flux_Density LP_Index LP_beta CLASS SED_class Variability_Index Frac_Variability Unc_Frac_Variability Flux1000 Unc_Flux1000 Spectrum_Flux_Estimated Norm_Excess_Variance_Estimated Unc_Norm_Excess_Variance_Estimated Frac_Variability_Estimated Unc_Frac_Variability_Estimated
[from data line 170]
J0811.4+0146 122.861 1.7756 1.148 LogParabola 1229.76 2.588616e-12 2.0945237 2.8753445e-12 2.020257 0.08751291 bll LSP 446.0305 0.49892974 0.109375626 3.864588e-09 1.0539715e-10 3.416119874101954e-08 0.22159958850843808 0.01900886020663258 0.4707436547723592 0.020190245809924755
J0814.6+6430 123.6654 64.505 0.239 LogParabola 955.21655 2.287203e-12 2.2187836 2.3888677e-12 2.1772573 0.03866031 bll LSP 144.61028 0.32658434 0.07552789 1.7406305e-09 5.8205465e-11 2.485717894677242e-08 0.1882889000490674 0.025472646420655328 0.4339226890231339 0.02935159541668642
J0818.2+4222 124.5572 42.3819 -999.0 LogParabola 803.35724 9.624806e-12 2.1023672 1.0405344e-11 1.9942962 0.076670885 bll LSP 281.1152 0.2555931 0.05658397 5.820044e-09 1.10888486e-10 5.701130454987938e-08 0.09983271613205474 0.008764058519285809 0.31596315628891725 0.013868798220372154
J0824.7+5552 126.1977 55.8816 1.417 PowerLaw 609.94586 2.9247267e-12 2.599026 3.0293847e-12 2.585304 0.02813755 fsrq LSP 103.46128 0.4912341 0.11569904 5.059657e-10 3.5047527e-11 2.0108136780677383e-08 0.18884302687433802 0.03782220515622804 0.4345607286379408 0.0435177440846709
J0825.9-2230 126.4991 -22.5055 -999.0 LogParabola 1068.6034 4.323979e-12 1.994401 4.619456e-12 1.9038004 0.057560008 bll LSP 396.23514 0.38992685 0.08547606 5.2162616e-09 1.170317e-10 3.9813718457662547e-08 0.16183891126968533 0.013401650923392705 0.40229207209400153 0.01665661822967917
J0830.8+2410 127.7015 24.1727 0.939 LogParabola 611.13696 6.326823e-12 2.491798 7.377326e-12 2.3727007 0.17843679 FSRQ LSP 1544.9812 1.7525561 0.37517235 1.2653782e-09 6.008353e-11 2.966410496629018e-08 1.596042398903905 0.06082581920641934 1.2633457163040942 0.024073307259221445
J0831.8+0429 127.9732 4.4941 0.174 LogParabola 597.51697 1.2706307e-11 2.2649548 1.3824732e-11 2.1658266 0.084765546 bll LSP 487.35156 0.4761032 0.10371934 3.2379457e-09 9.005931e-11 5.0020758628409645e-08 0.36913764079820727 0.02310677849853341 0.6075669846183277 0.01901582795273927
J0839.8+0105 129.9633 1.0877 1.123 LogParabola 646.2868 3.8660867e-12 2.3662848 4.5008016e-12 2.2035103 0.16764912 fsrq LSP 288.64505 0.7743964 0.1709813 1.0781473e-09 6.0963325e-11 1.7377127698400332e-08 1.0301789347725345 0.05332212096584338 1.014977307516052 0.02626764193198481
J0841.3+7053 130.3418 70.8887 2.218 LogParabola 375.479 5.2858815e-11 2.8123 6.684325e-11 2.755881 0.25154838 FSRQ LSP 4173.7544 0.908524 0.19410239 1.4476187e-09 5.0651087e-11 1.1799028477708522e-07 1.7736998285300576 0.028715441984591236 1.331803224402936 0.010780662435122398
J0849.8-3541 132.4516 -35.6877 -inf LogParabola 1112.2621 9.680958e-13 2.339169 1.0983793e-12 2.2263408 0.11820082 bcu LSP 112.68661 0.69915473 0.16420648 1.0226947e-09 7.244605e-11 1.3391785666743486e-08 0.16585846782615563 0.04638252231652324 0.40725725018243153 0.05694499274812924
J0850.0+4855 132.5083 48.9217 -999.0 LogParabola 1318.389 1.0398082e-12 2.2101183 1.119882e-12 2.1444404 0.07913462 bll LSP 204.88972 0.52309084 0.1187025 1.6493485e-09 6.8515436e-11 1.8711522356160525e-08 0.2974861819344732 0.029095825252776385 0.5454229385847951 0.02667271872381377
J0850.0+5108 132.5126 51.1414 0.583 LogParabola 701.52234 4.177494e-12 2.2510755 4.5643333e-12 2.1286924 0.09838552 NLSY1 LSP 1239.3137 1.0513188 0.22591655 1.5889386e-09 5.7865383e-11 2.139514792725697e-08 0.7458661867202637 0.043922933650052655 0.8636354478136384 0.02542909381571069
J0850.1-1212 132.5412 -12.2121 0.566 LogParabola 619.7468 7.685499e-12 2.317777 8.431117e-12 2.2169843 0.0939895 fsrq LSP 662.31165 0.80623055 0.1743096 1.9991147e-09 7.443249e-11 3.398624682102617e-08 0.7971192582766251 0.04371988411841263 0.8928153550855995 0.02448428102707807
J0852.5-5755 133.1418 -57.9304 -inf LogParabola 906.6553 4.9698557e-12 2.2900915 5.4564725e-12 2.1887028 0.09455285 bcu LSP 1484.091 1.053371 0.22589387 3.2888303e-09 9.371702e-11 4.5388602088771874e-08 0.6857498516516639 0.03681132402168059 0.8281001459072833 0.022226372138450332
J0854.8+2006 133.7071 20.1159 0.306 LogParabola 710.9869 1.33717135e-11 2.209501 1.4079733e-11 2.1581697 0.04550812 BLL LSP 920.42065 0.5145008 0.11083554 5.3267493e-09 1.1049745e-10 7.676023440454828e-08 0.7171890055568148 0.02288628278192496 0.8468701231929338 0.01351227428807936
J0904.9-5734 136.2315 -57.5833 -999.0 LogParabola 903.0512 1.3118115e-11 2.2051353 1.39669075e-11 2.1352992 0.057412032 bcu LSP 8488.266 1.4891634 0.31774202 9.087424e-09 1.456662e-10 1.1742507235914424e-07 2.6447269097894326 0.022351285564437728 1.6262616363271418 0.006871983285210296
J0909.1+0121 137.2967 1.3557 1.024 LogParabola 1044.3143 2.4645394e-12 2.4803402 2.7768972e-12 2.5563078 0.099657305 fsrq LSP 1034.359 0.99253565 0.2134183 1.8684683e-09 7.603757e-11 5.213475696950268e-08 0.5469451041936767 0.02940072912699325 0.739557370454569 0.019877247054492935
J0909.7-0230 137.4464 -2.5143 0.957 LogParabola 695.0211 6.026562e-12 2.2831314 6.6962347e-12 2.1928954 0.099008374 fsrq LSP 162.73167 0.3679204 0.08358409 2.132077e-09 7.596011e-11 3.2901401283311573e-08 0.37244363161003347 0.02969048361348754 0.6102816002551883 0.024325232483719407
J0912.2+4127 138.0559 41.4563 2.563 PowerLaw 834.58136 1.2527181e-12 2.4669163 1.2502619e-12 2.467757 -0.0014215028 fsrq LSP 373.3386 1.1869521 0.2594782 5.4623583e-10 3.7961332e-11 1.602414927079089e-08 0.38378424299059755 0.045479086796602494 0.6195032227443191 0.03670609379168039
J0920.9+4441 140.2291 44.699 2.186448 LogParabola 1177.239 3.676886e-12 2.3492343 4.1686576e-12 2.392425 0.12554927 fsrq LSP 2412.533 0.9901364 0.21209064 4.0806505e-09 9.548974e-11 7.158314508807067e-08 1.4211107173319533 0.04321011998671511 1.1921034843217067 0.01812347692755096
J0921.6+6216 140.4185 62.2708 1.446 LogParabola 589.0741 1.4748385e-11 2.2866495 1.6073308e-11 2.1803167 0.09019015 fsrq LSP 3346.0066 0.94950396 0.20298739 3.5416459e-09 7.541549e-11 5.6810123158707505e-08 1.0514249949134309 0.027283608313323084 1.025390167162447 0.013304013041603845
J0922.7-3959 140.6918 -39.9867 0.595 LogParabola 774.84656 1.949582e-12 2.600892 2.3223001e-12 2.5696511 0.1479749 fsrq LSP 235.46883 1.0209723 0.22683483 6.644148e-10 5.6338514e-11 2.03617946020205e-08 0.5458449214108573 0.039033767476104084 0.7388131843780654 0.026416534180398254
J0923.5+4125 140.8949 41.4283 1.732 LogParabola 671.01965 2.7477675e-12 2.3475277 2.9497752e-12 2.2397346 0.08544439 fsrq LSP 100.7721 0.4384344 0.10423884 8.384154e-10 4.746575e-11 1.4516436675017871e-08 0.08929098386001628 0.028684447109475427 0.2988159698878497 0.047996844211909334
J0930.3+8612 142.5994 86.2021 -inf LogParabola 1302.5369 5.9177847e-13 2.2051778 6.5341406e-13 2.09837 0.09548466 bll LSP 107.04973 0.4897823 0.11644879 9.469955e-10 4.9857396e-11 9.424832880891224e-09 0.15142453988237134 0.027610555870868907 0.38913306192403047 0.03547701104392313
J0940.9-1335 145.2438 -13.5891 0.551 LogParabola 632.2649 2.6125096e-12 2.4323747 2.9726946e-12 2.335021 0.11409715 fsrq LSP 184.99373 0.83149284 0.18708113 6.322066e-10 4.809897e-11 1.3624444492083709e-08 0.12691273498713046 0.037779284157614654 0.35624813681917056 0.05302383402610074
J0946.6+1016 146.6613 10.277 1.007 LogParabola 492.51218 1.32178235e-11 2.4118962 1.4366975e-11 2.3187385 0.08578849 fsrq LSP 358.6305 0.50239205 0.11074028 1.7245488e-09 6.910844e-11 3.9489532196709586e-08 0.22078516309187043 0.02132354844498788 0.46987781719492827 0.022690524711599474
J0948.9+0022 147.2443 0.3717 0.585 LogParabola 310.19977 8.733191e-11 2.6296384 1.0198312e-10 2.4734027 0.17121503 NLSY1 LSP 533.0934 0.40192565 0.08739117 2.1961875e-09 8.033237e-11 1.0242001075914486e-07 0.3928866064545731 0.017961210040000387 0.6268066739071729 0.014327551689933311
J0957.3-1348 149.3314 -13.8141 1.323 LogParabola 549.4806 3.7321994e-12 2.4751809 4.2787713e-12 2.3417563 0.13457191 fsrq LSP 129.53859 0.68162376 0.15811191 6.069243e-10 4.8108854e-11 1.4275701958675303e-08 0.31337412948802373 0.06309748539958746 0.5597982935736976 0.05635733988824731
J0958.0+4728 149.509 47.4675 1.882 LogParabola 472.7142 5.676384e-12 2.603368 6.7232205e-12 2.4228368 0.22664843 fsrq LSP 284.16177 0.8954397 0.19757047 4.887508e-10 3.7837358e-11 1.5768878175432704e-08 0.703815720845776 0.06350462635025782 0.8389372567992055 0.03784825732531346
J0958.7+6534 149.6897 65.5678 0.367 LogParabola 674.472 1.13964775e-11 2.1988745 1.2017318e-11 2.1254692 0.052165132 BLL LSP 2438.0686 0.79806596 0.1707795 4.139586e-09 8.245621e-11 5.6231799885492454e-08 0.9949292302195869 0.017559739715177124 0.9974613928466539 0.008802215224121808
J1001.1+2911 150.2938 29.188 0.558 PowerLaw 995.75934 8.407636e-13 2.2774036 8.7761444e-13 2.2554977 0.032120895 bll LSP 228.9485 0.9752413 0.21644491 6.502167e-10 4.226307e-11 1.2349827921402929e-08 0.37232489306967986 0.046515385104958146 0.6101843107370755 0.038115848184272084
J1006.7-2159 151.6931 -21.991 0.33 LogParabola 505.00916 1.8693158e-11 2.3381388 1.987876e-11 2.2713463 0.05747646 fsrq LSP 1901.0173 0.9757529 0.2090509 2.873877e-09 8.400835e-11 5.7699674043858277e-08 0.821979985192413 0.031023115607325392 0.9066311185881571 0.017109006613205517
J1007.6-3332 151.9117 -33.5432 1.837 LogParabola 653.2794 4.3471247e-12 2.4191957 5.307641e-12 2.2512805 0.21286413 fsrq LSP 352.5419 0.75963116 0.16680315 1.1786527e-09 6.212428e-11 2.045105738561548e-08 0.2498149287724848 0.03660044969570426 0.4998148945084418 0.03661400460234392
J1012.7+2439 153.1989 24.6638 1.805 LogParabola 614.2542 8.194133e-12 2.3216932 9.275195e-12 2.1684585 0.14244829 fsrq LSP 748.5022 0.7259138 0.15704939 2.1035085e-09 7.390647e-11 3.2664993218575465e-08 0.3135648109429187 0.021629135908962222 0.5599685803176092 0.019312812065896953
J1015.0+4926 153.768 49.4336 0.212 LogParabola 1043.5931 6.111613e-12 1.8383731 6.437223e-12 1.7496107 0.044037696 bll HSP 338.85156 0.23550795 0.05183998 8.172973e-09 1.2306804e-10 4.628062048840482e-08 0.12105105529717561 0.00841330590220546 0.3479239217087201 0.012090726416404664
J1018.3-3124 154.5913 -31.4032 0.794 LogParabola 598.76184 5.3678594e-12 2.5340884 6.1924996e-12 2.4611757 0.13689111 fsrq LSP 244.11548 0.6189907 0.1379395 9.678356e-10 5.4403378e-11 2.7802733995805118e-08 0.24548120169274396 0.039900042517645284 0.49546059549952504 0.04026560626624397
J1018.4+3540 154.6072 35.6802 1.228 LogParabola 568.4448 2.6659838e-12 2.5782013 3.0533347e-12 2.490652 0.14551479 fsrq LSP 146.63382 0.75453717 0.17310357 3.956613e-10 3.5448793e-11 1.2450784909518883e-08 0.10235468897637935 0.031603700211754945 0.319929193691947 0.04939171047045096
J1023.1+3949 155.7885 39.8226 1.3328 LogParabola 497.37994 9.325648e-12 2.4046767 1.0084961e-11 2.3005674 0.09020487 fsrq LSP 1901.3063 1.5702419 0.3361055 1.2596606e-09 5.2978157e-11 2.7767833765862796e-08 2.2036066220418378 0.07467584527759272 1.4844549915850724 0.02515261348471579
J1023.9-3236 155.9964 -32.6034 1.568 LogParabola 696.8677 2.2069263e-12 2.495294 2.528032e-12 2.4183478 0.1234984 fsrq LSP 424.91092 1.3002299 0.28347552 6.308539e-10 4.843945e-11 1.5351803402136317e-08 0.3094960573968627 0.04978210335545503 0.5563236983958734 0.044742030133714236
J1026.9-1749 156.7424 -17.8218 0.267 LogParabola 1529.2324 5.0662236e-13 1.9441607 5.313232e-13 1.8690293 0.041876372 bll HSP 109.83172 0.5254243 0.12327786 1.2628819e-09 6.527818e-11 8.04568078524871e-09 0.16401394372337788 0.049964253688590844 0.4049863500457489 0.06168634286432947
J1033.1+4115 158.2752 41.262 1.117 LogParabola 544.64746 5.678577e-12 2.387923 5.9520353e-12 2.3212283 0.053090982 fsrq LSP 150.24303 0.41543454 0.09586866 9.784833e-10 4.7760247e-11 2.1385025636525835e-08 0.07624613984150293 0.02363273807714051 0.27612703569462904 0.04279323467491994
J1033.9+6050 158.4849 60.8493 1.401 LogParabola 1208.0798 3.8902705e-12 2.2127736 4.3085023e-12 2.1634984 0.10152696 FSRQ LSP 953.4672 0.53521377 0.11538536 5.084807e-09 9.5750075e-11 5.863634565676131e-08 0.6435962725233811 0.022700152462487588 0.8022445216537045 0.014147901200805144
J1036.2+2202 159.0528 22.0401 0.595133 PowerLaw 567.96704 2.7407232e-12 2.5820997 2.9439472e-12 2.558436 0.061073806 fsrq LSP 140.41508 0.71534216 0.16567093 4.0194578e-10 3.671399e-11 1.5364466886724412e-08 0.48991248081887406 0.058706603562923836 0.6999374835075445 0.041937033625297375
J1037.4-2933 159.3564 -29.5568 0.312 PowerLaw 1382.8538 3.4760083e-13 2.331476 3.7288494e-13 2.3045478 0.063864775 fsrq LSP 61.594067 0.5731391 0.14951101 5.548276e-10 4.436217e-11 1.1927928444730079e-08 1.1151275874079418 0.09937586126130422 1.0559960167576115 0.04705314209727483
J1037.7-2822 159.4274 -28.3816 1.066 LogParabola 945.48267 2.3451588e-12 2.4230835 2.6296838e-12 2.4283073 0.092195846 fsrq LSP 396.48175 0.7626407 0.1664706 1.4802762e-09 6.734475e-11 3.333853602555958e-08 0.5115083200849635 0.04255860166489213 0.7151980984908751 0.029753016510176804
J1037.7+5711 159.4292 57.192 -999.0 LogParabola 2493.8125 5.908523e-13 1.8866761 6.752424e-13 1.7318777 0.12013904 bll ISP 179.93988 0.29643804 0.06738798 3.8722066e-09 9.5915255e-11 1.398654284751533e-08 0.15603440341685207 0.014722957099664976 0.39501190287996646 0.018636092978872698
J1040.5+0617 160.1495 6.2848 -inf PowerLaw 2055.272 2.7844374e-13 2.3107364 2.93277e-13 2.2966561 0.052492447 bll LSP 133.06842 0.87015265 0.20138212 1.1201486e-09 7.532636e-11 2.2963523144005534e-08 0.23537639399348376 0.031665761509672166 0.48515605117681854 0.03263461460787939
J1044.6+8053 161.1638 80.8941 1.254 LogParabola 795.38635 1.7732945e-12 2.8465362 2.0345507e-12 2.9996774 0.13805878 fsrq LSP 66.095795 0.23743774 0.06132966 4.659442e-10 3.285007e-11 3.562644977569871e-08 0.36007201115068227 0.04260319493651644 0.600060006291606 0.035499112163636624
J1048.4+7143 162.1067 71.7297 1.15 LogParabola 721.68164 2.7520078e-11 2.2839801 3.0039828e-11 2.203667 0.08413412 FSRQ LSP 11508.978 1.0206561 0.21775928 1.05695e-08 1.2779484e-10 1.6533792497737738e-07 1.108054814348966 0.01434598537479367 1.0526418262395647 0.006814276716536604
J1049.8+1429 162.4675 14.4835 1.63 LogParabola 637.1358 2.8147421e-12 2.5105374 3.2306614e-12 2.3649473 0.16928212 bcu LSP 86.303635 0.52301913 0.1268904 6.3262184e-10 4.866575e-11 1.4215138864048533e-08 0.34291032606803346 0.03010997507745895 0.5855854558200992 0.025709292109458735
J1050.1+0432 162.5464 4.5377 1.21725 LogParabola 512.2817 4.414057e-12 2.5462503 4.948707e-12 2.420965 0.12326366 fsrq LSP 400.7382 1.4160784 0.3087505 5.394688e-10 4.638318e-11 1.54765351855921e-08 0.5422352399661852 0.07410969223289582 0.7363662403764755 0.050321218008994015
J1056.8+7012 164.2076 70.2019 2.492 LogParabola 1069.5315 1.0588254e-12 2.674104 1.1748242e-12 2.7349133 0.12969585 fsrq LSP 335.3343 0.8947378 0.19682635 7.6346846e-10 4.299878e-11 2.8446786487071286e-08 0.46014251402976897 0.05552530504162961 0.6783380529129771 0.040927458516581895
J1058.4+0133 164.624 1.5641 0.89 LogParabola 823.6461 1.0348896e-11 2.2307928 1.08765575e-11 2.173413 0.05073282 BLL LSP 540.1709 0.4124204 0.08960882 5.6073772e-09 1.1998544e-10 8.082155073701342e-08 0.4268090062766015 0.01861366093919777 0.6533062117235696 0.014245740056634941
J1058.6+2817 164.6503 28.2866 0.4793 PowerLaw 1286.8591 3.3439684e-13 2.2418168 3.6208845e-13 2.1922143 0.06460337 bll LSP 48.24615 0.48323 0.13104354 4.725474e-10 3.821221e-11 7.030222398009887e-09 1.1804143414597017 0.11017744326670546 1.0864687484965694 0.050704377562247646
J1058.6-8003 164.66 -80.064 0.569 LogParabola 1017.1553 1.854499e-12 2.249901 2.2140321e-12 2.0974295 0.17265883 bll LSP 595.51917 0.87948084 0.19081177 1.7373866e-09 7.0225374e-11 1.6864980097561618e-08 0.3438403670852708 0.03377752190772679 0.5863790302230042 0.028801781924978585
J1058.6+5627 164.6652 56.4634 0.143 LogParabola 1101.8556 2.406989e-12 1.942987 2.5378326e-12 1.8555603 0.04995547 BLL ISP 185.7362 0.29591414 0.06651917 3.2048464e-09 7.530602e-11 2.2194507749471543e-08 0.12280333828148714 0.015068822828540385 0.3504330724710314 0.02150028637748803
