4LAC_variability_analysis/resulting_catalogs/selected_sources_monthly.ecsv
# %ECSV 1.0
# ---
# datatype:
# - {name: Source_Name, datatype: string}
# - {name: Bright_Ratio_x, datatype: float64}
# - {name: Norm_Excess_Var(monthly), datatype: float64}
# - {name: Unc_Norm_Excess_Var(monthly), datatype: float64}
# - {name: Frac_Variability(monthly), datatype: float64}
# - {name: Unc_Frac_Variability(monthly), datatype: float64}
# - {name: Bright_Ratio_y, datatype: float64}
# - {name: Norm_Excess_Var(3_days), datatype: float64}
# - {name: Unc_Norm_Excess_Var(3_days), datatype: float64}
# - {name: Frac_Variability(3_days), datatype: float64}
# - {name: Unc_Frac_Variability(3_days), datatype: float64}
# schema: astropy-2.0
Source_Name Bright_Ratio_x Norm_Excess_Var(monthly) Unc_Norm_Excess_Var(monthly) Frac_Variability(monthly) Unc_Frac_Variability(monthly) Bright_Ratio_y Norm_Excess_Var(3_days) Unc_Norm_Excess_Var(3_days) Frac_Variability(3_days) Unc_Frac_Variability(3_days)
[from data line 107]
J0607.4+4739 0.05027932960893855 0.4571754544400647 0.06410086008354517 0.6761475093794731 0.04740153531170515 "" "" "" "" ""
J0608.0-0835 0.8076923076923077 0.8766190790853199 0.1591111520751181 0.9362793808929682 0.08496991139726225 "" "" "" "" ""
J0608.1-1521 0.88 1.0089427517852876 0.19477172769065532 1.0044614237417422 0.0969533140282813 "" "" "" "" ""
J0612.8+4122 0.0273224043715847 0.0941440141668332 0.018092263081710636 0.3068289656581223 0.029482651748514443 0.8128031037827352 -1.1360242508494938 0.07968058082391057 0.0 0.1
J0617.2+5701 0.11904761904761904 0.13767886107702615 0.03753865591619956 0.37105102220183434 0.05058422382647458 "" "" "" "" ""
J0622.3-2605 0.13253012048192772 0.2770434516201353 0.047294138427969465 0.5263491727172517 0.044926581896021424 "" "" "" "" ""
J0629.3-1959 0.898989898989899 1.7552089654955227 0.17814869469621497 1.3248429965454482 0.06723388928376452 "" "" "" "" ""
J0630.9-2406 0.0 0.05387363394565281 0.011252552052248399 0.23210694506122131 0.02424001584545518 0.5879354290569244 -0.7574659081847793 0.05747555176680304 0.0 0.1
J0635.6-7518 0.88 0.9988960940419069 0.21004969965398873 0.9994478946107731 0.10508286664398392 "" "" "" "" ""
J0643.3+0857 0.23684210526315788 0.817183298552521 0.07958578663096831 0.9039819127352721 0.04401956804100057 "" "" "" "" ""
J0644.4-6712 0.8431372549019608 2.8868316630804016 0.1702236115572055 1.699067880657039 0.05009323450084263 "" "" "" "" ""
J0648.0-3045 0.7247706422018348 0.7444382997151806 0.1402510537863449 0.8628083794882735 0.08127589921503019 "" "" "" "" ""
J0648.4-1743 0.5537190082644629 2.6618357496198395 0.053985940133803846 1.6315133311192525 0.016544743798314034 "" "" "" "" ""
J0650.7+2503 0.03314917127071823 0.2746563348528587 0.02708880445865067 0.5240766497878518 0.025844315397009505 0.9508881922675027 -1.143381857087665 0.09119086507278945 0.0 0.1
J0654.3+5042 0.6206896551724138 0.8355305306939422 0.13780093253359327 0.9140735915088797 0.07537737322994012 "" "" "" "" ""
J0656.3-0322 0.5161290322580645 0.31862692118146646 0.10324763942274995 0.5644704785739166 0.09145530487581541 "" "" "" "" ""
J0700.5-6610 0.0 0.2349685038121351 0.018862202976805978 0.4847354988157305 0.019456180765477976 0.7285447761194029 -0.562198506072335 0.057371798433317106 0.0 0.1
J0701.5-4634 0.41353383458646614 1.1337459751848686 0.09688566902086966 1.0647750819703046 0.045495837882301084 "" "" "" "" ""
J0702.7-1951 0.42424242424242425 0.6778065047702706 0.1012792662317002 0.8232900489926199 0.06150886091458641 "" "" "" "" ""
J0706.8+7742 0.4573643410852713 0.8415753284499522 0.1256091320025276 0.9173741485620532 0.06846123372858 "" "" "" "" ""
J0709.7-0255 0.9381443298969072 1.3142478363330523 0.17131214967988953 1.1464064882636753 0.07471701854171967 "" "" "" "" ""
J0713.8+1935 0.48412698412698413 1.2161684314379628 0.11141067016183509 1.1028002681528342 0.05051262380831911 "" "" "" "" ""
J0719.3+3307 0.12574850299401197 1.3101988279732992 0.04431522069414416 1.1446391693338558 0.019357725072406108 "" "" "" "" ""
J0721.9+7120 0.0 0.34093712008876786 0.008570960618201702 0.583898210383255 0.007339430457044862 0.035794183445190156 0.5542966738945939 0.008067080199676214 0.7445110300691279 0.005417703616108404
J0725.2+1425 0.147239263803681 3.072178998589391 0.07565901055455268 1.7527632465879102 0.02158278098934282 "" "" "" "" ""
J0726.4-4727 0.38235294117647056 0.40320736553493236 0.08151848865181752 0.6349861144426171 0.06418918996628252 "" "" "" "" ""
J0730.3-1141 0.0 0.5362660386534883 0.013546221208172957 0.7323018767239972 0.009249069023810855 0.25099866844207724 0.5566209387642974 0.02175678233195354 0.746070330977112 0.014580919136309281
J0738.1+1742 0.005376344086021506 0.7101796742111617 0.02884349818044132 0.842721587602431 0.01711330207079539 0.5569409808811305 0.3073590679369221 0.05586833508249837 0.5543997365952856 0.05038632902822112
J0739.2+0137 0.010752688172043012 0.9898809373371539 0.019478614158733636 0.9949276040683331 0.009788960563102344 0.48850118953211735 1.5602568884015222 0.048113507305778756 1.2491024331100802 0.01925923208154484
J0742.6+5443 0.8431372549019608 4.560479857846439 0.19490692238096127 2.1355280044631675 0.04563436348612935 "" "" "" "" ""
J0746.6-4754 0.3146853146853147 1.1585265093572723 0.08449583606467347 1.0763486932018231 0.0392511444471229 "" "" "" "" ""
J0748.6+2400 0.9893617021276596 1.5372527498057962 0.26557351425722636 1.2398599718539978 0.10709818862048863 "" "" "" "" ""
J0750.8+1229 0.5847457627118644 0.42707070917761647 0.139146699650891 0.6535064721772972 0.10646160793732759 "" "" "" "" ""
J0754.7+4823 0.10588235294117647 0.1596397581722968 0.03759318552713722 0.39954944396444453 0.04704447233629812 "" "" "" "" ""
J0807.1-0541 0.4573643410852713 0.35927475780757145 0.09655939164019328 0.5993953268149256 0.0805473343888847 "" "" "" "" ""
J0808.2-0751 0.09941520467836257 1.3066520436674551 0.025173932564301626 1.1430888170511753 0.011011363329248023 0.5635910224438903 1.7037429995971571 0.04041613248996583 1.305275066641954 0.015481844985342181
J0809.5+5341 0.6068376068376068 0.8994984271638398 0.1312303528096244 0.9484189091133937 0.06918374968520075 "" "" "" "" ""
J0809.8+5218 0.016216216216216217 0.3295561858644798 0.02474515819237986 0.5740698440647094 0.021552393361382153 0.7206290471785384 -0.5042190213862768 0.06122351744644411 0.0 0.1
J0811.4+0146 0.07428571428571429 0.3861895753213508 0.02784806691828984 0.6214415300906038 0.02240602339067177 0.9758149316508938 -0.8324834145946474 0.07792927135048568 0.0 0.1
J0814.6+6430 0.25333333333333335 0.46549829346034083 0.06365611797194622 0.6822743535120903 0.04664994195096781 "" "" "" "" ""
J0818.2+4222 0.0053475935828877 0.10348103567549508 0.009780124933239237 0.3216846836196823 0.015201415285289073 0.2861072902338377 -0.09511616436045525 0.022236870136403197 0.0 0.1
J0825.9-2230 0.0 0.1971243876185356 0.014663973411791436 0.44398692280126406 0.016513969960276594 0.5370675453047776 -0.2848975501624714 0.041910453848318145 0.0 0.1
J0830.8+2410 0.7314814814814815 4.303767594005637 0.18950591181649148 2.074552384010979 0.04567392784994349 "" "" "" "" ""
J0831.8+0429 0.12574850299401197 0.6624925961004811 0.04376876099623159 0.813936481612958 0.026887086391247695 "" "" "" "" ""
J0839.8+0105 0.7407407407407407 3.2773527115961762 0.17024987136328765 1.8103460198526071 0.047021362075618245 "" "" "" "" ""
J0841.3+7053 0.09941520467836257 2.4343008433129043 0.0504116145582034 1.5602246130967503 0.01615524269231527 0.8821138211382114 5.230558255743756 0.08590263479134308 2.2870413760454262 0.018780297481954443
J0850.0+4855 0.3146853146853147 0.9706721839742036 0.0679889844305697 0.9852269707910983 0.03450422412613067 "" "" "" "" ""
J0850.0+5108 0.9381443298969072 4.29871478742379 0.16881103415445886 2.0733342199037255 0.04071003906024798 "" "" "" "" ""
J0850.1-1212 0.48031496062992124 2.1100888691077526 0.11848093201659611 1.4526144943197257 0.04078195986612469 "" "" "" "" ""
J0852.5-5755 0.6637168141592921 2.210868496091201 0.12482047533413096 1.4868989528852325 0.04197342230012496 "" "" "" "" ""
J0854.8+2006 0.010752688172043012 0.7674373758222323 0.02432513262252654 0.8760350311615582 0.013883652911843717 0.5711892797319933 0.9644600090873288 0.053646212910688 0.9820692486211595 0.027312846312013195
J0904.9-5734 0.056179775280898875 3.251568799635012 0.02731572198641902 1.803210691970024 0.007574190333958244 0.5931330472103005 5.798319189559443 0.04736582707738502 2.4079699311991924 0.00983521979732454
J0909.1+0121 0.5630252100840336 2.0360144031613783 0.12218058421484451 1.4268897655955692 0.04281360311104607 "" "" "" "" ""
J0909.7-0230 0.05521472392638037 0.49587830186548565 0.04085413098602017 0.7041862692963315 0.029008042876811746 "" "" "" "" ""
J0920.9+4441 0.20512820512820512 2.3655358471461585 0.0653691443978249 1.538029858990442 0.021250934764274667 "" "" "" "" ""
J0921.6+6216 0.06818181818181818 1.528402015786796 0.03867717187070993 1.2362855721016872 0.015642491000262458 0.9073120494335737 2.289464959090458 0.07754070847635722 1.5130978022224664 0.02562316472949203
J0930.3+8612 0.296551724137931 0.4697424763897526 0.06812887830957154 0.6853776159094727 0.04970170948694235 "" "" "" "" ""
J0946.6+1016 0.20512820512820512 0.6434402452543417 0.0488820108699877 0.8021472715495215 0.03046947400042981 "" "" "" "" ""
J0948.9+0022 0.16049382716049382 0.8666705727888325 0.03437140475729714 0.9309514341730359 0.018460364040273087 "" "" "" "" ""
J0953.0-0840 0.1069182389937107 0.11201176739050908 0.03730825210584717 0.33468159105410783 0.0557369349003357 "" "" "" "" ""
J0956.7+2516 0.6068376068376068 0.3482393019110533 0.10586838623546549 0.5901180406588611 0.08970102499939202 "" "" "" "" ""
J0958.0+4728 0.8252427184466019 2.2541998623915234 0.21026296016144136 1.5013993014489928 0.07002233182022852 "" "" "" "" ""
J0958.7+6534 0.062146892655367235 1.3663996932179043 0.0299433086152289 1.1689310044728494 0.012807988025235237 0.5668358714043993 2.4602212165208766 0.0469079190481402 1.5685092338015982 0.014953026108252292
J1006.7-2159 0.2789115646258503 1.7459111995806043 0.07745328177235701 1.3213293304776839 0.029308848288547518 "" "" "" "" ""
J1007.6-3332 0.8076923076923077 1.0706282888282654 0.16027871451461861 1.0347116935785858 0.07745090516967543 "" "" "" "" ""
J1012.7+2439 0.38235294117647056 1.023887726051369 0.05508357402519339 1.0118733745145037 0.027218610259224615 "" "" "" "" ""
J1015.0+4926 0.0053475935828877 0.12331085154825179 0.009166549806777011 0.3511564488205389 0.013051945703354637 0.15518311607697083 0.06314808217998394 0.01526977267777924 0.2512928215846683 0.030382429114940677
J1018.3-3124 0.7128712871287128 0.9278473718688046 0.16639379025250445 0.9632483438183554 0.08637117900089644 "" "" "" "" ""
J1023.1+3949 0.6347826086956522 5.775758237908516 0.271192717398663 2.403280723908157 0.05642135658577079 "" "" "" "" ""
J1026.9-1749 0.42424242424242425 0.35614607073473553 0.10864955724248164 0.5967797506071528 0.09102986246763867 "" "" "" "" ""
J1033.1+4115 0.4351145038167939 0.3277193113812729 0.08633249691662236 0.5724677382886069 0.0754038098065696 "" "" "" "" ""
J1033.9+6050 0.13253012048192772 1.1241480472597518 0.03698886092021111 1.0602584813429938 0.017443322345961593 0.7924710424710425 1.289660427812693 0.05947157205285497 1.1356321710011095 0.026184346292527173
J1037.7-2822 0.504 1.09852531036491 0.1442579849164006 1.048105581687699 0.06881844130822726 "" "" "" "" ""
J1037.7+5711 0.005780346820809248 0.17274218433285046 0.016050127870173757 0.4156226465591721 0.019308533838384934 0.5364842454394693 -0.3470818065065988 0.045931292405395265 0.0 0.1
J1040.5+0617 0.33613445378151263 0.5392300309577801 0.08674746632152835 0.7343228383740902 0.05906630012597818 "" "" "" "" ""
J1047.8-6216 0.11242603550295859 0.11739924249455265 0.030779769738587565 0.34263572857271124 0.04491617069066944 "" "" "" "" ""
J1048.4+7143 0.0273224043715847 1.2830504625318098 0.016112836401473034 1.1327181743628068 0.007112464850551667 0.334534967555876 1.5070956764609347 0.02246743024183975 1.2276382514653634 0.009150672119829124
J1049.8+1429 0.504 1.3006531552412002 0.11023842780039839 1.1404618166520089 0.04833060878970034 "" "" "" "" ""
J1056.8+7012 0.8076923076923077 1.5340765256560709 0.1762557257247204 1.2385784293520015 0.07115242827898018 "" "" "" "" ""
J1058.4+0133 0.010752688172043012 0.5072946954724303 0.021181158861921467 0.7122462323329133 0.014869267045852981 0.5846672283066554 0.22965499089051117 0.041262350660644063 0.4792233204785752 0.043051275780399745
J1058.6+2817 0.9583333333333334 3.1194621963457783 0.30970959330581926 1.7661999310230363 0.08767682182119273 "" "" "" "" ""
J1058.6-8003 0.35251798561151076 1.0089350687122156 0.08906596330087478 1.004457599260524 0.04433535241629146 "" "" "" "" ""
J1058.6+5627 0.0053475935828877 0.13999882174444836 0.017160974095147784 0.3741641641638712 0.022932412746550283 0.7497648165569144 -0.8722877632402959 0.06818523445311157 0.0 0.1
J1059.2-1134 0.0273224043715847 0.22840106826545026 0.020831861853758998 0.4779132434505768 0.021794606175119854 0.846382556987116 -0.8816211699176858 0.07548009064250324 0.0 0.1
J1103.0+1157 0.6068376068376068 1.1985381753358364 0.12844415982160104 1.0947776830643912 0.05866221142820207 "" "" "" "" ""
J1103.9-5357 0.06818181818181818 0.5031679105151988 0.030480268646437228 0.7093432952493446 0.02148485003704938 "" "" "" "" ""
J1104.4+3812 0.0 0.1541887367631472 0.004304361478250426 0.39266873667653657 0.005480906774857623 0.025881057268722467 0.20641097948831674 0.006120351361458488 0.45432475112887777 0.006735656979122335
J1107.0-4449 0.3055555555555556 0.41048582700915737 0.0639816082027498 0.6406916785858525 0.04993166786867849 "" "" "" "" ""
J1112.5+3448 0.6491228070175439 0.751530289992723 0.13021440859693348 0.8669084669056607 0.07510274358129193 "" "" "" "" ""
J1121.4-0553 0.898989898989899 2.456849561799932 0.177191840019207 1.5674340693630249 0.056522900542545426 "" "" "" "" ""
J1127.0-1857 0.296551724137931 1.950184804797117 0.0419769683064015 1.396490173541195 0.015029453519159767 "" "" "" "" ""
J1127.8+3618 0.7247706422018348 0.4912772575190384 0.13961561509762835 0.7009117330442104 0.09959571834476769 "" "" "" "" ""
J1129.8-1447 0.7090909090909091 3.323519246620184 0.07398460346634457 1.8230521787980134 0.020291411383278283 "" "" "" "" ""
J1131.0+3815 0.3333333333333333 0.9040336390402988 0.05876819991743054 0.9508068358190841 0.030904384415160392 "" "" "" "" ""
J1132.7+0034 0.010752688172043012 0.09196188536207947 0.018946153323876988 0.3032521811332599 0.03123828038610441 "" "" "" "" ""
J1146.9+3958 0.062146892655367235 0.7329338287992027 0.021452836294159238 0.8561155464066768 0.012529171082222467 0.46431372549019606 0.8190089567426319 0.03372242990436948 0.9049911362784897 0.018631359221396946
J1147.0-3812 0.09302325581395349 0.3081871302708484 0.03264446124149992 0.5551460440918663 0.029401687708052786 "" "" "" "" ""
J1152.3-0839 0.38235294117647056 0.9402930059053696 0.08824824530181131 0.9696870659678666 0.045503466220686746 "" "" "" "" ""
J1153.4+4931 0.9183673469387755 8.45368935106228 0.27830233626730877 2.9075228891725478 0.047859010380226254 "" "" "" "" ""
J1158.5+4824 0.9183673469387755 0.5258207396182666 0.16577230631228979 0.725134980274891 0.11430444732472239 "" "" "" "" ""
J1159.2-2227 0.7247706422018348 1.9480280797827239 0.1480423169814575 1.3957177650881727 0.053034474692705925 "" "" "" "" ""
J1159.3-2142 0.4351145038167939 0.5222623082927675 0.09847837251459683 0.7226771812453798 0.06813441400272968 "" "" "" "" ""
J1159.5+2914 0.056179775280898875 1.6887779048604978 0.01499972224375421 1.2995298784023774 0.005771210994469264 0.2787671232876712 1.9727220232407303 0.0398427372920341 1.4045362306614702 0.014183591858385186
J1208.9+5441 0.35251798561151076 1.077320700824432 0.09415801112351709 1.0379406056342686 0.0453580920779078 "" "" "" "" ""
J1217.9+3007 0.0053475935828877 0.2441331597261812 0.012994078875436302 0.4940983300176 0.013149284348900192 0.22652659225213395 0.3236307324656778 0.02217814346057623 0.568885517890619 0.01949262440605886
J1218.5-0119 0.22875816993464052 0.348657564220935 0.06128923636808253 0.5904723229931569 0.05189848362189266 "" "" "" "" ""
J1220.1+7105 0.3146853146853147 2.032791708223596 0.07597305872724626 1.4257600458084088 0.026643003130365245 "" "" "" "" ""
J1221.3+3010 0.027472527472527472 0.12026256984817826 0.021302280445483802 0.34678894135796523 0.03071360978534635 0.9707158351409978 -1.8770767451263113 0.11654441714851886 0.0 0.1
J1221.5+2814 0.0053475935828877 0.19334929051302024 0.018754903623365463 0.43971501056140927 0.021326203532851886 0.7411545623836127 -0.5774803850355936 0.05980283952601882 0.0 0.1
J1222.5+0414 0.23684210526315788 0.3258804257798048 0.05164067256135447 0.5708593747848981 0.0452306424684826 "" "" "" "" ""
