4LAC_variability_analysis/resulting_catalogs/selected_rows_monthly.ecsv
# %ECSV 1.0
# ---
# datatype:
# - {name: Source_Name, datatype: string}
# - {name: RAJ2000, datatype: float32}
# - {name: DEJ2000, datatype: float32}
# - {name: Redshift, datatype: float64}
# - {name: SpectrumType, datatype: string}
# - {name: Pivot_Energy, datatype: float32}
# - {name: PL_Flux_Density, datatype: float32}
# - {name: PL_Index, datatype: float32}
# - {name: LP_Flux_Density, datatype: float32}
# - {name: LP_Index, datatype: float32}
# - {name: LP_beta, datatype: float32}
# - {name: CLASS, datatype: string}
# - {name: SED_class, datatype: string}
# - {name: Variability_Index, datatype: float32}
# - {name: Frac_Variability, datatype: float32}
# - {name: Unc_Frac_Variability, datatype: float32}
# - {name: Flux1000, datatype: float32}
# - {name: Unc_Flux1000, datatype: float32}
# - {name: Spectrum_Flux_Estimated, datatype: float64}
# - {name: Norm_Excess_Variance_Estimated, datatype: float64}
# - {name: Unc_Norm_Excess_Variance_Estimated, datatype: float64}
# - {name: Frac_Variability_Estimated, datatype: float64}
# - {name: Unc_Frac_Variability_Estimated, datatype: float64}
# schema: astropy-2.0
Source_Name RAJ2000 DEJ2000 Redshift SpectrumType Pivot_Energy PL_Flux_Density PL_Index LP_Flux_Density LP_Index LP_beta CLASS SED_class Variability_Index Frac_Variability Unc_Frac_Variability Flux1000 Unc_Flux1000 Spectrum_Flux_Estimated Norm_Excess_Variance_Estimated Unc_Norm_Excess_Variance_Estimated Frac_Variability_Estimated Unc_Frac_Variability_Estimated
[from data line 396]
J1912.4-1222 288.1185 -12.3678 -inf LogParabola 1546.4744 5.550954e-13 2.3936477 7.059267e-13 2.3432589 0.24719863 bcu "" 57.84915 0.45652297 0.121355064 1.3127157e-09 9.389343e-11 1.221382953714734e-08 0.14737579685981153 0.04348868219608915 0.3838955546236652 0.056641294321213655
J1913.0-8009 288.27 -80.1574 1.756 LogParabola 786.6042 3.9011303e-12 2.4059813 4.4970885e-12 2.2893286 0.1412144 fsrq LSP 458.53406 0.8094883 0.1762631 1.6877023e-09 7.122953e-11 2.9045728427678933e-08 0.32104443275865685 0.029460473443845774 0.566607829771754 0.02599723467968428
J1917.7-1921 289.4384 -19.3628 0.137 LogParabola 1499.9037 1.4887736e-12 1.9406775 1.5255611e-12 1.898122 0.02227992 bll HSP 58.466263 0.1870167 0.050907712 3.51201e-09 1.0363151e-10 2.666519907763379e-08 0.05878016553068045 0.019505100276599012 0.24244621162369284 0.040225623955868185
J1924.8-2914 291.2136 -29.2468 0.353 LogParabola 718.8823 5.2595883e-12 2.367729 5.5736566e-12 2.3110087 0.054426722 fsrq LSP 295.6829 0.61988395 0.13672334 1.8193574e-09 7.6989345e-11 3.6470760407982775e-08 0.24103800158108693 0.034068176195547306 0.49095621147011365 0.034695738030825554
J1941.3-6210 295.3468 -62.1753 -inf LogParabola 600.13556 1.4649173e-11 2.4073725 1.615155e-11 2.3313482 0.0934447 bll LSP 1230.7968 0.6338519 0.13630345 3.1123635e-09 7.995229e-11 6.817887581570513e-08 0.4386042657819817 0.020697683650335506 0.6622720481659947 0.015626269980480702
J1954.6-1122 298.6693 -11.3815 0.683 LogParabola 876.8071 2.0932754e-12 2.4143467 2.2971655e-12 2.3730087 0.07516682 bll LSP 200.85562 0.7145216 0.16184022 1.1285627e-09 6.9491725e-11 2.385696640428163e-08 0.1389018227348254 0.03263255534490589 0.37269534842123453 0.043779128828867656
J1955.4+5132 298.8575 51.5434 1.214 LogParabola 990.0417 9.92239e-13 2.4758635 1.1417875e-12 2.4107182 0.12773404 fsrq LSP 132.50438 0.74761087 0.17199881 7.128834e-10 5.1096103e-11 1.4137495057891304e-08 0.16026782106656104 0.030126558419069787 0.4003346363563376 0.03762671985275608
J1957.1-3231 299.2864 -32.5246 1.242 PowerLaw 890.0519 7.1210843e-13 2.5218308 7.9295115e-13 2.5003264 0.07512354 fsrq LSP 25.94886 0.43544108 0.16278999 3.4866002e-10 4.5353287e-11 1.1603511687238784e-08 0.5427857787936297 0.08330252356989444 0.7367399668768009 0.056534549037044746
J1958.0-3845 299.5026 -38.7547 0.63 LogParabola 653.9215 1.0501402e-11 2.3318818 1.2230145e-11 2.1700852 0.1653934 fsrq LSP 303.4907 0.36052603 0.08003966 3.1320906e-09 9.3052434e-11 4.6913249203448335e-08 2.1993751498968743 0.028895773646027953 1.4830290455337933 0.009742146903005316
J2000.0+6508 300.011 65.1479 0.047 LogParabola 1736.4575 2.8618594e-12 1.8170848 2.9476597e-12 1.7645855 0.02531749 bll HSP 1529.9316 0.52541703 0.1127198 9.5785255e-09 1.3098062e-10 5.353535565389509e-08 0.286602598932082 0.012147616096376561 0.5353527798863867 0.011345431043577046
J2000.9-1748 300.2346 -17.8164 0.652 LogParabola 1324.3164 1.3709673e-12 2.2128036 1.4674118e-12 2.1681142 0.05674442 fsrq LSP 560.7281 1.1026232 0.23799455 2.1934852e-09 8.74421e-11 2.7728592468608655e-08 0.6595635719792028 0.041269655639119794 0.8121351931662627 0.025408119230877213
J2001.2+4353 300.3018 43.8862 0.174 LogParabola 2025.2306 8.6259813e-13 1.9778644 9.505865e-13 1.8419849 0.091075115 bll HSP 1363.4725 1.1811723 0.2534595 3.733381e-09 1.1080513e-10 1.9416991765264947e-08 0.5902769858482104 0.042013980681400526 0.7682948560599703 0.027342354533557538
J2005.5+7752 301.393 77.8829 0.342 LogParabola 938.85864 3.0964927e-12 2.2072568 3.2730014e-12 2.1365495 0.05440172 bll LSP 510.61716 0.5462503 0.1189751 2.3285056e-09 6.6994355e-11 2.9996712367524666e-08 0.5816684237534361 0.03233085429098584 0.7626718978390616 0.021195781818231008
J2005.9-2309 301.4762 -23.1531 0.83 LogParabola 596.03156 4.87904e-12 2.464651 5.454889e-12 2.3563843 0.10900064 fsrq LSP 287.64426 0.8803009 0.19489703 9.80594e-10 6.242289e-11 2.2728277607643783e-08 0.1771143767126635 0.032527183230313735 0.42084958917963017 0.03864466553682465
J2007.2+6607 301.8148 66.1178 1.325 LogParabola 1163.8982 4.3674808e-13 2.5704105 5.414229e-13 2.6059701 0.186906 fsrq LSP 97.060814 0.81815886 0.19449513 4.5911208e-10 4.4926462e-11 1.058185493464129e-08 0.11464005009346653 0.030722676963835592 0.33858536603560785 0.04536917428469812
J2007.9-4432 301.983 -44.5363 0.24 LogParabola 465.16983 9.971441e-12 2.591181 1.1447258e-11 2.4268298 0.1712835 nlsy1 LSP 690.91034 1.1705118 0.25230798 8.695868e-10 5.2298943e-11 2.76023426305048e-08 0.7579766397593602 0.05696217346503601 0.8706185386030786 0.032713623096306176
J2009.4-4849 302.3595 -48.8248 0.071 LogParabola 1534.2146 1.078467e-12 1.8378776 1.1308765e-12 1.7541323 0.041112162 BLL HSP 160.51767 0.37974763 0.08601614 2.9002514e-09 8.5715664e-11 1.5566365634021577e-08 0.10891197128091264 0.021031731916498236 0.3300181378059585 0.031864509108987686
J2012.0+4629 303.0204 46.488 -999.0 LogParabola 1868.3186 1.3523606e-12 2.0167122 1.5112767e-12 1.869277 0.10497331 bll ISP 561.0523 0.5997166 0.13030848 4.999502e-09 1.2699207e-10 2.700468640403008e-08 0.32560128681370454 0.023518765110565422 0.5706148322762953 0.02060826654009713
J2012.2-1646 303.0719 -16.7729 -inf LogParabola 695.3785 1.9666243e-12 2.6722538 2.8303178e-12 2.600075 0.3984839 bll LSP 99.580635 0.8354526 0.19525437 4.7255005e-10 5.4695616e-11 1.310062727883365e-08 0.12678044560210644 0.040152629512244076 0.35606241812652234 0.05638425661926547
J2015.5+3710 303.8924 37.176 0.859 LogParabola 2481.588 9.233676e-13 2.488022 1.1355569e-12 2.6350434 0.16008231 FSRQ LSP 171.03093 0.41316643 0.094407104 7.119862e-09 3.3865627e-10 1.1508828286323063e-07 0.6344894122198872 0.02352058742299298 0.7965484368322413 0.01476406602248256
J2022.5+7612 305.6459 76.2007 0.594 LogParabola 1044.2606 1.3549637e-12 2.269212 1.432825e-12 2.200755 0.054778077 bll LSP 123.385056 0.42866638 0.10020196 1.2331801e-09 5.5353166e-11 1.776947125154994e-08 0.16811121256852513 0.029149055124942515 0.4100136736360449 0.03554644271548994
J2024.6-3252 306.1581 -32.874 1.465 LogParabola 586.3402 4.044167e-12 2.4765527 4.663176e-12 2.3571877 0.13947572 fsrq LSP 103.30381 0.57629925 0.13716458 7.667019e-10 5.56033e-11 1.795931617538923e-08 0.15098712366437284 0.04227881047571611 0.38857061605887394 0.05440299488486062
J2025.3+3341 306.3412 33.6891 0.219 LogParabola 1471.457 9.68767e-13 2.627421 1.2883181e-12 2.8610005 0.22975792 bll LSP 132.53114 0.6118398 0.14161 1.9760928e-09 1.3772583e-10 5.407160338992571e-08 0.35803933470558413 0.0428660050221887 0.5983638815182482 0.035819345340015664
J2025.6-0735 306.422 -7.5945 1.388 LogParabola 624.744 3.370798e-11 2.2759845 3.7662685e-11 2.1764994 0.10324338 fsrq LSP 3653.9766 0.7013914 0.14995778 9.386748e-09 1.4864952e-10 1.463511575046193e-07 1.258614478684696 0.02088406200136868 1.1218798860326786 0.009307619408001563
J2029.5+4925 307.375 49.4221 -inf LogParabola 1130.0242 1.447194e-12 2.4545941 1.996482e-12 2.2808957 0.34713766 bll LSP 149.17583 0.68127877 0.15564959 1.672701e-09 9.9485684e-11 1.516512434394305e-08 0.1715790890137629 0.04523204902827114 0.41422106297696026 0.05459892442841206
J2034.6+1154 308.6504 11.9035 0.607 LogParabola 1247.3569 8.0749784e-13 2.469601 8.860353e-13 2.4404283 0.093346275 fsrq LSP 229.93904 1.0000895 0.22249903 9.989359e-10 6.678218e-11 2.0645867057284943e-08 1.3256338975231439 0.10538578593282019 1.151361757886349 0.045765714038603154
J2035.4+1056 308.8517 10.938 0.601 LogParabola 774.34863 1.0229963e-11 2.400832 1.1602741e-11 2.3227527 0.123954765 fsrq LSP 3105.0142 1.3221852 0.2825995 4.1406802e-09 1.08689106e-10 7.825227497610405e-08 1.822895310598923 0.042560647761258584 1.350146403394433 0.01576149358849378
J2049.9+1002 312.4782 10.0407 -inf LogParabola 723.6262 2.7959401e-12 2.503881 3.3066423e-12 2.4355514 0.15440369 bll LSP 59.07644 0.35726246 0.09276069 8.6956553e-10 5.8688825e-11 2.093538074468378e-08 0.08369334670849286 0.024583624365069064 0.28929802403143523 0.04248840697646417
J2052.2-5533 313.0674 -55.5624 -inf LogParabola 741.00494 3.6296708e-12 2.3053243 3.950673e-12 2.2162235 0.08517556 bcu "" 931.71045 1.1344237 0.2442045 1.459825e-09 6.189449e-11 2.3215126037618318e-08 0.5941152776701762 0.037275617455138625 0.7707887373789113 0.02418017781493241
J2056.2-4714 314.0715 -47.2369 1.489 LogParabola 462.54858 5.4376968e-11 2.4457855 6.135281e-11 2.346273 0.11982225 fsrq LSP 2659.6853 0.5755847 0.1232019 5.6227147e-09 1.0792238e-10 1.4490174271529002e-07 0.6235682989555659 0.014570217670217725 0.7896634086467258 0.009225587453258867
J2104.0-3546 316.0096 -35.7678 -inf PowerLaw 1118.754 5.740779e-13 2.3075366 6.2918605e-13 2.2700098 0.06504215 bcu LSP 146.71114 0.88831013 0.20371561 5.6761346e-10 4.5543083e-11 1.1551314099092751e-08 0.2666023969168145 0.04965524225061858 0.5163355468266876 0.04808427635458322
J2115.4+2932 318.8737 29.5456 1.514 LogParabola 836.27466 6.7168697e-12 2.3702307 7.557075e-12 2.3226383 0.10027805 fsrq LSP 900.98346 0.6645908 0.14334932 3.3512033e-09 9.375063e-11 6.270046425637618e-08 0.5888253456263315 0.0312304474318509 0.7673495589536307 0.020349557165600777
J2116.2+3339 319.0605 33.6567 1.596 LogParabola 1653.4089 1.0687235e-12 1.901979 1.1903543e-12 1.7495892 0.09541373 bll ISP 157.5034 0.35168135 0.080436185 3.3017218e-09 9.521291e-11 1.534373808395676e-08 0.14748208774503568 0.024903570975470437 0.38403396691573477 0.03242365665656707
J2126.3-4605 321.5948 -46.0978 1.67 LogParabola 606.5375 4.124698e-12 2.530512 4.3716814e-12 2.4990194 0.055061128 FSRQ LSP 602.94507 1.265639 0.2739464 7.633727e-10 4.8593535e-11 2.402880243474581e-08 0.47082680040816094 0.043869760093353284 0.6861682012510933 0.03196720571819371
J2134.2-0154 323.5699 -1.9042 1.283 LogParabola 828.54694 2.0451347e-12 2.2828832 2.183744e-12 2.2086573 0.06582125 bll LSP 115.04185 0.5300528 0.12328252 1.08359e-09 6.0364456e-11 1.660230093355142e-08 0.3858795116805235 0.05444345396281315 0.6211920087062642 0.043821759777786504
J2139.4-4235 324.8546 -42.5895 -999.0 LogParabola 898.94653 7.012827e-12 1.9945611 7.3999765e-12 1.9126105 0.048418153 bll ISP 850.6859 0.4973295 0.10732325 5.9418515e-09 1.1896764e-10 4.8352355885846617e-08 0.29972941927174945 0.015520717158374591 0.547475496503496 0.014174805317771405
J2141.7-6410 325.4305 -64.1792 -inf LogParabola 715.5026 6.7721584e-12 2.327579 7.627291e-12 2.2362733 0.1101299 bcu LSP 2109.9617 1.09208 0.23384175 2.4579065e-09 7.247007e-11 4.0787664669863724e-08 0.7723953164403379 0.03201038785949656 0.878860237148284 0.018211307387943458
J2143.5+1743 325.8942 17.7306 0.211 LogParabola 437.22757 4.8196197e-11 2.4837584 5.0505454e-11 2.436121 0.04638283 fsrq LSP 1208.7343 0.45293558 0.097647555 4.1537156e-09 9.944534e-11 1.2172948583642114e-07 0.2343813881478949 0.012011047305586681 0.4841295158817472 0.01240478726411765
J2145.0-3356 326.2533 -33.9439 1.36 LogParabola 634.3317 4.589631e-12 2.303696 5.0743264e-12 2.182665 0.107649624 fsrq LSP 346.17874 0.7274973 0.15958646 1.293889e-09 6.039763e-11 2.0303434651338696e-08 0.8003173570911362 0.052221159356847374 0.8946045814163575 0.029186726986223176
J2147.1+0931 326.7829 9.5181 1.113 LogParabola 429.47833 2.0507273e-11 2.5186403 2.2541555e-11 2.415299 0.099343374 FSRQ LSP 670.74304 0.7601166 0.16457844 1.6102231e-09 6.8097965e-11 4.696479468800814e-08 0.41272839862552324 0.030931270598931644 0.6424394124160839 0.024073297809209297
J2147.3-7536 326.8268 -75.6024 1.138 LogParabola 799.3976 9.063476e-12 2.4223068 9.930436e-12 2.405018 0.07453181 FSRQ LSP 3458.676 0.9232656 0.19747509 3.772971e-09 8.764703e-11 8.930060480545318e-08 0.7420693545322588 0.02205113480885075 0.8614344748918856 0.01279907842765306
J2151.8-3027 327.9655 -30.46 2.345 LogParabola 381.93063 3.0009148e-11 2.829637 3.7319793e-11 2.8018935 0.21994911 fsrq LSP 1235.7162 0.89194965 0.19167346 8.5671376e-10 5.3345398e-11 7.282260879765566e-08 0.9147487600724559 0.0348225699440853 0.956424989255538 0.018204548362538337
J2157.5+3127 329.3862 31.4552 1.486 LogParabola 712.87305 6.9112706e-12 2.3113518 8.02118e-12 2.1600046 0.15294957 fsrq LSP 1848.62 1.2112029 0.25942317 2.6116862e-09 8.40824e-11 3.646450201607297e-08 0.8040043585263219 0.034633899685362346 0.896662901276908 0.019312664567721804
J2158.8-3013 329.7141 -30.2251 0.116 LogParabola 1146.8939 1.2817449e-11 1.849591 1.341288e-11 1.7671744 0.04058982 bll HSP 745.36664 0.25221577 0.054557394 2.0042272e-08 2.1901153e-10 1.1603640015815858e-07 0.2041917794537992 0.0072601151306031265 0.45187584517630414 0.008033307387530877
J2201.5-8339 330.3787 -83.6631 1.865 LogParabola 811.58 4.152624e-12 2.524742 4.828096e-12 2.4529843 0.1661744 fsrq LSP 418.89417 0.6786298 0.14843492 1.68888e-09 6.8546495e-11 3.858052778842803e-08 0.3716010434211642 0.025160905506955638 0.6095908820029743 0.020637534328173293
J2202.7+4216 330.6946 42.2821 0.069 LogParabola 870.6099 4.0364854e-11 2.1770155 4.3715375e-11 2.1187015 0.059488 BLL LSP 4421.8706 0.43420082 0.09280248 2.6529673e-08 2.4534041e-10 3.333168586616739e-07 0.9512395174813304 0.006814163631999751 0.975315086257426 0.003493313970025688
J2203.4+1725 330.8721 17.4318 1.076 LogParabola 623.21533 9.050613e-12 2.3149974 9.868396e-12 2.2118323 0.08895549 fsrq LSP 1286.9769 1.0170888 0.21838379 2.4054656e-09 7.982978e-11 4.03459864813274e-08 0.3586999211384181 0.027284591356764382 0.5989156210505935 0.02277832669391964
J2207.5-5346 331.8922 -53.7719 1.215 PowerLaw 756.8691 1.8743626e-12 2.4291074 1.9509281e-12 2.4107747 0.031352133 fsrq LSP 94.27744 0.45985746 0.10921589 6.6600064e-10 4.0773464e-11 1.7912743171408847e-08 0.17609999336156112 0.031239801967608633 0.4196426972575135 0.03722190588775854
J2211.2-1325 332.8168 -13.4189 0.392 PowerLaw 416.52106 5.265529e-12 2.778311 6.044904e-12 2.7176359 0.13146469 fsrq LSP 52.5515 0.481987 0.13123317 2.598929e-10 3.3852393e-11 1.560048559456387e-08 0.1069420022560862 0.0330403191247626 0.32701988052117903 0.050517294349361114
J2219.2+1806 334.8127 18.1026 1.071 LogParabola 789.83887 2.9084714e-12 2.2812517 3.1444797e-12 2.1706557 0.0866924 fsrq LSP 536.63245 0.99599403 0.2160265 1.4075078e-09 6.5467555e-11 1.9865220373741823e-08 0.39795711472262424 0.04729408748875602 0.6308384220405604 0.03748510382086016
J2219.2-0342 334.8235 -3.7102 0.901 PowerLaw 474.5848 4.144679e-12 2.7429721 4.5004334e-12 2.7123075 0.079804584 fsrq LSP 83.26522 0.7523916 0.18274298 3.0791747e-10 4.0499e-11 1.7039940008401147e-08 0.14196793641548464 0.04347724788187074 0.37678632726717226 0.05769483223716054
J2229.7-0832 337.4258 -8.5447 1.56 LogParabola 342.15778 6.0981664e-11 2.5834174 6.688697e-11 2.4672697 0.10910261 FSRQ LSP 1000.52563 0.59595615 0.12845342 2.3067128e-09 7.856703e-11 8.774570339726472e-08 0.3887020437797212 0.01866229550058648 0.6234597370959261 0.014966720695962988
J2232.6+1143 338.1525 11.7306 1.037 LogParabola 1082.416 4.2468595e-11 2.289261 4.8172945e-11 2.3226972 0.08924918 FSRQ LSP 84340.76 1.4631274 0.31196892 4.1291052e-08 3.216636e-10 6.99119446744094e-07 3.4757703757172074 0.012822068314746513 1.8643418076407576 0.003438765429761047
J2235.3-4836 338.8409 -48.6015 0.51 LogParabola 514.1099 5.4188416e-12 2.469942 5.7498633e-12 2.4069557 0.061700936 fsrq LSP 166.6503 0.5360898 0.12239588 7.211374e-10 4.3107667e-11 1.938643632422902e-08 0.1644799678746556 0.03179759127972827 0.40556129977434435 0.039201954547217095
J2236.3+2828 339.0962 28.4832 0.79 LogParabola 637.4705 1.8000764e-11 2.2302647 1.9844954e-11 2.1236315 0.09392121 fsrq LSP 877.71924 0.43792218 0.09454231 5.5943237e-09 1.1118064e-10 7.744537437369006e-08 0.4761683074932646 0.016582372691022702 0.6900494964082393 0.012015350186715032
