4LAC_variability_analysis/resulting_catalogs/selected_rows_3days.ecsv
# %ECSV 1.0
# ---
# datatype:
# - {name: Source_Name, datatype: string}
# - {name: RAJ2000, datatype: float32}
# - {name: DEJ2000, datatype: float32}
# - {name: Redshift, datatype: float64}
# - {name: SpectrumType, datatype: string}
# - {name: Pivot_Energy, datatype: float32}
# - {name: PL_Flux_Density, datatype: float32}
# - {name: PL_Index, datatype: float32}
# - {name: LP_Flux_Density, datatype: float32}
# - {name: LP_Index, datatype: float32}
# - {name: LP_beta, datatype: float32}
# - {name: CLASS, datatype: string}
# - {name: SED_class, datatype: string}
# - {name: Variability_Index, datatype: float32}
# - {name: Frac_Variability, datatype: float32}
# - {name: Unc_Frac_Variability, datatype: float32}
# - {name: Flux1000, datatype: float32}
# - {name: Unc_Flux1000, datatype: float32}
# - {name: Spectrum_Flux_Estimated, datatype: float64}
# - {name: Norm_Excess_Variance_Estimated, datatype: float64}
# - {name: Unc_Norm_Excess_Variance_Estimated, datatype: float64}
# - {name: Frac_Variability_Estimated, datatype: float64}
# - {name: Unc_Frac_Variability_Estimated, datatype: float64}
# schema: astropy-2.0
Source_Name RAJ2000 DEJ2000 Redshift SpectrumType Pivot_Energy PL_Flux_Density PL_Index LP_Flux_Density LP_Index LP_beta CLASS SED_class Variability_Index Frac_Variability Unc_Frac_Variability Flux1000 Unc_Flux1000 Spectrum_Flux_Estimated Norm_Excess_Variance_Estimated Unc_Norm_Excess_Variance_Estimated Frac_Variability_Estimated Unc_Frac_Variability_Estimated
[from data line 68]
J0253.2-5441 43.3062 -54.6936 0.539 LogParabola 465.50085 8.030619e-12 2.5106184 8.553065e-12 2.4085155 0.08328841 fsrq LSP 908.18494 1.3090705 0.2816055 7.914133e-10 4.2364643e-11 2.245033747511586e-08 "" "" "" ""
J0259.4+0746 44.8578 7.7833 0.893 LogParabola 1005.3778 2.0654166e-12 2.1870925 2.217844e-12 2.1124396 0.060774684 fsrq LSP 302.99847 0.7027552 0.15504344 1.8582405e-09 8.2881736e-11 2.2168190994306475e-08 "" "" "" ""
J0301.6-7155 45.4036 -71.9279 0.8232 PowerLaw 663.6582 1.4920577e-12 2.5877838 1.6223903e-12 2.547343 0.075712055 fsrq LSP 58.666775 0.54756826 0.14054555 3.2518643e-10 2.973995e-11 1.2593829024614597e-08 "" "" "" ""
J0303.4-2407 45.8625 -24.1225 0.266 LogParabola 973.00244 4.5013754e-12 1.9135509 4.6667223e-12 1.8494388 0.03293357 BLL HSP 485.31583 0.43165758 0.09397573 4.794102e-09 1.0541841e-10 3.3978640206656114e-08 0.5693802986236313 0.030804172134518866 0.7545729246558157 0.020411660111293823
J0303.6+4716 45.9098 47.2759 -999.0 LogParabola 1056.2775 2.701618e-12 2.1641953 2.9572356e-12 2.0535154 0.08717455 bll LSP 80.696526 0.24168715 0.059477497 2.8050753e-09 8.809249e-11 2.8004577355513197e-08 -0.02819306595191612 0.017909312016420115 0.0 0.1
J0303.6-6211 45.9245 -62.1899 1.351 LogParabola 738.2017 2.8878798e-12 2.3874466 3.1055907e-12 2.282578 0.09070661 fsrq LSP 255.52426 0.60476923 0.13469633 1.0594416e-09 4.9921504e-11 1.9333144042460502e-08 "" "" "" ""
J0304.5+6821 46.1411 68.3539 -inf LogParabola 1224.155 9.47903e-13 2.6277769 1.2112939e-12 2.7802458 0.2319457 bcu LSP 69.35214 0.38020918 0.096990384 1.1042722e-09 6.970776e-11 3.023884266747065e-08 "" "" "" ""
J0309.9-6058 47.4921 -60.9733 1.479 LogParabola 553.81274 1.4195559e-11 2.470691 1.568945e-11 2.3933318 0.10470447 fsrq LSP 883.1878 0.5903902 0.12725888 2.246967e-09 6.4599576e-11 5.8153848894684775e-08 0.22805310208584528 0.015750476198496937 0.4775490572557392 0.016490950991514753
J0319.8+4130 49.9575 41.5121 0.018 LogParabola 917.9805 4.2599143e-11 2.1136408 4.711342e-11 2.0492332 0.06853766 RDG LSP 5460.94 0.46942222 0.10024723 3.3759154e-08 2.816075e-10 3.5799229261615066e-07 0.31552548993658297 0.005651673323881722 0.5617165565804367 0.005030716344100152
J0324.8+3412 51.2058 34.2119 0.061 LogParabola 870.48804 2.0313991e-12 2.7638392 2.2492511e-12 2.8650799 0.10174216 nlsy1 HSP 182.96573 0.62084824 0.14013523 7.5823814e-10 5.5587483e-11 4.4485616402443567e-08 "" "" "" ""
J0325.7+2225 51.4421 22.4326 2.066 LogParabola 499.7625 1.3265504e-11 2.5837543 1.5948336e-11 2.4746213 0.17844744 fsrq LSP 202.44246 0.43305004 0.09786465 1.3877598e-09 6.935432e-11 4.635143233344935e-08 "" "" "" ""
J0334.2-3725 53.5556 -37.4327 -999.0 LogParabola 986.47327 2.9081544e-12 2.0282238 3.084917e-12 1.9146194 0.06710734 bll LSP 108.49668 0.2562658 0.06030105 2.8987688e-09 8.219591e-11 2.285465421852711e-08 -0.009055354069283686 0.01824208884729151 0.0 0.1
J0334.2-4008 53.5566 -40.145 1.357 LogParabola 612.32056 1.0644824e-11 2.1838288 1.1363777e-11 2.0840995 0.069894865 bll LSP 506.63467 0.44303918 0.09638465 3.198391e-09 8.172685e-11 4.1019741480548386e-08 0.21501032115195848 0.017938922601666688 0.46369205422560184 0.019343573432184364
J0339.5-0146 54.8771 -1.7769 0.85 LogParabola 499.057 3.5279134e-11 2.3233109 3.861681e-11 2.229761 0.08391201 fsrq LSP 2051.4175 0.632819 0.13565823 5.4129186e-09 1.1522154e-10 1.0196592360024096e-07 0.37464012730831137 0.014194504848014582 0.6120785303441965 0.011595329801906662
J0349.8-2103 57.4699 -21.0576 2.944 LogParabola 469.32266 9.71673e-12 2.504557 1.0921858e-11 2.3898895 0.12560077 fsrq LSP 428.02533 0.7677083 0.16766655 9.715538e-10 5.3334098e-11 2.7378486433287778e-08 "" "" "" ""
J0359.6+5057 59.9158 50.959 1.52 LogParabola 956.41455 4.1781184e-12 2.6383066 5.0682475e-12 2.6755984 0.14493574 fsrq LSP 948.9951 0.9482173 0.20440851 2.4509528e-09 1.0890476e-10 8.282825205156409e-08 "" "" "" ""
J0401.7+2112 60.4496 21.2007 0.834 LogParabola 801.74817 1.834349e-12 2.4000318 2.0666546e-12 2.3328302 0.09235133 fsrq LSP 161.28848 0.8083131 0.18391645 8.250178e-10 6.167373e-11 1.618947907202077e-08 "" "" "" ""
J0401.9-2034 60.4867 -20.5804 -inf LogParabola 761.69885 2.07507e-12 2.2485218 2.308176e-12 2.1259341 0.10757695 bcu LSP 330.3299 0.91815525 0.2015545 9.638026e-10 5.3680223e-11 1.2419718885658342e-08 "" "" "" ""
J0403.9-3605 60.975 -36.087 1.417 LogParabola 335.96643 1.1604972e-10 2.5280633 1.3029658e-10 2.38066 0.1411098 FSRQ LSP 6801.102 0.87428653 0.18665947 4.482272e-09 9.205015e-11 1.5288112309826996e-07 1.4556913227086494 0.016126316073910348 1.2065203366328516 0.0066829856009371375
J0405.6-1308 61.4189 -13.1438 0.571 PowerLaw 526.19714 4.806054e-12 2.574886 4.923029e-12 2.5641372 0.018246599 fsrq LSP 86.409615 0.4299109 0.1044925 5.840029e-10 4.356621e-11 2.195648990334722e-08 "" "" "" ""
J0407.0-3826 61.7627 -38.4394 1.285 LogParabola 542.9097 1.319394e-11 2.3653848 1.4432503e-11 2.2362447 0.10795747 fsrq LSP 769.2686 0.6166988 0.13317838 2.3562128e-09 7.340318e-11 4.4297414647488015e-08 0.13923279348496617 0.015159467456186104 0.3731391074183543 0.02031342621933981
J0407.5+0741 61.8921 7.6998 1.133 PowerLaw 1287.4426 6.0254e-13 2.3207746 6.5007656e-13 2.299176 0.051874127 bll LSP 37.07551 0.36800158 0.10895289 8.183798e-10 5.8572786e-11 1.716756650667717e-08 "" "" "" ""
J0422.1-0644 65.5343 -6.741 0.242 LogParabola 616.816 5.7843834e-12 2.4685466 6.4835737e-12 2.4107792 0.10929378 fsrq LSP 495.07022 0.8438564 0.1836558 1.2018992e-09 6.223844e-11 3.0748367200779915e-08 "" "" "" ""
J0423.3-0120 65.826 -1.3342 0.916 LogParabola 630.8774 1.2028125e-11 2.346682 1.3139715e-11 2.252544 0.0920096 FSRQ LSP 1299.826 0.83659196 0.17974605 3.137569e-09 9.299698e-11 5.7070592957926287e-08 0.06918118049738849 0.013163502888700551 0.2630231558197652 0.02502346770130146
J0427.3-3900 66.826 -39.0097 -inf PowerLaw 587.2741 4.498715e-12 2.804116 4.632285e-12 2.803894 0.0225912 bcu LSP 113.49692 0.41408563 0.09962977 5.6075705e-10 4.3819115e-11 3.570583788887286e-08 "" "" "" ""
J0428.6-3756 67.173 -37.9403 1.11 LogParabola 850.50793 3.144153e-11 2.101155 3.434293e-11 2.0049417 0.08085613 bll LSP 4816.0664 0.5001252 0.10689018 2.1362071e-08 2.1344987e-10 2.0950885298663818e-07 0.4861411866195065 0.00936517940994205 0.6972382567096462 0.0067159104651955655
J0433.0+0522 68.2618 5.3696 0.033 LogParabola 420.40195 1.5983463e-11 2.7625058 1.929523e-11 2.6261137 0.2126459 RDG LSP 308.79562 0.7466368 0.16479537 7.7689816e-10 6.3830885e-11 4.1698433770171175e-08 "" "" "" ""
J0433.6-6030 68.4012 -60.5111 0.9301 LogParabola 652.63696 3.9232628e-12 2.4375634 4.3651987e-12 2.3301733 0.1255348 fsrq LSP 220.73587 0.5264832 0.11803596 9.968744e-10 4.6570327e-11 2.087099908902861e-08 "" "" "" ""
J0433.6+2905 68.4107 29.0975 0.97 LogParabola 1935.1263 7.4796967e-13 2.1074803 8.0643944e-13 2.0399013 0.06446088 bll LSP 202.4129 0.53675073 0.12065252 2.8232345e-09 1.07610865e-10 2.414562255167107e-08 "" "" "" ""
J0442.6-0017 70.6612 -0.2961 0.449 LogParabola 425.12076 3.546034e-11 2.438765 3.788145e-11 2.3484306 0.07474857 fsrq LSP 1111.8416 0.6382951 0.13734981 3.0712912e-09 8.710753e-11 7.811315112897033e-08 0.7989114342730216 0.026763330301487434 0.8938184571114101 0.014971345740599043
J0449.1+1121 72.2823 11.3569 2.153 LogParabola 496.7129 1.8691493e-11 2.5009618 2.1793426e-11 2.3776317 0.1422684 fsrq LSP 247.02347 0.4483518 0.09973059 2.2275484e-09 9.061087e-11 6.001395313225032e-08 0.13957268760277847 0.019519369103804793 0.37359428207987666 0.026123752477067403
J0449.2+6329 72.3185 63.4945 0.781 LogParabola 1895.4246 3.3523298e-13 2.291863 3.7994732e-13 2.3009753 0.09326497 fsrq LSP 443.66812 1.267904 0.27571973 1.2134326e-09 6.640565e-11 1.5920153710237737e-08 "" "" "" ""
J0449.4-4350 72.3582 -43.835 -999.0 LogParabola 1598.5657 4.3543814e-12 1.8651378 4.620682e-12 1.7642647 0.056603145 bll HSP 562.9994 0.2949144 0.06405708 1.2452453e-08 1.6574302e-10 6.54730206002547e-08 0.154988733157796 0.01101534214983128 0.39368608453664705 0.013990006990970869
J0453.1-2806 73.2887 -28.1144 2.564 LogParabola 329.16635 4.017142e-11 2.631052 4.391865e-11 2.5021396 0.116012156 fsrq LSP 334.34198 0.41732803 0.09191582 1.2581669e-09 5.5196337e-11 5.3309843826620934e-08 0.10033143799088669 0.01699923389354198 0.3167513819873351 0.02683371700998872
J0455.7-4617 73.9463 -46.2871 0.858 PowerLaw 855.00916 2.0456913e-12 2.5424998 2.1302638e-12 2.535278 0.038797583 fsrq LSP 186.21115 0.50094324 0.11292899 8.901838e-10 4.595136e-11 3.1066811785130653e-08 "" "" "" ""
J0457.0-2324 74.2608 -23.4149 1.003 LogParabola 639.66003 5.836786e-11 2.1988046 6.4528126e-11 2.1159453 0.0841439 FSRQ LSP 4184.4746 0.44542956 0.0952493 1.8813418e-08 1.9994978e-10 2.5555644073843464e-07 0.35985017008660364 0.0064837762357701475 0.5998751287448111 0.005404271593437213
J0501.2-0158 75.3023 -1.9749 2.291 LogParabola 489.77325 3.741685e-11 2.35832 4.086936e-11 2.2552664 0.09294403 fsrq LSP 1832.3942 0.59450626 0.1275161 5.183655e-09 1.1187722e-10 1.0471448223996745e-07 0.4035394494667255 0.014335715418885397 0.6352475497526342 0.011283566087321182
J0505.3+0459 76.3431 4.9994 0.954 LogParabola 850.5252 1.0794545e-11 2.3732636 1.2184382e-11 2.3305128 0.10921467 fsrq LSP 3154.649 1.2163143 0.25989863 5.5524954e-09 1.2698362e-10 1.0363981448662065e-07 1.1887288836174674 0.029256431303921422 1.0902884405594089 0.01341683091169454
J0507.7-6104 76.9327 -61.0814 1.089 LogParabola 1009.6398 9.162107e-13 2.5001013 9.810127e-13 2.4903185 0.06796078 fsrq LSP 78.367836 0.530777 0.12693568 6.3948574e-10 4.0487502e-11 1.6954584793191445e-08 "" "" "" ""
J0509.4+0542 77.3593 5.7014 0.336 LogParabola 1047.3845 7.771492e-12 2.0942118 8.166982e-12 2.0116632 0.052890196 bll ISP 1232.4537 0.60248905 0.12942827 8.15631e-09 1.5272145e-10 7.877273367219259e-08 0.25898038486187225 0.016547111014755502 0.5089011543137549 0.016257686659277692
J0510.0+1800 77.5181 18.0135 0.416 LogParabola 1006.9671 4.205025e-12 2.2163708 4.5978217e-12 2.0997207 0.091994725 fsrq LSP 1997.0156 1.5439441 0.33032906 3.7776804e-09 1.1337141e-10 4.185789445560867e-08 "" "" "" ""
J0515.6-4556 78.9059 -45.9483 0.194 LogParabola 923.8788 2.8380718e-12 2.3822415 3.0661788e-12 2.3385868 0.08212052 fsrq LSP 1264.4159 1.3293246 0.28511232 1.7475644e-09 6.3507775e-11 3.340060553684819e-08 "" "" "" ""
J0516.7-6207 79.1798 -62.1248 1.3 LogParabola 880.07184 3.0761455e-12 2.1755414 3.2187408e-12 2.1101203 0.04745716 bll LSP 240.75616 0.42932096 0.09560028 2.0489022e-09 6.529615e-11 2.548765923824359e-08 -0.016419781946126106 0.019112178740485482 0.0 0.1
J0521.7+2112 80.4445 21.2131 -999.0 LogParabola 1540.5278 4.665122e-12 1.9403424 4.883091e-12 1.8562322 0.044689048 bll HSP 871.48944 0.44370332 0.09577365 1.1818654e-08 1.9001502e-10 7.749311237283956e-08 0.12257594363652549 0.011862369795918142 0.35010847409985024 0.01694099211168339
J0522.9-3628 80.737 -36.4686 0.056 LogParabola 419.9278 5.1991786e-11 2.447654 5.59422e-11 2.3649004 0.078527674 AGN LSP 735.7705 0.34303927 0.07420899 4.2498107e-09 9.166093e-11 1.1309133609792802e-07 0.3808147910906134 0.014345784451338817 0.6171019292553 0.011623512884371367
J0526.2-4830 81.5714 -48.5151 1.3 LogParabola 841.2263 6.0996538e-12 2.2788756 6.6012634e-12 2.2019026 0.08102206 fsrq LSP 1190.0673 0.7156373 0.15383986 3.3522376e-09 8.5961266e-11 4.9650503411838486e-08 0.1897027884629832 0.014820352100014944 0.43554883591049026 0.01701342177741542
J0530.9+1332 82.7364 13.5402 2.07 LogParabola 749.2762 5.45925e-12 2.5888276 7.139367e-12 2.5418994 0.24066699 FSRQ LSP 519.9032 1.0383972 0.22576018 1.7603922e-09 9.711827e-11 4.673789926524533e-08 "" "" "" ""
J0532.0-4827 83.0022 -48.4607 0.812 LogParabola 970.82666 4.0631873e-12 2.1946979 4.385136e-12 2.084648 0.08730738 BLL ISP 3410.7285 1.6092551 0.34378818 3.3754943e-09 8.958425e-11 3.7000654167924636e-08 "" "" "" ""
J0532.6+0732 83.172 7.5493 1.254 LogParabola 627.13135 2.0200478e-11 2.3615088 2.2131361e-11 2.2715657 0.08667615 FSRQ LSP 653.2348 0.48124903 0.10417598 5.1427818e-09 1.241043e-10 9.759463560408605e-08 0.23719230585305415 0.01739087964438705 0.4870239273927454 0.01785423535296112
J0533.3+4823 83.3338 48.3834 1.16 LogParabola 728.4507 8.630729e-12 2.3662593 9.529417e-12 2.2809527 0.0890221 fsrq LSP 279.10355 0.35495943 0.07900059 3.158163e-09 9.2554985e-11 5.778667586880445e-08 -0.03327575061648672 0.008290862910231156 0.0 0.1
J0536.4-3401 84.1044 -34.0168 0.684 LogParabola 272.64566 5.253001e-11 2.6050634 5.901303e-11 2.4145007 0.12334695 fsrq LSP 672.74365 0.71144587 0.15398966 1.1179571e-09 6.947184e-11 4.4011910787310807e-08 "" "" "" ""
J0538.8-4405 84.7089 -44.0862 0.892 LogParabola 642.80597 4.579279e-11 2.1216245 4.9158757e-11 2.0297084 0.06487229 BLL LSP 10041.657 0.8018237 0.17111444 1.6639412e-08 1.8073196e-10 1.8729941147124866e-07 0.4871773543467188 0.008377346834680758 0.6979809125948351 0.006001128887276356
J0539.9-2839 84.9952 -28.6585 3.104 LogParabola 455.0339 1.1055318e-11 2.7080326 1.241711e-11 2.6755579 0.11394826 fsrq LSP 157.44185 0.40932474 0.09374663 7.165837e-10 4.4459544e-11 3.742683118759704e-08 0.4670969883191247 0.023650372329616805 0.6834449416881544 0.01730232450853965
J0543.9-5531 85.9814 -55.5327 0.273 LogParabola 2087.8933 4.0580687e-13 1.7771654 4.354985e-13 1.6513587 0.062637955 bll HSP 145.12607 0.42442927 0.0976074 1.9756836e-09 6.785201e-11 7.549040446625666e-09 "" "" "" ""
J0555.6+3947 88.9015 39.7878 2.365 LogParabola 492.36935 9.514537e-12 2.718774 1.2673083e-11 2.5877788 0.27059853 fsrq LSP 207.9144 0.6920767 0.15484786 8.0544066e-10 6.3571974e-11 3.5403333924918275e-08 "" "" "" ""
J0601.1-7035 90.2958 -70.5895 2.409 LogParabola 696.9321 5.538388e-12 2.3795087 6.1213495e-12 2.2774699 0.10349167 fsrq LSP 790.82715 0.80240816 0.1734323 1.7911718e-09 6.3566485e-11 3.286490219776401e-08 "" "" "" ""
J0607.4+4739 91.8571 47.6635 -999.0 LogParabola 1181.8087 2.176117e-12 2.0530941 2.3471253e-12 1.9496961 0.069824524 bll LSP 109.009094 0.25974014 0.061597195 3.0910126e-09 8.859999e-11 2.479958092269111e-08 -0.023013604809245133 0.018882901789216963 0.0 0.1
J0608.0-0835 92.0101 -8.5857 0.87 LogParabola 771.84033 4.619178e-12 2.4040427 5.2716898e-12 2.323459 0.10967675 fsrq LSP 335.96204 0.7566275 0.16623053 1.8934025e-09 9.221439e-11 3.6382175429867885e-08 "" "" "" ""
J0608.1-1521 92.0302 -15.3639 1.094 LogParabola 489.29697 7.384943e-12 2.5453124 8.501254e-12 2.4248316 0.12859352 fsrq LSP 373.10196 1.1403486 0.24975881 8.059429e-10 6.0844434e-11 2.3956625299892985e-08 "" "" "" ""
J0611.6-2712 92.9115 -27.2152 -inf LogParabola 700.323 1.8598335e-12 2.3601713 2.0264179e-12 2.2410877 0.09811915 bcu "" 437.51813 1.3786103 0.3002089 6.2665206e-10 4.6334343e-11 1.0660600357102008e-08 "" "" "" ""
J0612.8+4122 93.2218 41.3717 -999.0 LogParabola 1253.2418 2.7320752e-12 1.9961724 3.0560717e-12 1.846384 0.1027355 bll ISP 92.30578 0.20574366 0.049380105 4.6895634e-09 1.108848e-10 2.8490826507324773e-08 -0.07906351788826677 0.009571946758612589 0.0 0.1
J0622.3-2605 95.5956 -26.0963 -999.0 LogParabola 1768.2115 5.9921783e-13 1.881172 6.240397e-13 1.8005332 0.040327787 bll HSP 139.32582 0.437988 0.10127738 2.0215363e-09 7.636758e-11 1.1670180640315371e-08 "" "" "" ""
J0629.3-1959 97.3478 -19.9999 1.724 LogParabola 931.6046 2.3191958e-12 2.2153473 2.56224e-12 2.1202097 0.087331854 bll LSP 500.7918 0.95006627 0.2065161 1.7486033e-09 7.957248e-11 2.092846166248162e-08 "" "" "" ""
J0630.9-2406 97.7414 -24.111 -999.0 LogParabola 1993.6285 1.0839526e-12 1.8148626 1.2228453e-12 1.6596212 0.09833891 bll HSP 118.580635 0.25038278 0.058701135 4.91889e-09 1.1559323e-10 1.8147667172953938e-08 -0.14741046317071693 0.0041281506351881405 0.0 0.1
J0634.9-2335 98.7305 -23.5949 1.535 PowerLaw 800.51514 1.1576584e-12 2.598346 1.2866066e-12 2.571291 0.08493401 fsrq LSP 24.19689 0.31398246 0.12124614 4.0621326e-10 4.291063e-11 1.6118545447745313e-08 "" "" "" ""
