4LAC_variability_analysis/resulting_catalogs/selected_rows_monthly.ecsv
# %ECSV 1.0
# ---
# datatype:
# - {name: Source_Name, datatype: string}
# - {name: RAJ2000, datatype: float32}
# - {name: DEJ2000, datatype: float32}
# - {name: Redshift, datatype: float64}
# - {name: SpectrumType, datatype: string}
# - {name: Pivot_Energy, datatype: float32}
# - {name: PL_Flux_Density, datatype: float32}
# - {name: PL_Index, datatype: float32}
# - {name: LP_Flux_Density, datatype: float32}
# - {name: LP_Index, datatype: float32}
# - {name: LP_beta, datatype: float32}
# - {name: CLASS, datatype: string}
# - {name: SED_class, datatype: string}
# - {name: Variability_Index, datatype: float32}
# - {name: Frac_Variability, datatype: float32}
# - {name: Unc_Frac_Variability, datatype: float32}
# - {name: Flux1000, datatype: float32}
# - {name: Unc_Flux1000, datatype: float32}
# - {name: Spectrum_Flux_Estimated, datatype: float64}
# - {name: Norm_Excess_Variance_Estimated, datatype: float64}
# - {name: Unc_Norm_Excess_Variance_Estimated, datatype: float64}
# - {name: Frac_Variability_Estimated, datatype: float64}
# - {name: Unc_Frac_Variability_Estimated, datatype: float64}
# schema: astropy-2.0
Source_Name RAJ2000 DEJ2000 Redshift SpectrumType Pivot_Energy PL_Flux_Density PL_Index LP_Flux_Density LP_Index LP_beta CLASS SED_class Variability_Index Frac_Variability Unc_Frac_Variability Flux1000 Unc_Flux1000 Spectrum_Flux_Estimated Norm_Excess_Variance_Estimated Unc_Norm_Excess_Variance_Estimated Frac_Variability_Estimated Unc_Frac_Variability_Estimated
[from data line 285]
J0904.0+2724 136.0089 27.4041 1.723738 LogParabola 472.08286 2.4445372e-12 2.7568364 3.051374e-12 2.6734216 0.22398326 fsrq ISP 36.696014 0.5605038 0.166811 1.6455856e-10 3.147187e-11 7.59244167293884e-09 0.15507724243332097 0.05094953329890288 0.3937984794705548 0.06468985528766179
J0904.5-3513 136.1404 -35.2308 -inf LogParabola 640.7739 2.585927e-12 2.5860164 3.069876e-12 2.4509268 0.15516135 bcu LSP 144.9856 0.9024509 0.20787899 5.708389e-10 6.060137e-11 1.5316852066347618e-08 0.39927145900436617 0.06585433329523872 0.6318793073082598 0.05210989862587157
J0904.9-5734 136.2315 -57.5833 -999.0 LogParabola 903.0512 1.3118115e-11 2.2051353 1.39669075e-11 2.1352992 0.057412032 bcu LSP 8488.266 1.4891634 0.31774202 9.087424e-09 1.456662e-10 1.1742507235914424e-07 3.1272615594916067 0.024687928694182317 1.7684065028979075 0.00698027536477782
J0909.1+0121 137.2967 1.3557 1.024 LogParabola 1044.3143 2.4645394e-12 2.4803402 2.7768972e-12 2.5563078 0.099657305 fsrq LSP 1034.359 0.99253565 0.2134183 1.8684683e-09 7.603757e-11 5.213475696950268e-08 1.291486536272286 0.048007862021281086 1.1364358918444482 0.021122116243338547
J0909.7-0230 137.4464 -2.5143 0.957 LogParabola 695.0211 6.026562e-12 2.2831314 6.6962347e-12 2.1928954 0.099008374 fsrq LSP 162.73167 0.3679204 0.08358409 2.132077e-09 7.596011e-11 3.2901401283311573e-08 0.4626518062832833 0.03303504622108829 0.6801851264790221 0.024283864006328825
J0910.6+2247 137.6743 22.7978 2.661 LogParabola 836.90607 9.87728e-13 2.3709855 1.1062784e-12 2.2901437 0.08798679 fsrq LSP 176.86232 1.1387112 0.257613 5.110778e-10 4.9576634e-11 9.067117882368459e-09 0.6077755947082365 0.10086489910972049 0.7795996374474763 0.064690191134495
J0912.2+4127 138.0559 41.4563 2.563 PowerLaw 834.58136 1.2527181e-12 2.4669163 1.2502619e-12 2.467757 -0.0014215028 fsrq LSP 373.3386 1.1869521 0.2594782 5.4623583e-10 3.7961332e-11 1.602414927079089e-08 0.7932192365363938 0.06501628093431279 0.8906285626097974 0.03650022223843598
J0920.9+4441 140.2291 44.699 2.186448 LogParabola 1177.239 3.676886e-12 2.3492343 4.1686576e-12 2.392425 0.12554927 fsrq LSP 2412.533 0.9901364 0.21209064 4.0806505e-09 9.548974e-11 7.158314508807067e-08 1.8846117470327441 0.05118424261015451 1.3728116211020156 0.018642121695133483
J0921.6+6216 140.4185 62.2708 1.446 LogParabola 589.0741 1.4748385e-11 2.2866495 1.6073308e-11 2.1803167 0.09019015 fsrq LSP 3346.0066 0.94950396 0.20298739 3.5416459e-09 7.541549e-11 5.6810123158707505e-08 1.4098282729993759 0.03194161115148372 1.1873618963902184 0.013450663714488243
J0922.6+0434 140.6669 4.5781 1.325 LogParabola 739.1564 1.6148025e-12 2.3875604 1.833621e-12 2.3197684 0.10290473 bcu LSP 163.04333 0.9180212 0.20837069 5.9726135e-10 4.780476e-11 1.167619136745935e-08 0.2570054490594536 0.05549923982218502 0.5069570485351335 0.054737615329100986
J0922.7-3959 140.6918 -39.9867 0.595 LogParabola 774.84656 1.949582e-12 2.600892 2.3223001e-12 2.5696511 0.1479749 fsrq LSP 235.46883 1.0209723 0.22683483 6.644148e-10 5.6338514e-11 2.03617946020205e-08 1.1933895894213022 0.060868509749239415 1.0924237224727877 0.027859386654227318
J0923.5+3852 140.885 38.8743 -inf LogParabola 566.7377 2.7459276e-12 2.73618 3.125834e-12 2.7265394 0.13000381 bcu LSP 111.961334 0.61001813 0.14373785 3.1927042e-10 3.2318176e-11 1.6647791962031435e-08 0.2521095864480736 0.05621366893435087 0.5021051547714618 0.055977984292888895
J0923.5+4125 140.8949 41.4283 1.732 LogParabola 671.01965 2.7477675e-12 2.3475277 2.9497752e-12 2.2397346 0.08544439 fsrq LSP 100.7721 0.4384344 0.10423884 8.384154e-10 4.746575e-11 1.4516436675017871e-08 0.23991227175885096 0.04056972041153779 0.4898084031117177 0.04141386729362058
J0924.0+2816 141.0049 28.2755 0.7442 PowerLaw 891.46436 6.3501775e-13 2.4139256 6.118469e-13 2.4204884 -0.02343397 fsrq LSP 112.95993 0.8928923 0.20901167 3.3995742e-10 3.3906527e-11 7.203217379120936e-09 0.29122018838114955 0.07946253509061675 0.5396482079847478 0.07362438521510167
J0928.1-2035 142.0478 -20.5973 0.348 LogParabola 713.174 1.0826945e-12 2.4957743 1.2557447e-12 2.3923137 0.13493185 fsrq LSP 99.673805 0.9945379 0.23533228 3.368044e-10 3.8854243e-11 6.786495218456311e-09 0.5633973492650062 0.07923374384458395 0.7505979944450999 0.05278041270491248
J0929.3+5014 142.3265 50.2352 -inf LogParabola 1239.0021 7.487389e-13 2.0980327 7.9239154e-13 2.032989 0.04984816 bll LSP 88.35761 0.4023539 0.09697122 1.1121102e-09 5.4508578e-11 1.0892925429160628e-08 0.16708040616108283 0.040258026916514554 0.40875470169905426 0.04924472642048597
J0930.3+8612 142.5994 86.2021 -inf LogParabola 1302.5369 5.9177847e-13 2.2051778 6.5341406e-13 2.09837 0.09548466 bll LSP 107.04973 0.4897823 0.11644879 9.469955e-10 4.9857396e-11 9.424832880891224e-09 0.2995351435466181 0.03648582912720251 0.5472980390487601 0.03333268760711922
J0932.6+5306 143.159 53.1008 0.59719 PowerLaw 746.1482 1.3714008e-12 2.4792886 1.4626382e-12 2.4436107 0.055611387 fsrq LSP 426.2805 1.157777 0.25252852 4.4823062e-10 3.2167654e-11 1.3528156254465414e-08 0.8681021045726067 0.08476664889680591 0.9317199711139644 0.04548933774353838
J0937.1+5008 144.2969 50.1437 0.276 PowerLaw 914.80554 4.8525664e-13 2.4808364 5.293556e-13 2.3960798 0.092637025 fsrq LSP 63.269386 0.660719 0.16916841 2.6255756e-10 2.800368e-11 6.377597868555663e-09 0.4701684824428427 0.11388272908509534 0.6856883274803813 0.08304263359970473
J0940.0-2828 145.0116 -28.4803 -inf LogParabola 863.92004 7.5151295e-13 2.3948894 9.418071e-13 2.3321838 0.19069938 bcu LSP 122.58443 0.9245441 0.21711242 4.1641213e-10 4.5476897e-11 6.477375404487599e-09 0.33558958060961946 0.08950243855592784 0.5793009413160136 0.07725038246321742
J0940.9-1335 145.2438 -13.5891 0.551 LogParabola 632.2649 2.6125096e-12 2.4323747 2.9726946e-12 2.335021 0.11409715 fsrq LSP 184.99373 0.83149284 0.18708113 6.322066e-10 4.809897e-11 1.3624444492083709e-08 0.3809265139330101 0.05852344367107324 0.6171924448119971 0.04741101755458142
J0942.3-0800 145.5856 -8.0076 -inf LogParabola 1020.18823 8.608308e-13 2.1581638 9.959891e-13 1.984301 0.14843243 bll LSP 156.16298 0.71103 0.16290641 8.670092e-10 5.67554e-11 6.773691989249637e-09 0.3245559963470481 0.06567415927797315 0.5696981624922518 0.05763943400367414
J0945.2+5200 146.3162 52.0053 0.56298 LogParabola 582.6602 2.2115268e-12 2.5159135 2.4380324e-12 2.405446 0.11278799 fsrq LSP 254.99763 1.0068399 0.22387572 3.889411e-10 3.3129756e-11 1.0102490068434372e-08 0.2702307550983575 0.050289916221989125 0.5198372390454127 0.048370828833210845
J0946.6+1016 146.6613 10.277 1.007 LogParabola 492.51218 1.32178235e-11 2.4118962 1.4366975e-11 2.3187385 0.08578849 fsrq LSP 358.6305 0.50239205 0.11074028 1.7245488e-09 6.910844e-11 3.9489532196709586e-08 0.48047311499697204 0.03082434645902585 0.6931616802716175 0.022234600769438985
J0948.9+0022 147.2443 0.3717 0.585 LogParabola 310.19977 8.733191e-11 2.6296384 1.0198312e-10 2.4734027 0.17121503 NLSY1 LSP 533.0934 0.40192565 0.08739117 2.1961875e-09 8.033237e-11 1.0242001075914486e-07 0.6572396770808583 0.023929338799638312 0.8107031991307659 0.01475838434170193
J0953.0-0840 148.2628 -8.6695 -999.0 LogParabola 1454.1986 1.0183685e-12 1.8742205 1.077763e-12 1.7754116 0.050816514 bll HSP 60.09873 0.22942598 0.060620185 2.4414515e-09 8.5729875e-11 1.3553782866764198e-08 0.10130544391050811 0.025226419591914954 0.3182851613105897 0.03962864540722095
J0956.7+2516 149.1761 25.2817 0.708 LogParabola 495.05225 6.072447e-12 2.517818 6.6569185e-12 2.4175527 0.09967654 fsrq LSP 124.051605 0.5337465 0.12393686 6.9354356e-10 4.610723e-11 1.975546584747913e-08 0.18489325526461248 0.036206972779069625 0.4299921572129107 0.042101899036662824
J0957.3-1348 149.3314 -13.8141 1.323 LogParabola 549.4806 3.7321994e-12 2.4751809 4.2787713e-12 2.3417563 0.13457191 fsrq LSP 129.53859 0.68162376 0.15811191 6.069243e-10 4.8108854e-11 1.4275701958675303e-08 0.5955669502880703 0.07831021308321442 0.7717298428129304 0.050736804992389715
J0958.0+4728 149.509 47.4675 1.882 LogParabola 472.7142 5.676384e-12 2.603368 6.7232205e-12 2.4228368 0.22664843 fsrq LSP 284.16177 0.8954397 0.19757047 4.887508e-10 3.7837358e-11 1.5768878175432704e-08 1.1847350485947352 0.07891856309427737 1.088455349839733 0.03625254959052641
J0958.7+6534 149.6897 65.5678 0.367 LogParabola 674.472 1.13964775e-11 2.1988745 1.2017318e-11 2.1254692 0.052165132 BLL LSP 2438.0686 0.79806596 0.1707795 4.139586e-09 8.245621e-11 5.6231799885492454e-08 1.2637201271934257 0.020071324991803145 1.124153071068805 0.00892730959348803
J1001.1+2911 150.2938 29.188 0.558 PowerLaw 995.75934 8.407636e-13 2.2774036 8.7761444e-13 2.2554977 0.032120895 bll LSP 228.9485 0.9752413 0.21644491 6.502167e-10 4.226307e-11 1.2349827921402929e-08 0.8174718032642939 0.06770290462524252 0.9041414730363241 0.037440437500273004
J1006.7-2159 151.6931 -21.991 0.33 LogParabola 505.00916 1.8693158e-11 2.3381388 1.987876e-11 2.2713463 0.05747646 fsrq LSP 1901.0173 0.9757529 0.2090509 2.873877e-09 8.400835e-11 5.7699674043858277e-08 1.3270541045937718 0.04034512682116809 1.1519783438041584 0.01751123492822663
J1007.6-3332 151.9117 -33.5432 1.837 LogParabola 653.2794 4.3471247e-12 2.4191957 5.307641e-12 2.2512805 0.21286413 fsrq LSP 352.5419 0.75963116 0.16680315 1.1786527e-09 6.212428e-11 2.045105738561548e-08 0.5824785011069435 0.0530036472352041 0.7632027916005966 0.03472448464453617
J1008.0+0620 152.0136 6.3475 0.65 LogParabola 1193.9559 7.6730175e-13 2.1436517 8.2810066e-13 2.0638049 0.06844274 bll LSP 97.67606 0.4919779 0.11842509 1.0353237e-09 6.0259873e-11 1.050262686465696e-08 0.18875723646780718 0.04787109370404943 0.43446200808333885 0.05509238185777888
J1012.7+2439 153.1989 24.6638 1.805 LogParabola 614.2542 8.194133e-12 2.3216932 9.275195e-12 2.1684585 0.14244829 fsrq LSP 748.5022 0.7259138 0.15704939 2.1035085e-09 7.390647e-11 3.2664993218575465e-08 0.5864854557728586 0.029800842086526856 0.7658233841904141 0.01945673291109454
J1013.7+3444 153.4487 34.7384 0.208 PowerLaw 856.56244 9.0884326e-13 2.4846926 9.625926e-13 2.4468412 0.05492264 fsrq LSP 90.98997 0.6250399 0.1508809 4.1637588e-10 3.524021e-11 1.2723720567202185e-08 0.2954088912244069 0.056580046849731315 0.5435153090984713 0.05205009491230395
J1015.0+4926 153.768 49.4336 0.212 LogParabola 1043.5931 6.111613e-12 1.8383731 6.437223e-12 1.7496107 0.044037696 bll HSP 338.85156 0.23550795 0.05183998 8.172973e-09 1.2306804e-10 4.628062048840482e-08 0.12105105529717561 0.00841330590220546 0.3479239217087201 0.012090726416404664
J1016.0+0512 154.0093 5.2089 1.71272 PowerLaw 1513.9517 5.160061e-13 2.2274227 5.2977105e-13 2.2188907 0.020906495 fsrq LSP 542.7835 1.7308117 0.37353447 1.0554501e-09 5.7918136e-11 1.7880143893432606e-08 1.2291805957188058 0.1006977181891931 1.1086841731164045 0.04541316663073736
J1018.3-3124 154.5913 -31.4032 0.794 LogParabola 598.76184 5.3678594e-12 2.5340884 6.1924996e-12 2.4611757 0.13689111 fsrq LSP 244.11548 0.6189907 0.1379395 9.678356e-10 5.4403378e-11 2.7802733995805118e-08 0.5809523292396932 0.058073511632033496 0.7622022889231528 0.03809586541263236
J1023.1+3949 155.7885 39.8226 1.3328 LogParabola 497.37994 9.325648e-12 2.4046767 1.0084961e-11 2.3005674 0.09020487 fsrq LSP 1901.3063 1.5702419 0.3361055 1.2596606e-09 5.2978157e-11 2.7767833765862796e-08 3.735808375287309 0.09984801001963203 1.9328239379952092 0.025829566795203755
J1023.9-3236 155.9964 -32.6034 1.568 LogParabola 696.8677 2.2069263e-12 2.495294 2.528032e-12 2.4183478 0.1234984 fsrq LSP 424.91092 1.3002299 0.28347552 6.308539e-10 4.843945e-11 1.5351803402136317e-08 0.8134129831860435 0.07915422063496373 0.9018941086325176 0.043882214041169446
J1026.9-1749 156.7424 -17.8218 0.267 LogParabola 1529.2324 5.0662236e-13 1.9441607 5.313232e-13 1.8690293 0.041876372 bll HSP 109.83172 0.5254243 0.12327786 1.2628819e-09 6.527818e-11 8.04568078524871e-09 0.23948658022984046 0.05300028331025038 0.4893736611525394 0.05415114003625342
J1027.2+7427 156.8121 74.4524 0.879 LogParabola 1637.2324 3.1288622e-13 2.408274 3.4854652e-13 2.4490445 0.09208728 bcu LSP 231.8197 0.8834449 0.19589837 7.7306705e-10 4.772145e-11 1.4693126511799263e-08 0.5147531644018637 0.07840688477723026 0.717463005598103 0.05464176143261035
J1031.1+7442 157.7925 74.7019 0.123 PowerLaw 3197.9888 4.845793e-14 2.1489913 4.3153395e-14 2.2069972 -0.06760425 bll ISP 30.521486 0.47440833 0.13795178 5.1042903e-10 4.3470404e-11 6.268188716599461e-09 0.30210202519985185 0.08743279493341613 0.5496380856525973 0.07953669625132079
J1031.6+6019 157.9091 60.3178 1.231173 PowerLaw 1117.5747 6.684224e-13 2.5683646 7.0003476e-13 2.564138 0.036847558 fsrq LSP 134.82387 0.6504064 0.15200582 5.66854e-10 4.149847e-11 2.0994629899940734e-08 0.22374259103809246 0.053887166876350055 0.473014366629696 0.05696144840198497
J1033.1+4115 158.2752 41.262 1.117 LogParabola 544.64746 5.678577e-12 2.387923 5.9520353e-12 2.3212283 0.053090982 fsrq LSP 150.24303 0.41543454 0.09586866 9.784833e-10 4.7760247e-11 2.1385025636525835e-08 0.2318999138362927 0.035742799428590835 0.48155987565025876 0.03711148004215125
J1033.9+6050 158.4849 60.8493 1.401 LogParabola 1208.0798 3.8902705e-12 2.2127736 4.3085023e-12 2.1634984 0.10152696 FSRQ LSP 953.4672 0.53521377 0.11538536 5.084807e-09 9.5750075e-11 5.863634565676131e-08 0.9105165843621417 0.0271172765210979 0.9542099267782439 0.01420928233929382
J1036.2+2202 159.0528 22.0401 0.595133 PowerLaw 567.96704 2.7407232e-12 2.5820997 2.9439472e-12 2.558436 0.061073806 fsrq LSP 140.41508 0.71534216 0.16567093 4.0194578e-10 3.671399e-11 1.5364466886724412e-08 0.8114520278200481 0.07367152182276364 0.9008063209258959 0.0408919876067478
J1037.4-2933 159.3564 -29.5568 0.312 PowerLaw 1382.8538 3.4760083e-13 2.331476 3.7288494e-13 2.3045478 0.063864775 fsrq LSP 61.594067 0.5731391 0.14951101 5.548276e-10 4.436217e-11 1.1927928444730079e-08 1.5420063442697534 0.11357056471907209 1.2417754806202905 0.04572910582126386
J1037.7-2822 159.4274 -28.3816 1.066 LogParabola 945.48267 2.3451588e-12 2.4230835 2.6296838e-12 2.4283073 0.092195846 fsrq LSP 396.48175 0.7626407 0.1664706 1.4802762e-09 6.734475e-11 3.333853602555958e-08 0.8389981888450035 0.0566274142528048 0.9159684431491095 0.03091122553202768
J1037.7+5711 159.4292 57.192 -999.0 LogParabola 2493.8125 5.908523e-13 1.8866761 6.752424e-13 1.7318777 0.12013904 bll ISP 179.93988 0.29643804 0.06738798 3.8722066e-09 9.5915255e-11 1.398654284751533e-08 0.1696398404606754 0.015313433363308534 0.4118735733944039 0.018589968320988418
J1038.8-5312 159.7129 -53.2069 1.45 LogParabola 714.13617 2.9404393e-12 2.6576917 3.847014e-12 2.4505105 0.3364851 fsrq LSP 764.56464 1.9796325 0.42656752 8.204092e-10 6.885318e-11 1.7562919166398743e-08 1.9556796541052934 0.10932324773165647 1.3984561681029883 0.03908711986302507
J1040.5+0617 160.1495 6.2848 -inf PowerLaw 2055.272 2.7844374e-13 2.3107364 2.93277e-13 2.2966561 0.052492447 bll LSP 133.06842 0.87015265 0.20138212 1.1201486e-09 7.532636e-11 2.2963523144005534e-08 0.4385446542076072 0.04295740163544763 0.6622270412838841 0.03243404373231613
J1044.6+8053 161.1638 80.8941 1.254 LogParabola 795.38635 1.7732945e-12 2.8465362 2.0345507e-12 2.9996774 0.13805878 fsrq LSP 66.095795 0.23743774 0.06132966 4.659442e-10 3.285007e-11 3.562644977569871e-08 0.6037693629146603 0.0536560264970094 0.7770259731274498 0.03452653344459607
J1045.8-2928 161.4684 -29.4795 2.128 PowerLaw 813.617 7.81628e-13 2.5451725 8.8010117e-13 2.514807 0.09439289 fsrq LSP 176.53947 1.3645213 0.30882025 2.9913053e-10 3.6577012e-11 1.0503777381503819e-08 1.3750030795617183 0.15157605916345884 1.172605253084651 0.06463217641432334
