4LAC_variability_analysis/resulting_catalogs/selected_sources_monthly.ecsv
# %ECSV 1.0
# ---
# datatype:
# - {name: Source_Name, datatype: string}
# - {name: SpectrumType, datatype: string}
# - {name: CLASS, datatype: string}
# - {name: SED_class, datatype: string}
# - {name: Variability_Index, datatype: float32}
# - {name: Frac_Variability, datatype: float32}
# - {name: Unc_Frac_Variability, datatype: float32}
# - {name: Spectrum_Flux_Estimated, datatype: float64}
# - {name: Bright_Ratio_x, datatype: float64}
# - {name: Norm_Excess_Var(3_days), datatype: float64}
# - {name: Unc_Norm_Excess_Var(3_days), datatype: float64}
# - {name: Frac_Variability(3_days), datatype: float64}
# - {name: Unc_Frac_Variability(3_days), datatype: float64}
# - {name: Bright_Ratio_y, datatype: float64}
# - {name: Norm_Excess_Var(weekly), datatype: float64}
# - {name: Unc_Norm_Excess_Var(weekly), datatype: float64}
# - {name: Frac_Variability(weekly), datatype: float64}
# - {name: Unc_Frac_Variability(weekly), datatype: float64}
# - {name: Bright_Ratio, datatype: float64}
# - {name: Norm_Excess_Var(monthly), datatype: float64}
# - {name: Unc_Norm_Excess_Var(monthly), datatype: float64}
# - {name: Frac_Variability(monthly), datatype: float64}
# - {name: Unc_Frac_Variability(monthly), datatype: float64}
# schema: astropy-2.0
Source_Name SpectrumType CLASS SED_class Variability_Index Frac_Variability Unc_Frac_Variability Spectrum_Flux_Estimated Bright_Ratio_x Norm_Excess_Var(3_days) Unc_Norm_Excess_Var(3_days) Frac_Variability(3_days) Unc_Frac_Variability(3_days) Bright_Ratio_y Norm_Excess_Var(weekly) Unc_Norm_Excess_Var(weekly) Frac_Variability(weekly) Unc_Frac_Variability(weekly) Bright_Ratio Norm_Excess_Var(monthly) Unc_Norm_Excess_Var(monthly) Frac_Variability(monthly) Unc_Frac_Variability(monthly)
[from data line 348]
J2000.9-1748 LogParabola fsrq LSP 560.7281 1.1026232 0.23799455 2.7728592468608655e-08 "" "" "" "" "" 0.9633251833740831 0.612439692336413 0.11742387443261933 0.7825852620235146 0.07502305507836861 0.2064516129032258 1.1703164775300392 0.073152104118735 1.081811664537797 0.0338099997054428
J2001.2+4353 LogParabola bll HSP 1363.4725 1.1811723 0.2534595 1.9416991765264947e-08 "" "" "" "" "" "" "" "" "" "" 0.4609375 1.9724203637622972 0.1059545458115267 1.404428838981277 0.037721578648435616
J2005.5+7752 LogParabola bll LSP 510.61716 0.5462503 0.1189751 2.9996712367524666e-08 "" "" "" "" "" 0.6306122448979592 0.6580628910118653 0.07421330603255381 0.8112107562229839 0.04574230892727106 0.08670520231213873 0.8228815400207542 0.048282251361782824 0.9071281827948872 0.026612695028956034
J2005.9-2309 LogParabola fsrq LSP 287.64426 0.8803009 0.19489703 2.2728277607643783e-08 "" "" "" "" "" "" "" "" "" "" 0.5982905982905983 0.6737936710760707 0.12829293290626517 0.8208493595514774 0.07814645367839847
J2007.9-4432 LogParabola nlsy1 LSP 690.91034 1.1705118 0.25230798 2.76023426305048e-08 "" "" "" "" "" "" "" "" "" "" 0.9081632653061225 2.188829789703813 0.2399594852374564 1.4794694284451482 0.08109646628171369
J2009.4-4849 LogParabola BLL HSP 160.51767 0.37974763 0.08601614 1.5566365634021577e-08 "" "" "" "" "" 0.5391969407265774 -0.4204972497431972 0.07262306292547901 0.0 0.1 0.016216216216216217 0.15656979115400416 0.025030506996006494 0.39568900812886393 0.03162901480934594
J2012.0+4629 LogParabola bll ISP 561.0523 0.5997166 0.13030848 2.700468640403008e-08 "" "" "" "" "" 0.5531914893617021 0.44560882590885303 0.05699655708175642 0.6675393815415335 0.0426915315094486 0.16049382716049382 0.6314846153307523 0.04262107887925535 0.7946600627505779 0.026817176851526854
J2015.5+3710 LogParabola FSRQ LSP 171.03093 0.41316643 0.094407104 1.1508828286323063e-07 "" "" "" "" "" 0.5075187969924813 1.0878048906317854 0.05798545867905418 1.0429788543550562 0.027798003016518715 0.08092485549132948 0.9488467735552033 0.03698841503512672 0.9740876621512067 0.018986183930017296
J2022.5+7612 LogParabola bll LSP 123.385056 0.42866638 0.10020196 1.776947125154994e-08 "" "" "" "" "" "" "" "" "" "" 0.18238993710691823 0.3326100719240651 0.05660939275345756 0.5767235662985042 0.0490784459500978
J2025.3+3341 LogParabola bll LSP 132.53114 0.6118398 0.14161 5.407160338992571e-08 "" "" "" "" "" "" "" "" "" "" 0.8333333333333334 0.791294102235312 0.20561186223846104 0.8895471332286514 0.11557108924188396
J2025.6-0735 LogParabola fsrq LSP 3653.9766 0.7013914 0.14995778 1.463511575046193e-07 0.6672597864768683 2.566523230149171 0.05126969133600823 1.6020372124732842 0.016001404629314504 0.3673469387755102 2.387336578229143 0.04257262446855158 1.5451008310881018 0.013776649268439908 0.11976047904191617 1.737179558010871 0.03147816418855672 1.318021076466864 0.01194144947702136
J2034.6+1154 LogParabola fsrq LSP 229.93904 1.0000895 0.22249903 2.0645867057284943e-08 "" "" "" "" "" "" "" "" "" "" 0.87 2.444692887533768 0.31119524774918533 1.5635513702893704 0.09951551757829089
J2035.4+1056 LogParabola fsrq LSP 3105.0142 1.3221852 0.2825995 7.825227497610405e-08 "" "" "" "" "" "" "" "" "" "" 0.41353383458646614 4.462955284133525 0.11081630640802702 2.112570776124086 0.026227832851910562
J2049.9+1002 LogParabola bll LSP 59.07644 0.35726246 0.09276069 2.093538074468378e-08 "" "" "" "" "" "" "" "" "" "" 0.34285714285714286 0.3803674353587716 0.07116109627705455 0.6167393577182922 0.05769138566113594
J2052.2-5533 LogParabola bcu "" 931.71045 1.1344237 0.2442045 2.3215126037618318e-08 "" "" "" "" "" "" "" "" "" "" 0.7570093457943925 2.489892085788071 0.12891182052520994 1.5779391895089212 0.04084815859264173
J2056.2-4714 LogParabola fsrq LSP 2659.6853 0.5755847 0.1232019 1.4490174271529002e-07 0.4848966613672496 1.168052919104142 0.03430727132779167 1.080764969410159 0.015871753942263363 0.25194401244167963 1.0566710578026295 0.030765412063329105 1.027945065556827 0.014964521497393352 0.08045977011494253 0.8800516206916519 0.02134420904579998 0.9381106654823044 0.011376167989107358
J2115.4+2932 LogParabola fsrq LSP 900.98346 0.6645908 0.14334932 6.270046425637618e-08 "" "" "" "" "" 0.8044943820224719 1.157651464308075 0.085536208824942 1.0759421286984143 0.039749446807337406 0.175 1.1085965347000255 0.06042536157768374 1.0528991094592233 0.028694753863320602
J2116.2+3339 LogParabola bll ISP 157.5034 0.35168135 0.080436185 1.534373808395676e-08 "" "" "" "" "" 0.6729166666666667 -0.5430369659741227 0.0877021068587864 0.0 0.1 0.09941520467836257 0.24705269953296993 0.04185054541906058 0.4970439613685795 0.042099440564399696
J2126.3-4605 LogParabola FSRQ LSP 602.94507 1.265639 0.2739464 2.402880243474581e-08 "" "" "" "" "" "" "" "" "" "" 0.5666666666666667 1.4268317091503522 0.14443020244053187 1.1945006107785596 0.06045631167421263
J2134.2-0154 LogParabola bll LSP 115.04185 0.5300528 0.12328252 1.660230093355142e-08 "" "" "" "" "" "" "" "" "" "" 0.5537190082644629 0.7565795337399791 0.14821507580558668 0.8698158044896512 0.08519911631897124
J2135.3-5006 LogParabola fsrq LSP 102.499596 0.44129235 0.10559525 1.8203916736172364e-08 "" "" "" "" "" "" "" "" "" "" 0.46875 0.27773609846057085 0.08467336851379556 0.5270067347392924 0.08033423762191869
J2139.4-4235 LogParabola bll ISP 850.6859 0.4973295 0.10732325 4.8352355885846617e-08 0.5064724919093851 0.12319321953350904 0.03558228451714846 0.35098891653941017 0.050688615566516285 0.2252663622526636 0.39327695958827136 0.030388600733644425 0.6271179790025728 0.02422877492842519 0.0053475935828877 0.3537675483408822 0.01693584962601117 0.594783614721255 0.01423698401136029
J2141.7-6410 LogParabola bcu LSP 2109.9617 1.09208 0.23384175 4.0787664669863724e-08 "" "" "" "" "" "" "" "" "" "" 0.5932203389830508 2.6814613710605064 0.10775409832361355 1.6375168307716736 0.03290167658088584
J2143.5+1743 LogParabola fsrq LSP 1208.7343 0.45293558 0.097647555 1.2172948583642114e-07 0.7255985267034991 0.4733588711672569 0.04069914612332616 0.6880108074494592 0.029577403205483726 0.44086021505376344 0.7498157359296254 0.03089905330608465 0.8659190123386975 0.017841768609879374 0.2789115646258503 0.671749289848507 0.028218477089839204 0.8196031294770092 0.017214720195032375
J2145.0-3356 LogParabola fsrq LSP 346.17874 0.7274973 0.15958646 2.0303434651338696e-08 "" "" "" "" "" "" "" "" "" "" 0.7407407407407407 2.0964182082557303 0.20040047311037984 1.447901311642382 0.06920377497381426
J2147.1+0931 LogParabola FSRQ LSP 670.74304 0.7601166 0.16457844 4.696479468800814e-08 "" "" "" "" "" "" "" "" "" "" 0.3333333333333333 1.1644636398360557 0.08636908852874368 1.079103164593662 0.040018920971873026
J2147.3-7536 LogParabola FSRQ LSP 3458.676 0.9232656 0.19747509 8.930060480545318e-08 "" "" "" "" "" 0.9184652278177458 2.836639732225214 0.06688313265606555 1.684232683516507 0.01985566878930896 0.38235294117647056 2.443050931829772 0.05411152281948406 1.5630262095786405 0.01730985778993156
J2151.8-3027 LogParabola fsrq LSP 1235.7162 0.89194965 0.19167346 7.282260879765566e-08 "" "" "" "" "" "" "" "" "" "" 0.3333333333333333 1.851021873568163 0.0850341005412396 1.360522647208845 0.031250527404189016
J2157.5+3127 LogParabola fsrq LSP 1848.62 1.2112029 0.25942317 3.646450201607297e-08 "" "" "" "" "" "" "" "" "" "" 0.4461538461538462 2.4120036171269597 0.08337213005555533 1.5530626571799864 0.026841199764258205
J2158.8-3013 LogParabola bll HSP 745.36664 0.25221577 0.054557394 1.1603640015815858e-07 0.09016870273414776 0.27360925661448454 0.01197072790986408 0.5230767215375624 0.011442611969690243 0.028132992327365727 0.2570284235452616 0.01124665045464972 0.5069797072322142 0.011091815208984652 0.0 0.2041917794537992 0.0072601151306031265 0.45187584517630414 0.008033307387530877
J2201.5-8339 LogParabola fsrq LSP 418.89417 0.6786298 0.14843492 3.858052778842803e-08 "" "" "" "" "" "" "" "" "" "" 0.41353383458646614 1.155887892797613 0.08358296955481828 1.0751222687664939 0.0388713786250165
J2202.7+4216 LogParabola BLL LSP 4421.8706 0.43420082 0.09280248 3.333168586616739e-07 0.059625212947189095 1.3370343709785608 0.011186605949744733 1.156302024117644 0.0048372335758389146 0.013924050632911392 1.197230309072719 0.010269349552782544 1.094180199543347 0.004692714032418256 0.0053475935828877 0.9455204045415442 0.019357436474846244 0.9723787351343838 0.009953650658645383
J2203.4+1725 LogParabola fsrq LSP 1286.9769 1.0170888 0.21838379 4.03459864813274e-08 "" "" "" "" "" "" "" "" "" "" 0.6068376068376068 1.5905142851953862 0.08788173555357973 1.2611559321493064 0.03484174054663033
J2207.5-5346 PowerLaw fsrq LSP 94.27744 0.45985746 0.10921589 1.7912743171408847e-08 "" "" "" "" "" "" "" "" "" "" 0.323943661971831 0.49889195696131 0.0791110233754041 0.7063228418799083 0.056002028169474694
J2211.2-1325 PowerLaw fsrq LSP 52.5515 0.481987 0.13123317 1.560048559456387e-08 "" "" "" "" "" "" "" "" "" "" 0.8431372549019608 0.6834728332688106 0.16343573467960382 0.8267241579080719 0.0988453845918563
J2229.7-0832 LogParabola FSRQ LSP 1000.52563 0.59595615 0.12845342 8.774570339726472e-08 0.9675392670157068 0.43424421240407546 0.06143130031390365 0.6589720877276029 0.04661145855641863 0.5227272727272727 0.7390982201490481 0.05553576243933642 0.8597082180304246 0.03229919249031247 0.1393939393939394 0.7905274655863744 0.03742466182804329 0.8891161147939983 0.021045992309291522
J2232.6+1143 LogParabola FSRQ LSP 84340.76 1.4631274 0.31196892 6.99119446744094e-07 0.14862385321100918 3.806749547921237 0.053488136357240396 1.951089323409166 0.013707249513256475 0.05504587155963303 4.039478565603404 0.019106341800763805 2.0098454083842876 0.004753186917028452 0.0 3.5657430041352467 0.012996748463139066 1.8883175061771913 0.003441356768822835
J2234.1-2656 LogParabola bll LSP 214.08388 0.67287993 0.1512826 1.0496828347407474e-08 "" "" "" "" "" "" "" "" "" "" 0.5798319327731093 0.5846542067785916 0.12202024248599623 0.7646268415237537 0.07979071349550941
J2236.3+2828 LogParabola fsrq LSP 877.71924 0.43792218 0.09454231 7.744537437369006e-08 0.5723905723905723 0.6604455494191984 0.038528567638330354 0.8126780109115778 0.0237046943075973 0.2770700636942675 0.7873033811825921 0.03185761192854619 0.8873011783958095 0.017951972061021577 0.062146892655367235 0.6818484728760406 0.025458727371422924 0.8257411657874643 0.015415682556618283
J2236.5-1433 LogParabola BLL LSP 1812.4861 0.7768129 0.16642071 6.602012202725975e-08 0.7338262476894639 2.3255377615740804 0.07822494878598929 1.524971396969163 0.02564800524831454 0.33777038269550747 2.2202758648386385 0.0649675399307944 1.4900590138778527 0.021800324458867402 0.062146892655367235 1.6043757241609502 0.03824995955755738 1.2666395399485009 0.015098991603843563
J2243.9+2021 LogParabola bll HSP 129.26231 0.27767465 0.064156346 2.0478083459035123e-08 0.7444029850746269 -0.7473784407116267 0.07066863774934884 0.0 0.1 0.260596546310832 0.16713173615568302 0.03789212151386863 0.40881748513937494 0.04634356759588006 0.027624309392265192 0.22545253118627326 0.02271851943086346 0.47481841917334383 0.02392337629868727
J2244.2+4057 LogParabola fsrq LSP 4666.583 1.2456656 0.26608893 5.8249312525766295e-08 "" "" "" "" "" "" "" "" "" "" 0.5409836065573771 3.062056203805741 0.06610931690454766 1.7498731964933176 0.01888974499324532
J2248.7-3235 PowerLaw fsrq LSP 101.84926 0.6456214 0.1529195 1.6438109123307867e-08 "" "" "" "" "" "" "" "" "" "" 0.7843137254901961 0.9979644339818762 0.14098592290650105 0.998981698521988 0.0705648177114217
J2250.7-2806 LogParabola bll LSP 742.793 0.9544878 0.20583293 2.401937127017074e-08 "" "" "" "" "" "" "" "" "" "" 0.6347826086956522 1.9418352287949534 0.14772646558962638 1.393497480727882 0.05300564501647417
J2253.9+1609 LogParabola FSRQ LSP 77426.66 0.96451724 0.20566168 1.6250900446069262e-06 0.068 4.20827618437689 0.015420114363797597 2.0514083416952587 0.0037584214830321404 0.042801556420233464 3.836434168907672 0.011707052734552331 1.9586817426288712 0.0029885030527827235 0.010752688172043012 2.822906325653936 0.007064736091378102 1.6801506854011445 0.002102411454152209
J2258.1-2759 LogParabola fsrq LSP 1454.335 0.84668106 0.1816638 6.40036466120264e-08 "" "" "" "" "" 0.5889328063241107 2.1622185931943223 0.07251554073977806 1.470448432687907 0.02465762794796661 0.23684210526315788 1.839958286600208 0.052163762634117004 1.3564506207747513 0.019228035962091678
J2301.0-0158 LogParabola fsrq LSP 601.0875 0.9494157 0.20575298 2.4227844971111062e-08 "" "" "" "" "" "" "" "" "" "" 0.4573643410852713 1.693552569276076 0.12625117654765955 1.301365655485066 0.04850718782055193
J2311.0+3425 LogParabola FSRQ LSP 2396.9778 0.89476496 0.19153967 6.955055231365772e-08 "" "" "" "" "" 0.5736738703339882 2.061492468955932 0.0651602400141031 1.4357898415004655 0.022691426743209057 0.10588235294117647 1.6895426740247252 0.051358469234252406 1.299824093492933 0.019755930626058835
J2321.9+3204 LogParabola fsrq LSP 1199.3973 0.9342143 0.20085001 3.490938176946417e-08 "" "" "" "" "" "" "" "" "" "" 0.48031496062992124 2.718936978794613 0.14496676406046766 1.6489199431126464 0.043958096530391774
J2323.5-0317 LogParabola fsrq LSP 874.44104 0.6045611 0.13038619 5.801155707048866e-08 "" "" "" "" "" 0.5074906367041199 1.4461792575646728 0.07118733636622715 1.2025719344657404 0.029597953488683878 0.056179775280898875 1.0460336608337328 0.0410676181856213 1.0227578700913198 0.02007690157493213
J2325.4-4800 PowerLaw bll ISP 133.19888 0.5536882 0.12714717 1.5156065814588678e-08 "" "" "" "" "" "" "" "" "" "" 0.22875816993464052 0.4015640484212907 0.06101548945245543 0.6336908145312592 0.04814294925324787
J2325.4-3559 LogParabola fsrq LSP 186.2541 0.42513633 0.096380375 2.2149571317797807e-08 "" "" "" "" "" 0.9073634204275535 -0.2776946792634117 0.10230544140257575 0.0 0.1 0.25333333333333335 0.2816991914043584 0.06787415478042486 0.5307534186459456 0.06394132604325463
J2327.5+0939 LogParabola fsrq LSP 434.73053 0.7418971 0.16231701 4.5613027976802476e-08 "" "" "" "" "" "" "" "" "" "" 0.5932203389830508 0.9601419046381099 0.1243895758324225 0.9798683098448026 0.0634725986046656
J2328.3-4036 LogParabola fsrq LSP 347.1513 0.6122974 0.13438825 3.410642742585484e-08 "" "" "" "" "" "" "" "" "" "" 0.46875 1.4383649061379584 0.11706602436876976 1.1993185173830838 0.04880522674835711
J2329.3-4955 LogParabola FSRQ LSP 16384.979 1.1942681 0.25476465 1.6372106279411433e-07 0.7961538461538461 2.648097849400185 0.042912475595232924 1.6272977138188898 0.013185195072426948 0.48066298342541436 2.533819304274657 0.03948606424300596 1.5917975073088464 0.01240297966974537 0.1987179487179487 2.379554346277162 0.025538288631893995 1.5425804180907918 0.008277781933567525
J2331.0-2147 LogParabola fsrq LSP 289.81918 0.80587757 0.1775244 2.0398081448726366e-08 "" "" "" "" "" "" "" "" "" "" 0.3582089552238806 0.7007847663456584 0.10105787981566691 0.8371288827568061 0.060359809521125546
J2345.2-1555 LogParabola FSRQ LSP 3702.563 0.89033765 0.19032075 8.977744559241804e-08 "" "" "" "" "" 0.6563786008230452 2.4429466398706317 0.06119805476975892 1.5629928470311794 0.01957720244401672 0.2689655172413793 2.171190688258658 0.0452253973879103 1.4734960767707044 0.015346290397673037
J2347.0+5141 LogParabola bll HSP 58.688427 0.20183285 0.052628208 1.4497744907334109e-08 "" "" "" "" "" 0.5924453280318092 -0.5316404565385083 0.08020333772571595 0.0 0.1 0.06818181818181818 0.141772047721392 0.028441809747968578 0.3765262908767355 0.03776869031076459
J2348.0-1630 LogParabola fsrq LSP 1646.2932 0.8283717 0.1777093 6.571699116478933e-08 0.7679245283018868 0.9325780024047592 0.0605073234641974 0.9657007830610677 0.03132819426344564 0.42226148409893993 1.31111953119084 0.05083203165964018 1.1450412792519054 0.022196593511829763 0.12574850299401197 0.9830786448331001 0.03266951342361269 0.9915032248223402 0.016474738864044786
