4LAC_variability_analysis/resulting_catalogs/selected_rows_monthly.ecsv
# %ECSV 1.0
# ---
# datatype:
# - {name: Source_Name, datatype: string}
# - {name: RAJ2000, datatype: float32}
# - {name: DEJ2000, datatype: float32}
# - {name: Redshift, datatype: float64}
# - {name: SpectrumType, datatype: string}
# - {name: Pivot_Energy, datatype: float32}
# - {name: PL_Flux_Density, datatype: float32}
# - {name: PL_Index, datatype: float32}
# - {name: LP_Flux_Density, datatype: float32}
# - {name: LP_Index, datatype: float32}
# - {name: LP_beta, datatype: float32}
# - {name: CLASS, datatype: string}
# - {name: SED_class, datatype: string}
# - {name: Variability_Index, datatype: float32}
# - {name: Frac_Variability, datatype: float32}
# - {name: Unc_Frac_Variability, datatype: float32}
# - {name: Flux1000, datatype: float32}
# - {name: Unc_Flux1000, datatype: float32}
# - {name: Spectrum_Flux_Estimated, datatype: float64}
# - {name: Norm_Excess_Variance_Estimated, datatype: float64}
# - {name: Unc_Norm_Excess_Variance_Estimated, datatype: float64}
# - {name: Frac_Variability_Estimated, datatype: float64}
# - {name: Unc_Frac_Variability_Estimated, datatype: float64}
# schema: astropy-2.0
Source_Name RAJ2000 DEJ2000 Redshift SpectrumType Pivot_Energy PL_Flux_Density PL_Index LP_Flux_Density LP_Index LP_beta CLASS SED_class Variability_Index Frac_Variability Unc_Frac_Variability Flux1000 Unc_Flux1000 Spectrum_Flux_Estimated Norm_Excess_Variance_Estimated Unc_Norm_Excess_Variance_Estimated Frac_Variability_Estimated Unc_Frac_Variability_Estimated
[from data line 283]
J1312.8-0425 198.217 -4.4196 0.8249 LogParabola 871.3989 2.9221439e-12 2.3649096 3.4733102e-12 2.267123 0.18303515 fsrq LSP 544.1315 0.82578754 0.17955302 1.6546534e-09 7.171002e-11 2.4317818624373606e-08 0.3813560872052701 0.025672648934865802 0.6175403526938706 0.020786211640158474
J1315.1-5333 198.7978 -53.5649 -inf LogParabola 1317.4684 1.1725869e-12 2.4118388 1.3629627e-12 2.3598938 0.14638534 bll LSP 277.10663 0.84847236 0.18729804 1.7693794e-09 8.8540786e-11 2.578537160309946e-08 0.35358665765749653 0.02242021958418811 0.5946315309983962 0.018852195364198222
J1316.1-3338 199.0252 -33.6365 1.21 LogParabola 842.20624 4.13175e-12 2.3241017 4.3934322e-12 2.2587929 0.061241537 fsrq LSP 677.63403 0.88829917 0.19193487 2.1796933e-09 8.0882516e-11 3.717341681624876e-08 1.0585985668299849 0.04073240891820946 1.0288821928821514 0.01979449600741363
J1321.1+2216 200.2958 22.2808 0.943 LogParabola 680.3629 6.2329955e-12 2.3481383 6.633851e-12 2.2720602 0.069264926 fsrq LSP 366.49 0.57659274 0.1259572 1.930576e-09 6.9873676e-11 3.576802436646402e-08 0.6647407967641693 0.03287295910786983 0.8153163783244939 0.02015963372122182
J1322.6-0936 200.6637 -9.6075 1.864 LogParabola 438.41354 8.040046e-12 2.60988 9.151308e-12 2.4359677 0.16331188 fsrq LSP 429.5244 1.0314845 0.22553174 5.886084e-10 4.750893e-11 1.9698650743550453e-08 0.21894739743846575 0.030918524223632303 0.46791815249941493 0.03303838936198458
J1326.8-5256 201.7201 -52.9376 -inf LogParabola 1061.5354 2.5848462e-12 2.3088355 2.9124086e-12 2.1854491 0.124745965 bll LSP 396.2782 0.68654746 0.15011697 2.4774587e-09 9.414486e-11 3.017496312994655e-08 0.3436127074729337 0.02118788598963998 0.5861848748244309 0.018072699330553346
J1326.9+2210 201.7295 22.1732 1.398 LogParabola 610.2144 5.8178675e-12 2.487208 6.5000275e-12 2.3642218 0.13888626 fsrq LSP 209.83745 0.5205173 0.116994835 1.1804163e-09 5.7460252e-11 2.741967697648343e-08 0.21486213944048788 0.03049737148666628 0.46353224207220783 0.03289671000050465
J1329.0-5607 202.2672 -56.1186 -inf LogParabola 857.17596 7.292019e-12 2.4513836 8.289152e-12 2.3459337 0.13044897 bll LSP 1066.732 0.8003936 0.17227289 3.7348746e-09 1.11378406e-10 6.966406520076799e-08 0.49577613036056134 0.023193547849976123 0.7041137197644719 0.01647002976858229
J1330.2-7003 202.5616 -70.0586 -inf LogParabola 911.68506 2.7612962e-12 2.4305842 3.3120342e-12 2.3026364 0.18151134 bcu LSP 1092.9772 1.3560349 0.2914557 1.7284296e-09 7.6915176e-11 2.6418085267709864e-08 0.5263428592039118 0.033012282918180175 0.7254949063941881 0.022751560780940473
J1332.0-0509 203.0196 -5.1611 2.15 LogParabola 489.92587 2.1331251e-11 2.5140712 2.5391004e-11 2.4086459 0.15423633 fsrq LSP 2709.0525 1.2824053 0.2742118 2.3545528e-09 8.256748e-11 6.872047597131998e-08 1.5363204711705483 0.0372911413974659 1.2394839535752564 0.015043010960287408
J1332.6-1256 203.1543 -12.9436 1.492 LogParabola 1000.3005 4.103188e-12 2.4311616 4.6543685e-12 2.4336975 0.103352614 fsrq LSP 858.3483 0.75146556 0.16210663 2.991286e-09 9.731131e-11 6.511673599866888e-08 0.2880560185794936 0.025498524872164613 0.5367085042921284 0.023754537768872267
J1333.7+5056 203.4395 50.9366 1.362 LogParabola 770.618 2.0969305e-12 2.3384829 2.3235715e-12 2.239042 0.10792186 fsrq LSP 379.9662 0.79219836 0.17339861 8.9763497e-10 4.4484257e-11 1.4509656800082998e-08 0.2712794860754114 0.03791156224835459 0.5208449731689953 0.03639428640127594
J1337.6-1257 204.424 -12.9517 0.539 LogParabola 747.0036 5.6672306e-12 2.3851902 6.279199e-12 2.2696269 0.1176216 fsrq LSP 329.70084 0.5757944 0.12657808 2.1609716e-09 8.34587e-11 3.746790132874232e-08 0.3376994999773637 0.027645781202498075 0.5811191788070359 0.023786670798967062
J1344.2-1723 206.0601 -17.3978 2.49 LogParabola 910.1356 2.3947671e-12 2.2226589 2.7646095e-12 2.0835876 0.13480014 fsrq LSP 520.5657 0.9155971 0.19917397 1.752588e-09 7.7561194e-11 1.860401594155554e-08 0.25754173201652947 0.03401874825521735 0.5074856963664389 0.03351695279176254
J1345.5+4453 206.394 44.8844 2.534 LogParabola 489.03287 5.724158e-11 2.2663121 6.2606e-11 2.158393 0.089788504 fsrq LSP 5241.823 0.6488844 0.13860855 9.08368e-09 1.2394337e-10 1.4923928098499928e-07 0.7887132363021326 0.013416367496797081 0.8880952855984163 0.0075534504654851675
J1347.6-3751 206.9135 -37.8633 1.3 LogParabola 1043.5677 7.14462e-13 2.3416023 8.567102e-13 2.2127604 0.17442152 fsrq LSP 68.56274 0.53609544 0.13831277 6.6465267e-10 5.3622003e-11 7.486940827005676e-09 0.2527623542134496 0.0714272211540315 0.5027547654805965 0.07103584695587355
J1349.5-1131 207.3869 -11.5188 0.34 LogParabola 606.9497 4.426896e-12 2.4818678 4.9094036e-12 2.361503 0.12553936 fsrq ISP 535.04156 1.3135654 0.28442165 8.9818086e-10 5.9749414e-11 2.0841474995624006e-08 0.42395006490532733 0.048468239654030895 0.6511144791089561 0.037219445434817554
J1350.8+3033 207.7148 30.5588 0.711515 PowerLaw 743.4637 1.4440802e-12 2.4319 1.5277872e-12 2.4038389 0.04355889 fsrq LSP 262.44943 0.9966704 0.22050987 4.8996046e-10 3.6584843e-11 1.3262732418317597e-08 0.554699190950404 0.054148523839393704 0.744781304109068 0.036351962341595004
J1354.8-1041 208.718 -10.6932 0.33 LogParabola 682.041 2.814268e-12 2.447683 3.1471412e-12 2.3028471 0.13937649 fsrq LSP 197.77232 0.8460133 0.19020687 8.1278106e-10 5.700405e-11 1.5617552513085143e-08 0.3898460675675644 0.056159223643057685 0.6243765430952418 0.0449722401202468
J1408.9-0751 212.2356 -7.8575 1.493 LogParabola 1113.4492 3.0238637e-12 2.2590778 3.380175e-12 2.2130103 0.10310179 fsrq LSP 1392.4369 1.1723727 0.2513727 3.2137093e-09 9.7248314e-11 4.226688584786121e-08 1.455513511432931 0.025209138766383022 1.2064466467411359 0.010447680730216362
J1415.5+4830 213.8992 48.5142 -999.0 LogParabola 1558.9705 2.6958573e-13 1.9335799 2.9186137e-13 1.8096329 0.072609566 bll LSP 169.41278 0.8312047 0.18740253 7.1965733e-10 4.359875e-11 3.853719047207335e-09 0.22596174973646202 0.06194765067695828 0.4753543412407864 0.065159445599319
J1416.1+1320 214.0285 13.347 0.247 LogParabola 976.38416 2.078551e-12 2.0571856 2.1471e-12 2.0017138 0.031765103 bcu LSP 1838.2279 1.9940581 0.42660362 1.9230149e-09 7.3984215e-11 1.888910609099784e-08 0.5040753208382328 0.028341611175953036 0.7099826200958956 0.019959369690010866
J1418.4+3543 214.6229 35.7192 0.819 LogParabola 819.44904 3.3542722e-12 2.1400502 3.5135102e-12 2.0651817 0.048797082 FSRQ "" 1735.1504 1.345678 0.28827864 1.9944322e-09 6.657436e-11 2.2844197092565318e-08 0.9209035649903584 0.04299897520648581 0.9596372048802393 0.022403766229474185
J1419.4-0838 214.86 -8.6417 0.903 LogParabola 708.21375 7.0087686e-12 2.243127 7.601577e-12 2.1349716 0.08603288 fsrq LSP 624.98157 0.62961584 0.13672969 2.73807e-09 8.794296e-11 3.732360876462018e-08 0.40422271224619083 0.031133290940162487 0.6357851148353434 0.02448413010441856
J1419.8+5423 214.955 54.3937 0.153 LogParabola 733.23145 2.9202398e-12 2.3270116 3.0739354e-12 2.2571166 0.05944592 bll LSP 335.24088 0.6450191 0.14164077 1.1024067e-09 4.6746326e-11 1.9435667570870996e-08 0.19808099551090588 0.026128050190260252 0.44506291185730795 0.029353209955446918
J1424.8-6808 216.2169 -68.1489 -inf LogParabola 1067.7168 1.7669979e-12 2.4818034 2.210139e-12 2.442508 0.21234578 bcu LSP 145.98521 0.5199333 0.119698234 1.5752527e-09 7.994151e-11 2.643251315124296e-08 0.16357355901432802 0.027508678125416897 0.40444228143744815 0.03400816307786485
J1427.0+2348 216.7558 23.8013 0.604 LogParabola 1254.4047 5.724844e-12 1.8168526 6.14432e-12 1.7068207 0.05678581 BLL HSP 370.87347 0.25119606 0.05507706 1.1100593e-08 1.5873146e-10 5.501397201225569e-08 0.12123581998421125 0.007578556246696408 0.3481893450182117 0.01088280895887268
J1427.6-3305 216.913 -33.094 -inf LogParabola 906.68414 2.6378578e-12 2.293874 3.008522e-12 2.204957 0.119364284 bll LSP 288.66898 0.6012469 0.13328755 1.7479462e-09 7.281437e-11 2.4133204185065794e-08 0.4640320600111004 0.04970182483503775 0.6811989870890153 0.03648113530484669
J1427.9-4206 216.9866 -42.106 1.522 LogParabola 1367.4917 2.1246904e-11 2.2033215 2.4387228e-11 2.2236695 0.09191795 FSRQ LSP 15236.898 0.7041836 0.15022291 3.7604487e-08 3.0425776e-10 4.7603426665634055e-07 0.8558889895362296 0.0064368310389234335 0.9251426860415801 0.0034788315013680672
J1434.7+1950 218.675 19.8478 1.382 LogParabola 1061.7644 2.0984035e-12 2.3106105 2.493189e-12 2.2885466 0.14510848 fsrq LSP 634.57086 0.77724755 0.1686912 1.9690043e-09 7.53374e-11 2.830488823515364e-08 0.39727824791053995 0.028456030306434867 0.6303001252661623 0.02257339731165252
J1435.9-8348 218.9778 -83.8017 -inf LogParabola 867.4881 1.0709289e-12 2.4191377 1.1761879e-12 2.3361058 0.091799855 bcu "" 197.28296 1.0793695 0.24211991 5.698584e-10 4.8597053e-11 1.0927922208463775e-08 0.11445405112926492 0.035698167938156604 0.3383105838268512 0.052759460751052166
J1438.9+3710 219.7402 37.1752 2.401 LogParabola 558.70966 5.546924e-12 2.426326 6.115224e-12 2.3188167 0.10816328 fsrq LSP 379.58456 0.719489 0.15765841 9.720217e-10 4.7139216e-11 2.1440518739928703e-08 0.4292990805379547 0.041949958442444105 0.6552091883802872 0.03201264511120997
J1443.9-3908 220.9908 -39.1481 0.138 LogParabola 1869.902 1.052068e-12 1.8453245 1.1293455e-12 1.7476867 0.056658365 bll HSP 56.59184 0.18177399 0.047452673 4.0782715e-09 1.0685008e-10 2.0043221030480124e-08 0.36451466266369426 0.02654963628577616 0.6037504970297699 0.021987258326403532
J1443.9+2501 220.9933 25.0291 0.939 LogParabola 823.50037 7.109731e-12 2.0995898 7.887834e-12 1.9715945 0.0951436 fsrq LSP 3418.4375 1.4862518 0.31741792 4.629833e-09 1.0963289e-10 4.258270204704408e-08 2.3211846202890087 0.045069443250295084 1.5235434422060332 0.014790993811451884
J1454.4+5124 223.625 51.409 -999.0 LogParabola 1260.3184 2.3057049e-12 2.0429962 2.4531627e-12 1.9894435 0.047908302 bll ISP 453.62302 0.4446912 0.096959606 3.6741943e-09 8.5680345e-11 3.283591680033514e-08 0.33909745741434877 0.019506437780678714 0.58232075131696 0.016748877432723727
J1457.4-3539 224.3657 -35.6527 1.424 LogParabola 719.12274 8.723991e-12 2.3435314 1.0157251e-11 2.1986632 0.1635934 FSRQ LSP 2974.3303 1.5283699 0.3266141 3.2170921e-09 9.294625e-11 4.796258837931315e-08 0.9839313887741965 0.029814229501868968 0.9919331574124319 0.015028346052894685
J1504.4+1029 226.1033 10.4978 1.839 LogParabola 518.219 1.0277302e-10 2.246488 1.13776655e-10 2.1219308 0.10057087 FSRQ LSP 13923.587 0.8978677 0.19155036 1.9457499e-08 2.0496335e-10 2.9279865548323523e-07 1.0349910631545034 0.010864820162733834 1.0173451052393694 0.005339790847166593
J1505.0+0326 226.2726 3.4472 0.409 LogParabola 460.08505 1.1997888e-11 2.523493 1.311592e-11 2.4251924 0.097043164 NLSY1 LSP 77.508125 0.3195359 0.07861846 1.1178135e-09 6.0103124e-11 3.412265370839475e-08 0.1767281370744192 0.02183932538964588 0.4203904578774585 0.025975048886590007
J1506.1+3731 226.5347 37.5183 0.673 LogParabola 461.00723 1.641315e-11 2.487468 1.8330629e-11 2.3813086 0.12116338 fsrq LSP 1924.742 1.0701345 0.2292387 1.5849896e-09 5.672805e-11 4.4096079618959e-08 1.047534105852945 0.03798184856063336 1.023491136186799 0.01855504518687948
J1512.8-0906 228.2147 -9.1064 0.36 LogParabola 881.08905 6.1721635e-11 2.3738954 6.727094e-11 2.3833883 0.055798475 FSRQ LSP 7448.42 0.46607766 0.09949342 3.3810263e-08 2.8717187e-10 7.531265435595971e-07 1.2033474858836741 0.008825964867351797 1.0969719622140186 0.00402287623173994
J1512.9-5639 228.2495 -56.6553 -inf LogParabola 2385.292 4.6477557e-13 2.2710693 5.362367e-13 2.1346037 0.13776037 bcu LSP 224.0066 0.8545076 0.1910649 2.7833587e-09 1.6422648e-10 1.956365759628721e-08 0.1377834556222883 0.0160475957176855 0.371191939058876 0.021616304166481557
J1517.7-2422 229.4254 -24.373 0.048 LogParabola 837.7746 1.0511213e-11 2.1147943 1.0926755e-11 2.0606327 0.035551388 bll LSP 138.87376 0.1806785 0.041947436 6.672626e-09 1.3252302e-10 7.591526170625085e-08 0.24478450505307703 0.012075781065560766 0.4947570161736739 0.01220374918475317
J1518.0-2731 229.5124 -27.5313 0.128 PowerLaw 2272.7817 3.3659945e-13 2.0545576 3.4968447e-13 2.0322945 0.024706433 bll HSP 180.2685 0.62505287 0.14000857 1.7112258e-09 7.416328e-11 1.9554582967956907e-08 0.15891471237857227 0.03582235326791796 0.39864108215106514 0.04493058401635468
J1522.1+3144 230.5454 31.7395 1.489 LogParabola 456.00125 8.9110004e-11 2.402245 9.728963e-11 2.3342924 0.07812083 fsrq LSP 6841.0913 0.6339789 0.13539362 9.5542925e-09 1.3019524e-10 2.3085794953579065e-07 0.5837325617745737 0.01033229099121707 0.764023927488252 0.006761758774482847
J1522.6-2730 230.6642 -27.5059 1.297 LogParabola 1307.3052 1.2927931e-12 2.2088299 1.4963432e-12 2.125987 0.12267694 bll LSP 172.91356 0.54112923 0.12221065 2.118701e-09 8.835913e-11 2.0805391722431395e-08 0.18410385574884622 0.030167350424790254 0.42907325219459463 0.03515407948467115
J1532.7-1319 233.1972 -13.3261 -999.0 LogParabola 785.83203 9.081439e-12 2.2051318 1.0162806e-11 2.0696032 0.11221152 bcu LSP 1386.1823 0.72317594 0.15551871 4.7818984e-09 1.178096e-10 5.408904385178471e-08 1.076312285956436 0.035218137646245554 1.0374547151352853 0.016973337309307553
J1534.8+0131 233.7247 1.5224 1.428 PowerLaw 835.58 1.840723e-12 2.4267242 1.9633542e-12 2.401368 0.049425133 fsrq LSP 273.19727 0.9332669 0.20700145 8.3346097e-10 5.320768e-11 2.2294430982453123e-08 0.4336718702171113 0.059428954239158116 0.6585376756246458 0.045121909071328146
J1539.6+2743 234.9019 27.7277 2.196 LogParabola 708.24786 1.922897e-12 2.3100677 2.039592e-12 2.2072833 0.06948952 fsrq LSP 180.43355 0.84186655 0.18884468 6.986549e-10 4.6922823e-11 1.1141255915790295e-08 0.25498987175651655 0.052726561552728805 0.504965218363123 0.05220811219795031
J1543.0+6130 235.755 61.5033 -999.0 LogParabola 985.6789 5.431301e-12 1.9775285 5.8407927e-12 1.8678838 0.06816895 bll ISP 897.5346 0.37948126 0.08210746 5.705623e-09 9.5515124e-11 4.0887469875718375e-08 0.33022274914576905 0.01551319571618152 0.5746501101938196 0.01349794896145516
J1548.3+1456 237.0999 14.9461 0.231 LogParabola 1179.1389 1.5398531e-12 2.0363767 1.683215e-12 1.9092586 0.08550702 bll ISP 322.61057 0.64099795 0.14094877 2.2310875e-09 7.9792256e-11 1.609474639811961e-08 0.349201924712836 0.027688322945998066 0.5909330966470198 0.02342762920464501
J1549.5+0236 237.3851 2.6084 0.414 LogParabola 708.9259 2.8652655e-12 2.392682 3.1048105e-12 2.3051338 0.07642808 fsrq LSP 222.46468 0.8468462 0.18869886 9.559151e-10 6.2043426e-11 1.871596388061401e-08 0.18212832737002352 0.03670931252236694 0.42676495564891864 0.043008817894323696
J1550.7+0528 237.6965 5.4725 1.422 LogParabola 951.19147 1.1828062e-12 2.3597105 1.387464e-12 2.287356 0.13867521 fsrq LSP 33.91336 0.2777204 0.09077933 8.4023555e-10 5.902917e-11 1.2980640414866851e-08 0.3384918500796552 0.06976989227671516 0.5818005243033519 0.0599603209023038
J1553.6+1257 238.4015 12.9524 1.29 LogParabola 728.37787 4.039767e-12 2.3742971 4.589975e-12 2.2385006 0.14239274 fsrq LSP 651.77875 1.0846046 0.23458625 1.4828507e-09 6.872191e-11 2.404494463583073e-08 0.4058702725520961 0.03634161469645263 0.6370794868398261 0.028522041163750112
J1553.6-2422 238.4026 -24.3687 0.332 LogParabola 1015.1375 1.7871351e-12 2.2884138 1.9153876e-12 2.2303631 0.060522385 fsrq "" 259.16922 0.86501026 0.19104882 1.5051348e-09 7.6566184e-11 2.3031425166657765e-08 0.24535394385842949 0.03263186420173768 0.49533215508225337 0.032939375999443174
J1555.7+1111 238.9313 11.1884 0.433 LogParabola 3802.2622 1.0579324e-12 1.6814327 1.2479612e-12 1.5691522 0.09492203 BLL HSP 168.59612 0.1772438 0.040240552 1.481822e-08 2.3908076e-10 3.8871070718438146e-08 0.08849456855468578 0.005776570438425697 0.2974803666709549 0.009709162495444955
