4LAC_variability_analysis/resulting_catalogs/selected_sources_monthly.ecsv
# %ECSV 1.0
# ---
# datatype:
# - {name: Source_Name, datatype: string}
# - {name: SpectrumType, datatype: string}
# - {name: CLASS, datatype: string}
# - {name: SED_class, datatype: string}
# - {name: Variability_Index, datatype: float32}
# - {name: Frac_Variability, datatype: float32}
# - {name: Unc_Frac_Variability, datatype: float32}
# - {name: Spectrum_Flux_Estimated, datatype: float64}
# - {name: Bright_Ratio_x, datatype: float64}
# - {name: Norm_Excess_Var(3_days), datatype: float64}
# - {name: Unc_Norm_Excess_Var(3_days), datatype: float64}
# - {name: Frac_Variability(3_days), datatype: float64}
# - {name: Unc_Frac_Variability(3_days), datatype: float64}
# - {name: Bright_Ratio_y, datatype: float64}
# - {name: Norm_Excess_Var(weekly), datatype: float64}
# - {name: Unc_Norm_Excess_Var(weekly), datatype: float64}
# - {name: Frac_Variability(weekly), datatype: float64}
# - {name: Unc_Frac_Variability(weekly), datatype: float64}
# - {name: Bright_Ratio, datatype: float64}
# - {name: Norm_Excess_Var(monthly), datatype: float64}
# - {name: Unc_Norm_Excess_Var(monthly), datatype: float64}
# - {name: Frac_Variability(monthly), datatype: float64}
# - {name: Unc_Frac_Variability(monthly), datatype: float64}
# schema: astropy-2.0
Source_Name SpectrumType CLASS SED_class Variability_Index Frac_Variability Unc_Frac_Variability Spectrum_Flux_Estimated Bright_Ratio_x Norm_Excess_Var(3_days) Unc_Norm_Excess_Var(3_days) Frac_Variability(3_days) Unc_Frac_Variability(3_days) Bright_Ratio_y Norm_Excess_Var(weekly) Unc_Norm_Excess_Var(weekly) Frac_Variability(weekly) Unc_Frac_Variability(weekly) Bright_Ratio Norm_Excess_Var(monthly) Unc_Norm_Excess_Var(monthly) Frac_Variability(monthly) Unc_Frac_Variability(monthly)
[from data line 59]
J0253.2-5441 LogParabola fsrq LSP 908.18494 1.3090705 0.2816055 2.245033747511586e-08 "" "" "" "" "" "" "" "" "" "" 0.7570093457943925 2.7758832700515437 0.18770047437579693 1.6660982174084287 0.05632935454062247
J0259.4+0746 LogParabola fsrq LSP 302.99847 0.7027552 0.15504344 2.2168190994306475e-08 "" "" "" "" "" "" "" "" "" "" 0.40298507462686567 1.1661589915002704 0.0860044268481095 1.0798884162265425 0.039820978517685665
J0303.4-2407 LogParabola BLL HSP 485.31583 0.43165758 0.09397573 3.3978640206656114e-08 0.6464379947229552 0.7129786254261243 0.06482151292565196 0.8443806164438667 0.03838406025866014 0.23195084485407066 1.0715350219536293 0.05001399836600887 1.0351497582251707 0.02415785637228038 0.021739130434782608 0.8449614614311989 0.03267611994787686 0.9192178530855452 0.017773871470290036
J0303.6+4716 LogParabola bll LSP 80.696526 0.24168715 0.059477497 2.8004577355513197e-08 "" "" "" "" "" 0.48608534322820035 0.01253655427883913 0.05479654407597243 0.11196675523939742 0.24470006279458265 0.03867403314917127 0.16620955315349834 0.023863268696412147 0.40768805863490576 0.029266577952166938
J0303.6-6211 LogParabola fsrq LSP 255.52426 0.60476923 0.13469633 1.9333144042460502e-08 "" "" "" "" "" "" "" "" "" "" 0.2702702702702703 0.538382633833276 0.07763757354014715 0.7337456192940957 0.05290496563021313
J0309.9-6058 LogParabola fsrq LSP 883.1878 0.5903902 0.12725888 5.8153848894684775e-08 0.7721639656816015 0.772634883354326 0.05323315930216211 0.8789965206724802 0.03028064278424893 0.3490725126475548 0.935941262500049 0.04331476966388958 0.9674405731103327 0.02238626891811664 0.056179775280898875 0.8655903028458545 0.029314564132102358 0.9303710565391932 0.015754232639795925
J0319.8+4130 LogParabola RDG LSP 5460.94 0.46942222 0.10024723 3.5799229261615066e-07 0.0476457399103139 0.30913190661130385 0.010715063119030546 0.5559963188828716 0.00963591192524408 0.01653944020356234 0.3246472291959893 0.011145053092134807 0.5697782280817593 0.009780167565945998 0.0 0.3088337757794611 0.006699636316760933 0.5557281491695927 0.006027800037457154
J0324.8+3412 LogParabola nlsy1 HSP 182.96573 0.62084824 0.14013523 4.4485616402443567e-08 "" "" "" "" "" "" "" "" "" "" 0.4351145038167939 0.9127494126606495 0.11404152404769323 0.9553791983608653 0.05968390574305635
J0325.5-5635 PowerLaw bll HSP 89.99472 0.5819843 0.1396989 5.248790492818328e-09 "" "" "" "" "" "" "" "" "" "" 0.504 0.499832054038202 0.09334716811099034 0.7069880154841396 0.06601750388022273
J0325.7+2225 LogParabola fsrq LSP 202.44246 0.43305004 0.09786465 4.635143233344935e-08 "" "" "" "" "" 0.8694638694638694 -0.15086058265684799 0.10506562153492202 0.0 0.1 0.24503311258278146 0.533260368948965 0.0745601734197983 0.7302467863325145 0.05105135333375343
J0334.2-3725 LogParabola bll LSP 108.49668 0.2562658 0.06030105 2.285465421852711e-08 "" "" "" "" "" 0.38209982788296043 0.09404014685990167 0.04615891757655426 0.3066596596552955 0.07526082437520433 0.0273224043715847 0.23252003745214542 0.024893078436372493 0.48220331547195466 0.02581180763140179
J0334.2-4008 LogParabola bll LSP 506.63467 0.44303918 0.09638465 4.1019741480548386e-08 0.527823240589198 0.2525559700937512 0.04182720230791574 0.5025494702949663 0.04161500984506629 0.19167904903417535 0.47143447547365597 0.03268475349606935 0.6866108617504212 0.023801512120521954 0.0053475935828877 0.3774812286742008 0.019183857290046333 0.6143950102940297 0.01561198981813472
J0339.5-0146 LogParabola fsrq LSP 2051.4175 0.632819 0.13565823 1.0196592360024096e-07 0.625974025974026 1.3006502565169262 0.041822490652046136 1.1404605457958317 0.018335790223616078 0.4031413612565445 1.228428633880158 0.03524711662803298 1.1083449976790432 0.015900787526376293 0.1393939393939394 0.9535050926094771 0.02602111866942716 0.9764758535721593 0.013323994942750652
J0349.8-2103 LogParabola fsrq LSP 428.02533 0.7677083 0.16766655 2.7378486433287778e-08 "" "" "" "" "" "" "" "" "" "" 0.5537190082644629 1.7503232187846731 0.13923178932931252 1.3229978151095614 0.05261981075825976
J0359.6+5057 LogParabola fsrq LSP 948.9951 0.9482173 0.20440851 8.282825205156409e-08 "" "" "" "" "" 0.9850374064837906 0.6937334690356703 0.0874360386836875 0.8329066388471582 0.05248849907398347 0.36231884057971014 0.947110865179832 0.05797174670756025 0.9731962110385716 0.029784202841117824
J0401.9-2034 LogParabola bcu LSP 330.3299 0.91815525 0.2015545 1.2419718885658342e-08 "" "" "" "" "" "" "" "" "" "" 0.6206896551724138 1.3098664424208328 0.11698027007795715 1.144493967839426 0.051105673496380385
J0403.9-3605 LogParabola FSRQ LSP 6801.102 0.87428653 0.18665947 1.5288112309826996e-07 0.3477633477633478 2.9413286048804927 0.029984839618106617 1.7150302052385238 0.008741781785101672 0.18914728682170542 2.718574950397541 0.026808610313057472 1.6488101620251923 0.008129683735127255 0.056179775280898875 1.9960150355951487 0.01982561132764162 1.4128039621954451 0.00701640562248755
J0405.6-1308 PowerLaw fsrq LSP 86.409615 0.4299109 0.1044925 2.195648990334722e-08 "" "" "" "" "" "" "" "" "" "" 0.6785714285714286 1.4427950101730176 0.16287965581904457 1.2011640230097709 0.06780075522530014
J0407.0-3826 LogParabola fsrq LSP 769.2686 0.6166988 0.13317838 4.4297414647488015e-08 0.8906882591093117 0.4919819058062455 0.05686979418478192 0.7014142184232122 0.04053937936461134 0.4851301115241636 0.8758912876475714 0.04880729484063521 0.9358906387220525 0.026075319498483813 0.09302325581395349 0.7156079506528077 0.03020782384708337 0.8459361386374314 0.01785467156878993
J0422.1-0644 LogParabola fsrq LSP 495.07022 0.8438564 0.1836558 3.0748367200779915e-08 "" "" "" "" "" "" "" "" "" "" 0.8076923076923077 1.0155022513079772 0.1893961998269711 1.007721316291353 0.09397250845302786
J0423.3-0120 LogParabola FSRQ LSP 1299.826 0.83659196 0.17974605 5.7070592957926287e-08 "" "" "" "" "" 0.5972222222222222 0.5949733952302487 0.06126588270969283 0.771345185523478 0.039713661185370834 0.22077922077922077 0.8339418572276861 0.03956336144918326 0.9132041706144832 0.021661837912195246
J0428.6-3756 LogParabola bll LSP 4816.0664 0.5001252 0.10689018 2.0950885298663818e-07 0.06575185820468839 0.6771954398736055 0.01235576609254217 0.8229188537599594 0.007507280964634621 0.020588235294117647 0.5973037241206209 0.011660040380318436 0.7728542709467425 0.007543492233040872 0.0 0.5701287614191818 0.009648029745006377 0.7550687130448339 0.006388842219471954
J0433.0+0522 LogParabola RDG LSP 308.79562 0.7466368 0.16479537 4.1698433770171175e-08 "" "" "" "" "" "" "" "" "" "" 0.5284552845528455 0.8006953758138016 0.12644163736963648 0.894815833461725 0.07065232455737772
J0433.6-6030 LogParabola fsrq LSP 220.73587 0.5264832 0.11803596 2.087099908902861e-08 "" "" "" "" "" "" "" "" "" "" 0.41353383458646614 0.6969263502053256 0.10310892889277731 0.834821148633242 0.06175510111452368
J0433.6+2905 LogParabola bll LSP 202.4129 0.53675073 0.12065252 2.414562255167107e-08 "" "" "" "" "" "" "" "" "" "" 0.41353383458646614 2.6111010389228393 0.14090688806454138 1.6158901692017436 0.043600391521086475
J0442.6-0017 LogParabola fsrq LSP 1111.8416 0.6382951 0.13734981 7.811315112897033e-08 0.9789251844046365 2.3778030909393415 0.08808057910683095 1.5420126753497656 0.028560264294472205 0.5304182509505704 2.28253015632185 0.07725942937803118 1.5108044732267145 0.025568970289392787 0.09302325581395349 1.6326617129372867 0.0447490542547486 1.2777565155135335 0.017510790871124553
J0449.1+1121 LogParabola fsrq LSP 247.02347 0.4483518 0.09973059 6.001395313225032e-08 "" "" "" "" "" 0.49906890130353815 0.11507447025968183 0.06187144891255708 0.3392262817938519 0.09119495191436319 0.056179775280898875 0.5305041677975263 0.03233482965653397 0.7283571704854194 0.02219709708835857
J0449.4-4350 LogParabola bll HSP 562.9994 0.2949144 0.06405708 6.54730206002547e-08 0.14664202094886014 0.2903479138739577 0.01820035014384033 0.538839413808936 0.016888473334927472 0.03617571059431524 0.30467608264644414 0.015058431833872033 0.5519747119628254 0.013640508801865358 0.0 0.2788866758444392 0.011905079868850556 0.528097221962433 0.011271674394168128
J0453.1-2806 LogParabola fsrq LSP 334.34198 0.41732803 0.09191582 5.3309843826620934e-08 "" "" "" "" "" 0.47882136279926335 0.3035649894022086 0.0518162754479637 0.5509673215375015 0.04702300247441884 0.11242603550295859 0.4789047857216431 0.03129247654727733 0.6920294688245892 0.022609208102385828
J0457.0-2324 LogParabola FSRQ LSP 4184.4746 0.44542956 0.0952493 2.5555644073843464e-07 0.05343082114735658 0.5067770189674766 0.008531990553379847 0.7118827283812107 0.00599255341731721 0.012642225031605562 0.4667036513273647 0.007709598580780338 0.6831571205274557 0.005642624770439243 0.0 0.38366896391785404 0.00631258114986876 0.6194101742124148 0.005095638893803494
J0501.2-0158 LogParabola fsrq LSP 1832.3942 0.59450626 0.1275161 1.0471448223996745e-07 0.5737018425460636 1.0844877447395416 0.04613556843796112 1.0413874133767613 0.022151011163253725 0.2757475083056478 1.109849846655561 0.037662735207998344 1.0534941132514986 0.01787515218844284 0.08045977011494253 0.9478651348496163 0.027195916311267165 0.97358365580448 0.013966912935075395
J0505.3+0459 LogParabola fsrq LSP 3154.649 1.2163143 0.25989863 1.0363981448662065e-07 "" "" "" "" "" 0.7538126361655774 4.499717003140576 0.10297439896960428 2.1212536395114507 0.02427206182503486 0.23684210526315788 3.508977753179996 0.06793602648182773 1.8732265621595259 0.01813342492952601
J0507.7-6104 LogParabola fsrq LSP 78.367836 0.530777 0.12693568 1.6954584793191445e-08 "" "" "" "" "" "" "" "" "" "" 0.42424242424242425 0.2893971990129595 0.09122394262596914 0.5379565029005222 0.08478747085880851
J0509.4+0542 LogParabola bll ISP 1232.4537 0.60248905 0.12942827 7.877273367219259e-08 0.4547563805104408 0.3943648946988202 0.040392002060382425 0.6279847885887206 0.032160016288894484 0.16161616161616163 0.5254561190852618 0.032478219541428446 0.7248835210468381 0.02240237127650877 0.0053475935828877 0.4387597989031539 0.029783333683519916 0.662389461648624 0.02248173877147143
J0510.0+1800 LogParabola fsrq LSP 1997.0156 1.5439441 0.33032906 4.185789445560867e-08 "" "" "" "" "" "" "" "" "" "" 0.88 12.371291416550577 0.42371749410315596 3.5172846652710064 0.06023360836938521
J0515.6-4556 LogParabola fsrq LSP 1264.4159 1.3293246 0.28511232 3.340060553684819e-08 "" "" "" "" "" "" "" "" "" "" 0.3055555555555556 2.7282468980655312 0.07906474090063131 1.6517405662105449 0.023933764938044465
J0516.7-6207 LogParabola bll LSP 240.75616 0.42932096 0.09560028 2.548765923824359e-08 "" "" "" "" "" 0.5288461538461539 -0.002294260473799867 0.0525900732675155 0.0 0.1 0.06818181818181818 0.2387747980662739 0.038123634984615455 0.48864588207235915 0.039009471258544315
J0521.7+2112 LogParabola bll HSP 871.48944 0.44370332 0.09577365 7.749311237283956e-08 0.3959731543624161 0.18661151894664346 0.030807313545260822 0.4319855540948603 0.03565780528218288 0.12535211267605634 0.38321722821722304 0.025327678426990134 0.6190454169261114 0.020457043808478126 0.0053475935828877 0.3404978885595645 0.017511400058282063 0.5835219692175818 0.0150049192507373
J0522.9-3628 LogParabola AGN LSP 735.7705 0.34303927 0.07420899 1.1309133609792802e-07 0.36977256052824653 0.7578031731814495 0.0369469051877161 0.8705189102951466 0.02122119620307236 0.1327683615819209 0.7087245331954388 0.0261992947351896 0.841857786799789 0.015560404112185478 0.0 0.4297408982755689 0.013783806561019702 0.6555462594474695 0.010513221883561241
J0526.2-4830 LogParabola fsrq LSP 1190.0673 0.7156373 0.15383986 4.9650503411838486e-08 0.9818376068376068 0.9531968652326076 0.06415619388592499 0.976318014395211 0.03285619692558225 0.5152671755725191 1.2871247376080808 0.05712298322067633 1.134515199372878 0.02517506299265625 0.08670520231213873 1.2097865163446089 0.037834391342570904 1.0999029576942727 0.01719896790798852
J0532.0-4827 LogParabola BLL ISP 3410.7285 1.6092551 0.34378818 3.7000654167924636e-08 "" "" "" "" "" "" "" "" "" "" 0.7407407407407407 5.653931112291 0.1426378918985431 2.377799636700073 0.029993673499020494
J0532.6+0732 LogParabola FSRQ LSP 653.2348 0.48124903 0.10417598 9.759463560408605e-08 0.8067307692307693 0.17857020954394434 0.058578814243212166 0.42257568498902576 0.06931162431261687 0.366723259762309 0.7045425147374917 0.04974777500970059 0.8393703084678965 0.029633985445890534 0.044444444444444446 0.6318733557572886 0.028687397507145017 0.7949046205409104 0.018044553249435158
J0533.3+4823 LogParabola fsrq LSP 279.10355 0.35495943 0.07900059 5.778667586880445e-08 "" "" "" "" "" 0.7268817204301076 0.0979397929117951 0.05861352632103845 0.3129533398316674 0.09364579133836011 0.189873417721519 0.46858344025378734 0.040801435847669584 0.6845315480339729 0.029802451008178108
J0536.4-3401 LogParabola fsrq LSP 672.74365 0.71144587 0.15398966 4.4011910787310807e-08 "" "" "" "" "" "" "" "" "" "" 0.5537190082644629 1.4290060316050688 0.13387458435800956 1.1954104030018597 0.0559952398029287
J0538.8-4405 LogParabola BLL LSP 10041.657 0.8018237 0.17111444 1.8729941147124866e-07 0.07567879838243789 0.7408398232245456 0.011181891032325537 0.8607205256205672 0.006495657242670932 0.02165605095541401 0.7226899930144677 0.010360221104127218 0.8501117532503992 0.006093446576003066 0.0 0.6749497537405004 0.009503457410011643 0.8215532567889318 0.005783835272685925
J0539.9-2839 LogParabola fsrq LSP 157.44185 0.40932474 0.09374663 3.742683118759704e-08 "" "" "" "" "" 0.8545034642032333 2.1428683424001345 0.10459669227785415 1.4638539347899893 0.03572647850718113 0.2129032258064516 1.6208742504730498 0.06075257687929771 1.2731355978343586 0.023859429028078253
J0543.9-5531 LogParabola bll HSP 145.12607 0.42442927 0.0976074 7.549040446625666e-09 "" "" "" "" "" 0.6991525423728814 0.0682568401950224 0.07116021956320208 0.26126010065645766 0.13618654242343298 0.11904761904761904 0.5537311169474446 0.04970331002253443 0.7441311154275465 0.03339687656655574
J0601.1-7035 LogParabola fsrq LSP 790.82715 0.80240816 0.1734323 3.286490219776401e-08 "" "" "" "" "" "" "" "" "" "" 0.4573643410852713 1.180158694851364 0.08323127601139857 1.0863510918903538 0.03830772419373569
J0607.4+4739 LogParabola bll LSP 109.009094 0.25974014 0.061597195 2.479958092269111e-08 "" "" "" "" "" 0.5363984674329502 -0.30284023792774095 0.069216776638959 0.0 0.1 0.05027932960893855 0.4571754544400647 0.06410086008354517 0.6761475093794731 0.04740153531170515
J0608.0-0835 LogParabola fsrq LSP 335.96204 0.7566275 0.16623053 3.6382175429867885e-08 "" "" "" "" "" "" "" "" "" "" 0.8076923076923077 0.8782709266969446 0.15901421414834885 0.9371610996498653 0.08483824937236431
J0608.1-1521 LogParabola fsrq LSP 373.10196 1.1403486 0.24975881 2.3956625299892985e-08 "" "" "" "" "" "" "" "" "" "" 0.88 1.0089427517852876 0.19477172769065532 1.0044614237417422 0.0969533140282813
J0612.8+4122 LogParabola bll ISP 92.30578 0.20574366 0.049380105 2.8490826507324773e-08 0.8128031037827352 -1.1342347362583745 0.07962204178459077 0.0 0.1 0.2685624012638231 -0.09518986453504019 0.03380395534722388 0.0 0.1 0.0273224043715847 0.0941440141668332 0.018092263081710636 0.3068289656581223 0.029482651748514443
J0617.2+5701 LogParabola bll LSP 54.811657 0.29502088 0.07767284 9.878757323081283e-09 "" "" "" "" "" "" "" "" "" "" 0.11904761904761904 0.13767886107702615 0.03753865591619956 0.37105102220183434 0.05058422382647458
J0622.3-2605 LogParabola bll HSP 139.32582 0.437988 0.10127738 1.1670180640315371e-08 "" "" "" "" "" 0.9900744416873449 -1.2056338118716545 0.139077288168022 0.0 0.1 0.13253012048192772 0.2770434516201353 0.047294138427969465 0.5263491727172517 0.044926581896021424
