4LAC_variability_analysis/resulting_catalogs/selected_sources_monthly.ecsv
# %ECSV 1.0
# ---
# datatype:
# - {name: Source_Name, datatype: string}
# - {name: SpectrumType, datatype: string}
# - {name: CLASS, datatype: string}
# - {name: SED_class, datatype: string}
# - {name: Variability_Index, datatype: float32}
# - {name: Frac_Variability, datatype: float32}
# - {name: Unc_Frac_Variability, datatype: float32}
# - {name: Spectrum_Flux_Estimated, datatype: float64}
# - {name: Bright_Ratio_x, datatype: float64}
# - {name: Norm_Excess_Var(3_days), datatype: float64}
# - {name: Unc_Norm_Excess_Var(3_days), datatype: float64}
# - {name: Frac_Variability(3_days), datatype: float64}
# - {name: Unc_Frac_Variability(3_days), datatype: float64}
# - {name: Bright_Ratio_y, datatype: float64}
# - {name: Norm_Excess_Var(weekly), datatype: float64}
# - {name: Unc_Norm_Excess_Var(weekly), datatype: float64}
# - {name: Frac_Variability(weekly), datatype: float64}
# - {name: Unc_Frac_Variability(weekly), datatype: float64}
# - {name: Bright_Ratio, datatype: float64}
# - {name: Norm_Excess_Var(monthly), datatype: float64}
# - {name: Unc_Norm_Excess_Var(monthly), datatype: float64}
# - {name: Frac_Variability(monthly), datatype: float64}
# - {name: Unc_Frac_Variability(monthly), datatype: float64}
# schema: astropy-2.0
Source_Name SpectrumType CLASS SED_class Variability_Index Frac_Variability Unc_Frac_Variability Spectrum_Flux_Estimated Bright_Ratio_x Norm_Excess_Var(3_days) Unc_Norm_Excess_Var(3_days) Frac_Variability(3_days) Unc_Frac_Variability(3_days) Bright_Ratio_y Norm_Excess_Var(weekly) Unc_Norm_Excess_Var(weekly) Frac_Variability(weekly) Unc_Frac_Variability(weekly) Bright_Ratio Norm_Excess_Var(monthly) Unc_Norm_Excess_Var(monthly) Frac_Variability(monthly) Unc_Frac_Variability(monthly)
[from data line 351]
J1848.5+3243 LogParabola fsrq LSP 579.0758 1.0701126 0.23137107 3.808449496201394e-08 "" "" "" "" "" "" "" "" "" "" 0.45544554455445546 0.9496741827375088 0.05796150319057998 0.974512279418535 0.02973872387999258
J1849.2+6705 LogParabola FSRQ LSP 2199.98 0.9129095 0.19530798 5.876999829569233e-08 "" "" "" "" "" 0.822463768115942 1.2869420770137523 0.03826296427867387 1.13443469490921 0.016864330952843478 0.12 1.945233671948665 0.03929938461840733 1.3947163410345005 0.014088665724407397
J1852.4+4856 LogParabola fsrq LSP 566.03723 0.9899803 0.21453604 1.7716532710252335e-08 "" "" "" "" "" "" "" "" "" "" 0.5972222222222222 0.4118152445258603 0.04683576489858421 0.6417283261052611 0.03649189461749103
J1902.9-6748 LogParabola fsrq LSP 693.7701 0.72034883 0.15597454 3.28741727991305e-08 "" "" "" "" "" "" "" "" "" "" 0.35772357723577236 0.789302506367667 0.03529410097589461 0.888426984263573 0.019863253593738087
J1903.2+5540 LogParabola bll LSP 98.26617 0.17650832 0.042478547 2.5454932769532288e-08 0.4092558983666062 -0.100475943610509 0.007494656098157055 0.0 0.1 0.09481481481481481 -0.005172916091682954 0.009698510508050744 0.0 0.1 0.0 0.04962077488677702 0.008924766439732217 0.22275721062802215 0.02003249729732769
J1911.2-2006 LogParabola fsrq LSP 749.2769 0.5579502 0.120726325 8.718438085935788e-08 "" "" "" "" "" 0.5864661654135338 0.36382636646724675 0.02369562918167618 0.6031802106064544 0.019642246848460033 0.06666666666666667 0.5581581721197503 0.028659566469467847 0.7470998407975672 0.019180546497555333
J1913.0-8009 LogParabola fsrq LSP 458.53406 0.8094883 0.1762631 2.9045728427678933e-08 "" "" "" "" "" "" "" "" "" "" 0.2109375 0.4282693588876836 0.03325147749525001 0.6544229205091182 0.02540519017073968
J1917.7-1921 LogParabola bll HSP 58.466263 0.1870167 0.050907712 2.666519907763379e-08 "" "" "" "" "" 0.7253333333333334 -0.08626192971481954 0.016030942540530366 0.0 0.1 0.075 0.08654682211304691 0.02205027005963715 0.2941884126083944 0.037476442161896294
J1924.8-2914 LogParabola fsrq LSP 295.6829 0.61988395 0.13672334 3.6470760407982775e-08 "" "" "" "" "" "" "" "" "" "" 0.3416666666666667 0.3176919378075593 0.036498238206472446 0.5636416750095394 0.032377164273609406
J1931.1+0937 LogParabola bll HSP 94.3155 0.37579548 0.090937674 8.08132039786083e-09 "" "" "" "" "" "" "" "" "" "" 0.2112676056338028 0.10574560117938807 0.031846215914087185 0.3251854873443587 0.048966231817663027
J1941.3-6210 LogParabola bll LSP 1230.7968 0.6338519 0.13630345 6.817887581570513e-08 0.9467213114754098 0.29065463584329704 0.018365283716541964 0.5391239522070013 0.017032524377149593 0.39045553145336226 0.6109959189467279 0.0285349989157202 0.7816622793423819 0.018252767000428178 0.049689440993788817 0.5223124720640719 0.02257590748496144 0.722711887313383 0.015618884842814307
J1954.6-1122 LogParabola bll LSP 200.85562 0.7145216 0.16184022 2.385696640428163e-08 "" "" "" "" "" "" "" "" "" "" 0.5425531914893617 0.1978132826674421 0.03549128449329987 0.44476205173940153 0.0398991824442963
J1955.4+5132 LogParabola fsrq LSP 132.50438 0.74761087 0.17199881 1.4137495057891304e-08 "" "" "" "" "" "" "" "" "" "" 0.6590909090909091 0.20974206480350038 0.032733891645350434 0.4579760526528657 0.03573755817114951
J1958.0-3845 LogParabola fsrq LSP 303.4907 0.36052603 0.08003966 4.6913249203448335e-08 0.8403869407496977 1.517946905100436 0.024697717454204553 1.2320498793070174 0.010023018495036949 0.41139240506329117 1.9912234666233732 0.028767771222353137 1.411107177581977 0.010193333178153258 0.08641975308641975 2.6060563225484343 0.03159007582290927 1.614328443207402 0.009784277776877005
J2000.0+6508 LogParabola bll HSP 1529.9316 0.52541703 0.1127198 5.353535565389509e-08 0.1600547195622435 0.1797725158517641 0.011782358619552393 0.42399589131472026 0.013894425466032026 0.03768506056527591 0.2798950403864357 0.013123569514010405 0.52905107540429 0.012402932461654711 0.0053475935828877 0.286602598932082 0.012147616096376561 0.5353527798863867 0.011345431043577046
J2000.9-1748 LogParabola fsrq LSP 560.7281 1.1026232 0.23799455 2.7728592468608655e-08 "" "" "" "" "" "" "" "" "" "" 0.14893617021276595 0.7972751340517686 0.04454839525851421 0.8929026453380954 0.024945830035953173
J2001.2+4353 LogParabola bll HSP 1363.4725 1.1811723 0.2534595 1.9416991765264947e-08 "" "" "" "" "" "" "" "" "" "" 0.4036697247706422 0.9487836144837667 0.05185202161024624 0.9740552420082583 0.02661657130623328
J2005.5+7752 LogParabola bll LSP 510.61716 0.5462503 0.1189751 2.9996712367524666e-08 "" "" "" "" "" 0.587012987012987 0.36433940003710413 0.02698022699749284 0.603605334665876 0.022349228417959287 0.060240963855421686 0.6846389850061158 0.03461802739641289 0.8274291419850498 0.020919028373452175
J2005.9-2309 LogParabola fsrq LSP 287.64426 0.8803009 0.19489703 2.2728277607643783e-08 "" "" "" "" "" "" "" "" "" "" 0.5795454545454546 0.2737523417295873 0.03861115236884875 0.5232134762499789 0.036898086652494076
J2007.2+6607 LogParabola fsrq LSP 97.060814 0.81815886 0.19449513 1.058185493464129e-08 "" "" "" "" "" "" "" "" "" "" 0.7926829268292683 0.14942233970723504 0.033280823733224524 0.3865518590140721 0.0430483296835121
J2007.9-4432 LogParabola nlsy1 LSP 690.91034 1.1705118 0.25230798 2.76023426305048e-08 "" "" "" "" "" "" "" "" "" "" 0.8974358974358975 0.9527082457276607 0.06142844253119634 0.9760677464846693 0.03146730478106274
J2009.4-4849 LogParabola BLL HSP 160.51767 0.37974763 0.08601614 1.5566365634021577e-08 "" "" "" "" "" 0.4722838137472284 -0.03400907801804667 0.019336690597454503 0.0 0.1 0.016574585635359115 0.1391031753449255 0.022905914871018496 0.3729653808933552 0.030707829793950984
J2010.0+7229 LogParabola bll LSP 71.450134 0.26158735 0.06579822 2.125481329368598e-08 "" "" "" "" "" 0.9836065573770492 -0.0846182726877196 0.010382714932881745 0.0 0.1 0.0958904109589041 0.07656225576265346 0.02012317076254751 0.27669885392363563 0.036362945630597325
J2012.0+4629 LogParabola bll ISP 561.0523 0.5997166 0.13030848 2.700468640403008e-08 "" "" "" "" "" 0.5591647331786543 0.1935788279893449 0.020872168611286282 0.43997594023917364 0.023719670443729315 0.11842105263157894 0.39822937767628697 0.025958632450019437 0.6310541796678689 0.02056767333644931
J2015.5+3710 LogParabola FSRQ LSP 171.03093 0.41316643 0.094407104 1.1508828286323063e-07 "" "" "" "" "" 0.4727272727272727 0.5339551202423081 0.021218900170356655 0.7307223277294242 0.014519126736068276 0.042682926829268296 0.7748903838095871 0.02626358674491576 0.8802785830687846 0.014917769925378006
J2022.5+7612 LogParabola bll LSP 123.385056 0.42866638 0.10020196 1.776947125154994e-08 "" "" "" "" "" "" "" "" "" "" 0.1357142857142857 0.21006964004781206 0.030386039548898906 0.45833354671877563 0.03314839134777885
J2025.3+3341 LogParabola bll LSP 132.53114 0.6118398 0.14161 5.407160338992571e-08 "" "" "" "" "" "" "" "" "" "" 0.8142857142857143 0.48976163000521344 0.048100747108923786 0.6998297150058815 0.034366036535416
J2025.6-0735 LogParabola fsrq LSP 3653.9766 0.7013914 0.14995778 1.463511575046193e-07 0.6376518218623481 1.1732615840846594 0.02007177738792496 1.0831720011543224 0.009265277059661221 0.3282442748091603 1.3593967801053888 0.021957011460239036 1.1659317218882883 0.009416079453039709 0.09937888198757763 1.3804278249953574 0.022167252405576387 1.1749160927467788 0.009433547017707728
J2029.5+4925 LogParabola bll LSP 149.17583 0.68127877 0.15564959 1.516512434394305e-08 "" "" "" "" "" "" "" "" "" "" 0.96 0.18842693691457368 0.04156085106465671 0.43408171686282027 0.04787215108369893
J2034.6+1154 LogParabola fsrq LSP 229.93904 1.0000895 0.22249903 2.0645867057284943e-08 "" "" "" "" "" "" "" "" "" "" 0.8902439024390244 1.3960318035912311 0.10264270727302507 1.1815378976534063 0.04343606221894306
J2035.4+1056 LogParabola fsrq LSP 3105.0142 1.3221852 0.2825995 7.825227497610405e-08 "" "" "" "" "" "" "" "" "" "" 0.4036697247706422 2.439746589026565 0.049918582466222286 1.5619688181991869 0.015979378680482888
J2049.9+1002 LogParabola bll LSP 59.07644 0.35726246 0.09276069 2.093538074468378e-08 "" "" "" "" "" "" "" "" "" "" 0.30701754385964913 0.14801737832843428 0.029140336005931893 0.38473026697731266 0.037871124924582916
J2052.2-5533 LogParabola bcu "" 931.71045 1.1344237 0.2442045 2.3215126037618318e-08 "" "" "" "" "" "" "" "" "" "" 0.8117647058823529 0.8414424729810576 0.0441244550692737 0.9173017349711368 0.02405122185376772
J2056.2-4714 LogParabola fsrq LSP 2659.6853 0.5755847 0.1232019 1.4490174271529002e-07 0.4150596877869605 0.5277926896424643 0.013814639688389871 0.726493420233428 0.009507752791450691 0.2054794520547945 0.6336690970174025 0.015379358697540228 0.7960333516991625 0.009659996446576278 0.05325443786982249 0.7055762525327302 0.01564840815068064 0.8399858644838794 0.009314685408602467
J2115.4+2932 LogParabola fsrq LSP 900.98346 0.6645908 0.14334932 6.270046425637618e-08 "" "" "" "" "" 0.8605341246290801 0.41542642217659076 0.027221465578858198 0.6445358191571596 0.0211171084443801 0.13157894736842105 0.8017431855806307 0.03626475746025562 0.8954011311030553 0.02025056491473304
J2116.2+3339 LogParabola bll ISP 157.5034 0.35168135 0.080436185 1.534373808395676e-08 "" "" "" "" "" 0.6982097186700768 -0.023303273991717922 0.01967138209858967 0.0 0.1 0.0875 0.18857812684968406 0.027365503944193712 0.43425583110613963 0.031508504876593256
J2126.3-4605 LogParabola FSRQ LSP 602.94507 1.265639 0.2739464 2.402880243474581e-08 "" "" "" "" "" "" "" "" "" "" 0.5632183908045977 0.6668520938212275 0.05119331227024004 0.8166101235113532 0.03134501446670365
J2134.2-0154 LogParabola bll LSP 115.04185 0.5300528 0.12328252 1.660230093355142e-08 "" "" "" "" "" "" "" "" "" "" 0.5048543689320388 0.4690762984450977 0.05667298237951166 0.6848914501182634 0.041373696787808986
J2139.4-4235 LogParabola bll ISP 850.6859 0.4973295 0.10732325 4.8352355885846617e-08 0.4666666666666667 0.12814555132315458 0.013374984768844368 0.3579742327642516 0.01868149093520459 0.18446601941747573 0.24699784687994727 0.015824893560486917 0.49698877943062986 0.015920775493781316 0.005434782608695652 0.3320055877164259 0.01628763203412189 0.57619926042683 0.014133680093633347
J2141.7-6410 LogParabola bcu LSP 2109.9617 1.09208 0.23384175 4.0787664669863724e-08 "" "" "" "" "" "" "" "" "" "" 0.6082474226804123 1.0911888382783488 0.03818413938418494 1.0445998460072397 0.018276921794568357
J2143.5+1743 LogParabola fsrq LSP 1208.7343 0.45293558 0.097647555 1.2172948583642114e-07 0.707395498392283 0.1483420358842232 0.011273912942772515 0.3851519646635899 0.014635668485580346 0.3843137254901961 0.23049267090185552 0.012821150552890192 0.4800965224846515 0.013352680088721198 0.2535211267605634 0.2935058490658158 0.013438822550587912 0.5417618010397335 0.01240288861709751
J2145.0-3356 LogParabola fsrq LSP 346.17874 0.7274973 0.15958646 2.0303434651338696e-08 "" "" "" "" "" "" "" "" "" "" 0.6593406593406593 0.958977228523372 0.05789758707792481 0.9792738271409953 0.029561490092591205
J2147.1+0931 LogParabola FSRQ LSP 670.74304 0.7601166 0.16457844 4.696479468800814e-08 "" "" "" "" "" "" "" "" "" "" 0.2972972972972973 0.5756633678759696 0.03653107032298718 0.7587248301432935 0.024073991565616668
J2147.3-7536 LogParabola FSRQ LSP 3458.676 0.9232656 0.19747509 8.930060480545318e-08 "" "" "" "" "" 0.9266862170087976 0.8670590264725696 0.024253245959719342 0.9311600434257097 0.013023135029770167 0.33043478260869563 1.2191927707379244 0.028599894221658602 1.1041706257358617 0.012950849060397045
J2151.8-3027 LogParabola fsrq LSP 1235.7162 0.89194965 0.19167346 7.282260879765566e-08 "" "" "" "" "" "" "" "" "" "" 0.30578512396694213 1.0691786159565488 0.037682028680202484 1.0340109360913687 0.018221291170595882
J2153.8-1137 LogParabola fsrq LSP 77.955086 0.51070076 0.12551743 1.981265734498002e-08 "" "" "" "" "" "" "" "" "" "" 0.7241379310344828 0.11047836585249982 0.031140595213864992 0.33238286034707 0.04684446601931937
J2157.5+3127 LogParabola fsrq LSP 1848.62 1.2112029 0.25942317 3.646450201607297e-08 "" "" "" "" "" "" "" "" "" "" 0.36607142857142855 1.1913731854045415 0.04260681540638299 1.091500428494896 0.01951754405865642
J2158.8-3013 LogParabola bll HSP 745.36664 0.25221577 0.054557394 1.1603640015815858e-07 0.07185273159144893 0.2137872531752448 0.008336807554667612 0.4623713368876198 0.00901527288735665 0.021879021879021878 0.24516428832105716 0.008900767097193396 0.4951406752843652 0.008988119479460639 0.0 0.2041917794537992 0.0072601151306031265 0.45187584517630414 0.008033307387530877
J2201.5-8339 LogParabola fsrq LSP 418.89417 0.6786298 0.14843492 3.858052778842803e-08 "" "" "" "" "" "" "" "" "" "" 0.391304347826087 0.5318899424372986 0.03035942184971536 0.7293078516218638 0.020813859183197374
J2202.7+4216 LogParabola BLL LSP 4421.8706 0.43420082 0.09280248 3.333168586616739e-07 0.04312354312354312 1.1793302511610275 0.007839542102289137 1.0859697284736014 0.0036094662202546405 0.011464968152866241 1.1623146218719842 0.0077635844519076385 1.0781069621665487 0.003600563174319015 0.0 0.9512395174813304 0.006814163631999751 0.975315086257426 0.003493313970025688
J2203.4+1725 LogParabola fsrq LSP 1286.9769 1.0170888 0.21838379 4.03459864813274e-08 "" "" "" "" "" "" "" "" "" "" 0.5684210526315789 0.5157922150907793 0.03275416535981868 0.7181867550232177 0.022803376093144315
J2206.8-0032 LogParabola bll LSP 107.84711 0.5887913 0.13934891 1.1972719150714495e-08 "" "" "" "" "" "" "" "" "" "" 0.7215189873417721 0.1344359391351621 0.044574256754246894 0.36665506833420713 0.06078500013208236
J2207.5-5346 PowerLaw fsrq LSP 94.27744 0.45985746 0.10921589 1.7912743171408847e-08 "" "" "" "" "" "" "" "" "" "" 0.3217391304347826 0.26689845699052833 0.03577297217898671 0.5166221607621264 0.03462198768846273
J2229.7-0832 LogParabola FSRQ LSP 1000.52563 0.59595615 0.12845342 8.774570339726472e-08 0.9972862957937585 0.24835875894652046 0.016233511101898794 0.49835605639594716 0.01628706112181886 0.47072072072072074 0.35427715918411884 0.018443363548384665 0.5952118607555791 0.015493108222820129 0.09868421052631579 0.5262363334866627 0.02174909646806314 0.7254214867831409 0.014990661887138768
J2232.6+1143 LogParabola FSRQ LSP 84340.76 1.4631274 0.31196892 6.99119446744094e-07 0.11147116007777058 3.2529208133690632 0.012689974396640647 1.8035855436793298 0.0035179851715691265 0.03913630229419703 3.6624865006056444 0.013234138385564718 1.9137623939783237 0.003457623168687527 0.0 3.5427358157886464 0.01295250185438356 1.8822156666515786 0.0034407592296332823
J2234.1-2656 LogParabola bll LSP 214.08388 0.67287993 0.1512826 1.0496828347407474e-08 "" "" "" "" "" "" "" "" "" "" 0.5698924731182796 0.20699685828975434 0.04451341928105262 0.4549690739926774 0.04891917036296082
J2235.3-4836 LogParabola fsrq LSP 166.6503 0.5360898 0.12239588 1.938643632422902e-08 "" "" "" "" "" "" "" "" "" "" 0.6888888888888889 0.2458895600149356 0.036771825157724224 0.4958725239564455 0.03707790145774849
J2236.3+2828 LogParabola fsrq LSP 877.71924 0.43792218 0.09454231 7.744537437369006e-08 0.5536609829488466 0.2557612188630056 0.013568213662325029 0.5057284042477797 0.01341452600680635 0.24338624338624337 0.40546901574139105 0.016235189349984278 0.6367644900129019 0.012748189954542946 0.029585798816568046 0.5349880480681793 0.021790537663288225 0.7314287716983653 0.014895871277179158
J2236.5-1433 LogParabola BLL LSP 1812.4861 0.7768129 0.16642071 6.602012202725975e-08 0.7326732673267327 1.2275925112414903 0.027932644202418706 1.1079677392602594 0.012605350865661523 0.3041825095057034 1.4349287051285662 0.030691980022123637 1.1978850967970869 0.012810903192713581 0.03529411764705882 1.3900660520208454 0.03011059674941911 1.1790106242188174 0.01276943401988834
