4LAC_variability_analysis/resulting_catalogs/selected_rows_3days.ecsv
# %ECSV 1.0
# ---
# datatype:
# - {name: Source_Name, datatype: string}
# - {name: RAJ2000, datatype: float32}
# - {name: DEJ2000, datatype: float32}
# - {name: Redshift, datatype: float64}
# - {name: SpectrumType, datatype: string}
# - {name: Pivot_Energy, datatype: float32}
# - {name: PL_Flux_Density, datatype: float32}
# - {name: PL_Index, datatype: float32}
# - {name: LP_Flux_Density, datatype: float32}
# - {name: LP_Index, datatype: float32}
# - {name: LP_beta, datatype: float32}
# - {name: CLASS, datatype: string}
# - {name: SED_class, datatype: string}
# - {name: Variability_Index, datatype: float32}
# - {name: Frac_Variability, datatype: float32}
# - {name: Unc_Frac_Variability, datatype: float32}
# - {name: Flux1000, datatype: float32}
# - {name: Unc_Flux1000, datatype: float32}
# - {name: Spectrum_Flux_Estimated, datatype: float64}
# - {name: Norm_Excess_Variance_Estimated, datatype: float64}
# - {name: Unc_Norm_Excess_Variance_Estimated, datatype: float64}
# - {name: Frac_Variability_Estimated, datatype: float64}
# - {name: Unc_Frac_Variability_Estimated, datatype: float64}
# schema: astropy-2.0
Source_Name RAJ2000 DEJ2000 Redshift SpectrumType Pivot_Energy PL_Flux_Density PL_Index LP_Flux_Density LP_Index LP_beta CLASS SED_class Variability_Index Frac_Variability Unc_Frac_Variability Flux1000 Unc_Flux1000 Spectrum_Flux_Estimated Norm_Excess_Variance_Estimated Unc_Norm_Excess_Variance_Estimated Frac_Variability_Estimated Unc_Frac_Variability_Estimated
[from data line 336]
J1553.6-2422 238.4026 -24.3687 0.332 LogParabola 1015.1375 1.7871351e-12 2.2884138 1.9153876e-12 2.2303631 0.060522385 fsrq "" 259.16922 0.86501026 0.19104882 1.5051348e-09 7.6566184e-11 2.3031425166657765e-08 "" "" "" ""
J1555.7+1111 238.9313 11.1884 0.433 LogParabola 3802.2622 1.0579324e-12 1.6814327 1.2479612e-12 1.5691522 0.09492203 BLL HSP 168.59612 0.1772438 0.040240552 1.481822e-08 2.3908076e-10 3.8871070718438146e-08 0.05154627323383249 0.006727521928538071 0.22703804358263946 0.014815847208640442
J1603.8-4903 240.9665 -49.0617 0.232 LogParabola 3311.531 5.293038e-13 2.005088 5.4971874e-13 1.9149035 0.049963295 bll ISP 485.84818 0.6767577 0.14770135 5.6176983e-09 2.001219e-10 3.507238584969056e-08 -0.07973743520879684 0.00987537557470701 0.0 0.1
J1604.5-4441 241.1277 -44.6903 -inf LogParabola 1851.7206 6.2117623e-13 2.3574116 6.773959e-13 2.3236585 0.0763852 bll LSP 279.5366 0.9284181 0.20472036 2.0607795e-09 1.11464164e-10 3.074545025954736e-08 "" "" "" ""
J1604.6+5714 241.1585 57.2381 0.72 LogParabola 677.077 5.966742e-12 2.4235601 6.4966847e-12 2.3716936 0.08068682 fsrq LSP 131.74571 0.26235613 0.06057467 1.6594383e-09 5.424242e-11 3.791539966045546e-08 "" "" "" ""
J1608.7+1029 242.1764 10.4938 1.226 LogParabola 541.2995 6.1078473e-12 2.5583327 7.1809217e-12 2.4073262 0.17989677 fsrq LSP 279.94467 0.86083996 0.19000515 8.460258e-10 5.5308886e-11 2.32334137743448e-08 "" "" "" ""
J1613.6+3411 243.4211 34.1982 1.399 LogParabola 663.3472 3.1257672e-12 2.420659 3.3170242e-12 2.372309 0.05568283 fsrq LSP 91.36565 0.3797552 0.09190635 8.331773e-10 4.515091e-11 1.9433013880505618e-08 "" "" "" ""
J1617.9-7718 244.4806 -77.304 1.71 LogParabola 701.20123 5.5109446e-12 2.6012037 6.3783622e-12 2.5927138 0.1296937 fsrq LSP 500.26013 0.6531088 0.14222477 1.3753664e-09 5.923513e-11 4.7849758804748696e-08 "" "" "" ""
J1625.7-2527 246.4453 -25.465 0.786 LogParabola 1251.8655 3.244998e-12 2.372391 3.7613966e-12 2.3223906 0.12588763 fsrq LSP 1855.3644 1.3883235 0.2972223 4.414639e-09 1.410555e-10 6.500352533465283e-08 "" "" "" ""
J1626.0-2950 246.515 -29.8486 0.815 LogParabola 628.5262 1.2858715e-11 2.5310512 1.5028185e-11 2.4330432 0.15032187 FSRQ LSP 567.45734 0.68170226 0.14812554 2.7134015e-09 9.942084e-11 7.116965695417335e-08 "" "" "" ""
J1628.6+7706 247.1545 77.1099 0.4 LogParabola 1148.9298 8.2034114e-13 2.0833406 8.803347e-13 1.9554747 0.081095316 bll LSP 243.17996 0.63512194 0.14145464 1.0764676e-09 4.611881e-11 8.15253202872903e-09 "" "" "" ""
J1630.7+5221 247.6815 52.3543 -999.0 LogParabola 1165.1665 1.0777751e-12 2.0136032 1.135311e-12 1.9214926 0.052902136 bll "" 150.41127 0.40790996 0.094005816 1.5120607e-09 5.6047066e-11 1.1811596262575997e-08 "" "" "" ""
J1635.2+3808 248.8168 38.1401 1.814 LogParabola 576.53674 6.486664e-11 2.4059699 7.702026e-11 2.3376691 0.13412744 FSRQ LSP 8472.668 0.7053676 0.15055846 1.2472594e-08 1.5438588e-10 2.832512475595902e-07 0.8763299947876307 0.011366336797900055 0.936124988870413 0.0060709504249082105
J1637.7+4717 249.4342 47.2913 0.735 LogParabola 562.1386 5.9206203e-12 2.4276824 6.282283e-12 2.3601143 0.06496617 fsrq LSP 734.81866 0.91588706 0.19799139 1.0412382e-09 4.680353e-11 2.471813114500973e-08 "" "" "" ""
J1640.4+3945 250.119 39.7626 1.66 PowerLaw 1455.612 9.999435e-13 2.4605305 1.025956e-12 2.437532 0.028471746 FSRQ LSP 437.65234 0.8274775 0.1801975 1.7230166e-09 6.986669e-11 4.98097603540332e-08 "" "" "" ""
J1642.9+3948 250.7341 39.8164 0.593 LogParabola 1244.3423 2.006456e-12 2.411705 2.1151598e-12 2.3979084 0.05490113 FSRQ LSP 236.88344 0.45033768 0.10042726 2.4633593e-09 8.010277e-11 5.2285231521889066e-08 0.9816708646474137 0.03003830385679562 0.9907930483443118 0.015158717507653005
J1645.6+6329 251.4051 63.4958 2.379 LogParabola 527.05084 3.3321625e-12 2.5782306 3.814973e-12 2.402789 0.17402047 fsrq LSP 126.63436 0.593776 0.13800134 4.229416e-10 3.2877027e-11 1.1714449486036846e-08 "" "" "" ""
J1647.5+4950 251.8923 49.8336 0.049 PowerLaw 878.0945 2.190394e-12 2.355358 2.2587303e-12 2.3393595 0.024545621 bll LSP 116.146416 0.3204272 0.075506344 1.1879147e-09 4.713507e-11 2.6975801015052304e-08 "" "" "" ""
J1649.4+5235 252.3637 52.5901 -999.0 LogParabola 993.1126 1.2491043e-12 2.1104243 1.3036421e-12 2.042732 0.042231627 bll ISP 113.97411 0.40318012 0.09494871 1.1502295e-09 5.0576883e-11 1.2164796287845065e-08 "" "" "" ""
J1650.3-5045 252.5894 -50.7515 -999.0 LogParabola 1337.5415 2.2751501e-12 2.3480952 2.3679164e-12 2.3032565 0.04164013 bll LSP 333.7602 0.6285829 0.13837625 3.441867e-09 1.228696e-10 6.091875057320289e-08 -0.045754594498905544 0.00854026250312153 0.0 0.1
J1653.8+3945 253.4738 39.7595 0.033 LogParabola 1507.9197 3.830254e-12 1.7904437 3.9188887e-12 1.7514668 0.018371556 BLL HSP 688.1423 0.3317155 0.07183891 1.0076448e-08 1.417036e-10 5.636650864977853e-08 0.02017316415507959 0.0066928141568240685 0.14203226448620604 0.023560893649886373
J1657.7+4808 254.4383 48.1368 1.669 LogParabola 576.5426 9.154498e-12 2.3984938 9.991514e-12 2.3103418 0.09237891 fsrq LSP 470.7028 0.49849886 0.10874601 1.7846701e-09 5.8455754e-11 3.7982474698360984e-08 "" "" "" ""
J1700.0+6830 255.0215 68.5042 0.301 LogParabola 658.63696 1.34017875e-11 2.3256922 1.4719607e-11 2.2343547 0.0954539 fsrq LSP 2309.8801 0.71383125 0.15283865 3.961885e-09 7.730575e-11 6.818066359740531e-08 0.5527084179961489 0.017139930670467034 0.7434436212626677 0.011527391035621844
J1703.6-6213 255.9117 -62.2215 1.755 LogParabola 964.4226 3.649631e-12 2.4256113 4.343669e-12 2.3726273 0.16902477 fsrq LSP 577.66486 0.7060818 0.15319797 2.525008e-09 8.437991e-11 4.350554304728308e-08 "" "" "" ""
J1704.1+7647 256.0367 76.7923 -inf LogParabola 687.7459 2.4840347e-12 2.5139215 2.6256536e-12 2.449816 0.06663732 bcu LSP 362.88217 0.86196834 0.18878163 6.580963e-10 3.6369026e-11 1.7909653805976378e-08 "" "" "" ""
J1709.7+4318 257.4316 43.3109 1.027 LogParabola 640.8727 7.6325266e-12 2.3411546 8.282371e-12 2.2524142 0.08519309 fsrq LSP 2017.4603 1.1331018 0.24259438 2.0776663e-09 6.44721e-11 3.756734696723819e-08 "" "" "" ""
J1717.5-3342 259.3985 -33.7003 -inf LogParabola 1901.0896 7.3943103e-13 2.5158093 8.49195e-13 2.5321276 0.12617835 bll LSP 227.50696 0.90964574 0.20272699 2.6942137e-09 1.6223399e-10 4.90344749870959e-08 "" "" "" ""
J1722.7+1014 260.686 10.2346 0.732 LogParabola 1192.9407 1.0268123e-12 2.2264364 1.1167008e-12 2.1533577 0.07338713 fsrq LSP 121.36121 0.59050226 0.13615428 1.3157283e-09 7.191225e-11 1.5918552021147754e-08 "" "" "" ""
J1723.6-7714 260.9219 -77.2376 -999.0 LogParabola 854.32806 4.6452486e-12 2.2859154 5.1998896e-12 2.1799514 0.10776807 bcu LSP 943.7254 0.8640727 0.18600476 2.7074152e-09 8.28771e-11 3.703184694628749e-08 0.24032736003420074 0.019596311264187528 0.49023194513842194 0.01998677509546457
J1724.2+4005 261.0509 40.0891 1.049 LogParabola 597.75354 3.5566118e-12 2.5009084 3.9933955e-12 2.356429 0.14608838 fsrq LSP 421.28473 1.0270233 0.22384277 6.8524186e-10 4.4105747e-11 1.5842511818958147e-08 "" "" "" ""
J1727.4+4530 261.8521 45.5108 0.717 LogParabola 476.52438 1.6836792e-11 2.4530928 1.8388156e-11 2.3399343 0.104115486 fsrq LSP 685.2486 0.55945164 0.1210843 1.898379e-09 6.096473e-11 4.688372183466363e-08 0.3719256440606797 0.016965640358365446 0.6098570685502298 0.013909521782453605
J1728.3+5013 262.0779 50.2267 0.055 PowerLaw 2982.8394 1.8606412e-13 1.7903543 1.9427897e-13 1.7614504 0.022096489 bll HSP 198.58339 0.50673234 0.1136946 1.6221405e-09 5.4358844e-11 1.0237436590466834e-08 "" "" "" ""
J1733.0-1305 263.2632 -13.0858 0.902 LogParabola 863.82806 1.0154139e-11 2.3618157 1.1595529e-11 2.2523005 0.12853785 FSRQ LSP 1106.7451 0.81917524 0.17609413 5.7301524e-09 1.4502503e-10 8.816803418266071e-08 0.4446929497219265 0.025632927596768437 0.6668530195792222 0.019219323332255858
J1734.3+3858 263.5984 38.9763 0.976 LogParabola 759.3039 7.1099207e-12 2.3207526 7.760453e-12 2.2452016 0.0884608 fsrq LSP 1370.9286 0.80035585 0.17178711 2.94482e-09 7.819142e-11 4.92264845592345e-08 "" "" "" ""
J1739.5+4955 264.886 49.932 1.545 LogParabola 711.3432 3.0141328e-12 2.3449683 3.2348577e-12 2.266544 0.07225123 fsrq LSP 242.14487 0.5688052 0.12691325 1.0496727e-09 4.865194e-11 1.8945844266785037e-08 "" "" "" ""
J1740.5+5211 265.1357 52.1927 1.381 LogParabola 511.73514 1.2666646e-11 2.4716656 1.3301451e-11 2.418264 0.051927637 fsrq LSP 923.37177 0.6933175 0.14942622 1.6568058e-09 5.5552538e-11 4.539763503832207e-08 0.3431406905251413 0.020925748986185617 0.5857821186457822 0.017861375689106045
J1748.6+7005 267.158 70.0969 0.77 LogParabola 1137.6848 3.5376019e-12 2.0250196 3.6968484e-12 1.951521 0.0442451 bll ISP 538.252 0.39159352 0.08511287 4.636943e-09 8.812514e-11 3.9279650903646074e-08 0.6180345315408666 0.024328272303305747 0.7861517229777383 0.01547301340964857
J1751.5+0938 267.8776 9.6456 0.322 LogParabola 824.70013 9.359833e-12 2.2433355 1.0299831e-11 2.1443605 0.08981803 bll LSP 939.7106 0.60481155 0.13030782 5.199314e-09 1.2114333e-10 6.821950087414627e-08 1.185596790007119 0.03268721590788223 1.0888511330788608 0.015009956326837399
J1754.2+3212 268.5532 32.2007 -999.0 LogParabola 1455.8191 9.610469e-13 1.9214121 1.0731522e-12 1.7500224 0.1051585 bll ISP 529.3083 0.7857984 0.17047593 2.3267814e-09 7.5832535e-11 1.111583248210328e-08 "" "" "" ""
J1800.6+7828 270.173 78.4674 0.68 LogParabola 616.84076 2.0495723e-11 2.2322822 2.1356627e-11 2.1762578 0.040448636 bll LSP 1270.2676 0.40755156 0.08758694 5.787741e-09 9.143157e-11 8.914258709885908e-08 1.3768167833959595 0.017053898968047026 1.173378363272461 0.007267007600380933
J1801.5+4404 270.3771 44.0747 0.663 LogParabola 614.2568 7.3160185e-12 2.3517396 7.87542e-12 2.268994 0.07521411 fsrq LSP 1395.0703 1.1319674 0.24275456 1.7772273e-09 6.089548e-11 3.375270410390951e-08 "" "" "" ""
J1802.6-3940 270.6711 -39.6687 0.296 LogParabola 772.99866 1.0210133e-11 2.3743603 1.1401599e-11 2.2656128 0.114917435 fsrq LSP 3345.9443 1.4684176 0.3138023 4.2993786e-09 1.1629259e-10 7.288634066410641e-08 "" "" "" ""
J1806.8+6949 271.7108 69.827 0.05 LogParabola 784.61884 7.157659e-12 2.3115828 7.521519e-12 2.263523 0.0480316 bll LSP 133.38974 0.18745932 0.043599475 3.1962317e-09 7.200887e-11 5.698711699169055e-08 -0.024399655049705638 0.007374892431954239 0.0 0.1
J1813.5+3144 273.3872 31.7497 0.117 LogParabola 2427.9978 2.860742e-13 2.0448215 3.0392586e-13 2.006638 0.041311547 bll HSP 303.69852 0.9961169 0.21849352 1.7204981e-09 8.7102665e-11 1.4408623615458594e-08 "" "" "" ""
J1816.9-4942 274.2439 -49.7158 1.7 LogParabola 989.823 1.2499593e-12 2.3520217 1.4731446e-12 2.2374973 0.16050942 fsrq LSP 217.22546 0.8293876 0.1853197 9.997543e-10 6.181072e-11 1.3172102468331174e-08 "" "" "" ""
J1821.6+6819 275.4034 68.3242 1.692 LogParabola 872.1426 2.0212196e-12 2.5058377 2.239994e-12 2.4463127 0.10797053 bcu LSP 690.2911 1.1264535 0.24337307 9.98983e-10 4.79771e-11 2.3533502272793678e-08 "" "" "" ""
J1824.1+5651 276.0393 56.8585 0.664 LogParabola 620.9367 7.8246186e-12 2.3958051 8.324446e-12 2.3225002 0.06649002 bll LSP 305.14993 0.41760546 0.09217024 1.8423466e-09 5.950722e-11 3.975181779253688e-08 0.1726424702573106 0.028431671957305307 0.415502671781194 0.0342135849998548
J1829.2-5813 277.3108 -58.2323 1.531 LogParabola 689.2124 1.0618194e-11 2.5318425 1.2303362e-11 2.5008736 0.1384869 fsrq "" 2803.7007 1.0819348 0.2314499 2.7183698e-09 7.9040656e-11 7.818556398486563e-08 "" "" "" ""
J1829.5+4845 277.3997 48.7646 0.695 LogParabola 565.1787 8.053483e-12 2.4239511 8.581936e-12 2.3536656 0.0655033 css LSP 83.62836 0.23906766 0.058336657 1.4516077e-09 5.565983e-11 3.394336460144482e-08 0.06870871011279331 0.026642954300267908 0.2621234634915259 0.050821383834509806
J1833.6-2103 278.4101 -21.0574 2.507 LogParabola 629.90094 1.2871261e-10 2.48788 1.4677841e-10 2.3814874 0.12858963 FSRQ LSP 39822.453 1.4218992 0.3032021 2.8880303e-08 2.928293e-10 6.847659524212621e-07 2.457275971585396 0.012175553942205245 1.567570085063311 0.0038835756238973836
J1838.8+4802 279.7141 48.0412 -999.0 LogParabola 1630.6211 8.4471715e-13 1.8574708 8.8122153e-13 1.7764575 0.039924625 bll HSP 259.66443 0.4606858 0.10240048 2.4937463e-09 7.3542936e-11 1.3902299998424718e-08 -0.11133860420058983 0.011161311135134022 0.0 0.1
J1844.4+1547 281.1174 15.7888 -999.0 LogParabola 2370.023 3.7981922e-13 2.0607545 4.2679225e-13 1.9641404 0.09729987 bll HSP 93.75865 0.4556122 0.109152526 2.2222937e-09 1.03290175e-10 1.346094825691294e-08 "" "" "" ""
J1848.4+3217 282.105 32.295 0.798 LogParabola 1160.5457 1.8496066e-12 2.4087 2.2036732e-12 2.3062162 0.17610675 FSRQ LSP 649.74146 1.1179153 0.24168858 2.1087403e-09 9.381747e-11 2.7731668972612424e-08 "" "" "" ""
J1848.5+3243 282.1456 32.7309 0.981 LogParabola 1330.0416 1.226774e-12 2.458897 1.4254758e-12 2.4932618 0.11851115 fsrq LSP 579.0758 1.0701126 0.23137107 1.8363608e-09 8.46492e-11 3.808449496201394e-08 "" "" "" ""
J1849.2+6705 282.3192 67.0909 0.657 LogParabola 907.976 5.9179332e-12 2.3023942 6.5624897e-12 2.2414339 0.09357257 FSRQ LSP 2199.98 0.9129095 0.19530798 3.813952e-09 8.204557e-11 5.876999829569233e-08 0.5954088591056584 0.023047435695152035 0.7716274095090573 0.014934303402866292
J1852.4+4856 283.116 48.935 1.25 LogParabola 789.26355 2.3752966e-12 2.2876499 2.521899e-12 2.2148993 0.05946312 fsrq LSP 566.03723 0.9899803 0.21453604 1.1203924e-09 5.212533e-11 1.7716532710252335e-08 "" "" "" ""
J1858.3-2511 284.5752 -25.1991 -inf LogParabola 991.7099 1.7001694e-12 2.3883169 2.0738953e-12 2.2557824 0.20277384 bcu LSP 85.79193 0.48289028 0.11889754 1.3586531e-09 8.182837e-11 1.7239215396625377e-08 "" "" "" ""
J1902.9-6748 285.7432 -67.8068 0.255 LogParabola 637.3739 6.9623834e-12 2.399328 7.893121e-12 2.2645922 0.13966331 fsrq LSP 693.7701 0.72034883 0.15597454 1.7798814e-09 6.38392e-11 3.28741727991305e-08 "" "" "" ""
J1903.2+5540 285.8077 55.6773 -999.0 LogParabola 1282.0115 2.3540646e-12 1.9437206 2.575169e-12 1.8150735 0.08026914 bll LSP 98.26617 0.17650832 0.042478547 4.3233e-09 9.0303175e-11 2.5454932769532288e-08 -0.091522305502875 0.006174439383713909 0.0 0.1
J1911.2-2006 287.8078 -20.1137 1.119 LogParabola 684.42096 1.4282856e-11 2.4587893 1.6570191e-11 2.3624082 0.14720164 fsrq LSP 749.2769 0.5579502 0.120726325 4.042426e-09 1.11005434e-10 8.718438085935788e-08 0.16084807515931074 0.017715850845491942 0.4010586929107892 0.022086356883221362
J1912.4-1222 288.1185 -12.3678 -inf LogParabola 1546.4744 5.550954e-13 2.3936477 7.059267e-13 2.3432589 0.24719863 bcu "" 57.84915 0.45652297 0.121355064 1.3127157e-09 9.389343e-11 1.221382953714734e-08 "" "" "" ""
J1913.0-8009 288.27 -80.1574 1.756 LogParabola 786.6042 3.9011303e-12 2.4059813 4.4970885e-12 2.2893286 0.1412144 fsrq LSP 458.53406 0.8094883 0.1762631 1.6877023e-09 7.122953e-11 2.9045728427678933e-08 "" "" "" ""
J1917.7-1921 289.4384 -19.3628 0.137 LogParabola 1499.9037 1.4887736e-12 1.9406775 1.5255611e-12 1.898122 0.02227992 bll HSP 58.466263 0.1870167 0.050907712 3.51201e-09 1.0363151e-10 2.666519907763379e-08 "" "" "" ""
J1924.8-2914 291.2136 -29.2468 0.353 LogParabola 718.8823 5.2595883e-12 2.367729 5.5736566e-12 2.3110087 0.054426722 fsrq LSP 295.6829 0.61988395 0.13672334 1.8193574e-09 7.6989345e-11 3.6470760407982775e-08 "" "" "" ""
J1941.3-6210 295.3468 -62.1753 -inf LogParabola 600.13556 1.4649173e-11 2.4073725 1.615155e-11 2.3313482 0.0934447 bll LSP 1230.7968 0.6338519 0.13630345 3.1123635e-09 7.995229e-11 6.817887581570513e-08 0.23009331879031425 0.017976970885320666 0.4796804340290672 0.018738486719505548
J1954.6-1122 298.6693 -11.3815 0.683 LogParabola 876.8071 2.0932754e-12 2.4143467 2.2971655e-12 2.3730087 0.07516682 bll LSP 200.85562 0.7145216 0.16184022 1.1285627e-09 6.9491725e-11 2.385696640428163e-08 "" "" "" ""
J1955.4+5132 298.8575 51.5434 1.214 LogParabola 990.0417 9.92239e-13 2.4758635 1.1417875e-12 2.4107182 0.12773404 fsrq LSP 132.50438 0.74761087 0.17199881 7.128834e-10 5.1096103e-11 1.4137495057891304e-08 "" "" "" ""
