4LAC_variability_analysis/resulting_catalogs/selected_rows_3days.ecsv
# %ECSV 1.0
# ---
# datatype:
# - {name: Source_Name, datatype: string}
# - {name: RAJ2000, datatype: float32}
# - {name: DEJ2000, datatype: float32}
# - {name: Redshift, datatype: float64}
# - {name: SpectrumType, datatype: string}
# - {name: Pivot_Energy, datatype: float32}
# - {name: PL_Flux_Density, datatype: float32}
# - {name: PL_Index, datatype: float32}
# - {name: LP_Flux_Density, datatype: float32}
# - {name: LP_Index, datatype: float32}
# - {name: LP_beta, datatype: float32}
# - {name: CLASS, datatype: string}
# - {name: SED_class, datatype: string}
# - {name: Variability_Index, datatype: float32}
# - {name: Frac_Variability, datatype: float32}
# - {name: Unc_Frac_Variability, datatype: float32}
# - {name: Flux1000, datatype: float32}
# - {name: Unc_Flux1000, datatype: float32}
# - {name: Spectrum_Flux_Estimated, datatype: float64}
# - {name: Norm_Excess_Variance_Estimated, datatype: float64}
# - {name: Unc_Norm_Excess_Variance_Estimated, datatype: float64}
# - {name: Frac_Variability_Estimated, datatype: float64}
# - {name: Unc_Frac_Variability_Estimated, datatype: float64}
# schema: astropy-2.0
Source_Name RAJ2000 DEJ2000 Redshift SpectrumType Pivot_Energy PL_Flux_Density PL_Index LP_Flux_Density LP_Index LP_beta CLASS SED_class Variability_Index Frac_Variability Unc_Frac_Variability Flux1000 Unc_Flux1000 Spectrum_Flux_Estimated Norm_Excess_Variance_Estimated Unc_Norm_Excess_Variance_Estimated Frac_Variability_Estimated Unc_Frac_Variability_Estimated
J0001.5+2113 0.3815 21.2183 1.106 LogParabola 329.77374 4.683598e-11 2.65406 5.3715615e-11 2.5141594 0.15931939 fsrq ISP 1910.9358 0.9961379 0.21347848 1.3473536e-09 6.172809e-11 6.391698902983224e-08 "" "" "" ""
J0009.3+5030 2.3466 50.5115 -999.0 LogParabola 1379.1864 1.2287697e-12 1.9903688 1.3288885e-12 1.8838742 0.06952761 bll HSP 204.73532 0.40872404 0.092225395 2.489704e-09 7.7208656e-11 1.6757091625038766e-08 "" "" "" ""
J0011.4+0057 2.8551 0.9646 1.492 LogParabola 757.1697 1.7565124e-12 2.353539 1.8841597e-12 2.2449186 0.08350547 fsrq LSP 231.06699 0.9843933 0.2190029 7.1480244e-10 5.3551368e-11 1.1995542883639901e-08 "" "" "" ""
J0017.5-0514 4.3949 -5.2347 0.227 LogParabola 894.58203 1.4479364e-12 2.5351584 1.6411511e-12 2.5720809 0.11479245 FSRQ LSP 277.9689 0.9674734 0.21379916 7.1459705e-10 5.0225817e-11 2.1430295929193944e-08 "" "" "" ""
J0019.6+7327 4.9031 73.456 1.781 LogParabola 1388.4132 6.108829e-13 2.609616 6.9013914e-13 2.6461496 0.10378197 fsrq LSP 428.9323 1.2626213 0.2755288 9.607424e-10 6.470253e-11 2.8318728063001814e-08 "" "" "" ""
J0022.5+0608 5.6376 6.1343 -inf LogParabola 804.09937 4.0338804e-12 2.150342 4.2489397e-12 2.0767956 0.050636206 bll LSP 218.54457 0.45973346 0.10273961 2.2814748e-09 8.088515e-11 2.687140355246071e-08 "" "" "" ""
J0030.3-4224 7.5958 -42.4127 0.495 LogParabola 583.83954 5.7430076e-12 2.485549 6.120486e-12 2.447011 0.060920384 fsrq LSP 138.98315 0.37055287 0.08603619 1.0162055e-09 4.854586e-11 2.8809500542311667e-08 "" "" "" ""
J0030.6-0212 7.6558 -2.2014 1.804 LogParabola 640.09753 6.5716386e-12 2.3880467 7.4408014e-12 2.2964163 0.12340073 fsrq LSP 821.95544 0.86677736 0.18714087 1.6784072e-09 6.888576e-11 3.311832085087464e-08 "" "" "" ""
J0033.5-1921 8.3954 -19.3593 -999.0 LogParabola 1664.881 7.8087287e-13 1.7474272 8.621973e-13 1.5974872 0.07796197 bll HSP 92.86173 0.2741329 0.0667558 2.6887634e-09 8.437654e-11 9.815004089456027e-09 "" "" "" ""
J0035.9+5950 8.9823 59.8334 0.467 LogParabola 3176.7712 3.12921e-13 1.7652086 3.309022e-13 1.6679159 0.048305586 bll HSP 252.02275 0.4945189 0.10990695 3.0814222e-09 9.5923436e-11 1.201110323756939e-08 "" "" "" ""
J0038.2-2459 9.5589 -24.9941 1.196 LogParabola 651.651 7.893888e-12 2.238115 8.634166e-12 2.149747 0.08522936 fsrq LSP 2709.9248 1.3562248 0.28996694 2.524795e-09 7.689771e-11 3.656834326211453e-08 "" "" "" ""
J0043.8+3425 10.9717 34.4316 0.966 LogParabola 1355.8708 1.291535e-12 1.943901 1.3974196e-12 1.8468376 0.063086845 fsrq LSP 224.46927 0.4441203 0.099531844 2.6094356e-09 8.3847776e-11 1.659317067298205e-08 -0.01947133413902136 0.015863097641485597 0.0 0.1
J0045.3+2128 11.3396 21.4668 0.425 LogParabola 2143.494 2.7948789e-13 1.812183 3.0377052e-13 1.6685804 0.07657238 bll HSP 250.93938 0.8666426 0.19069557 1.4108049e-09 6.470435e-11 5.343042545879169e-09 "" "" "" ""
J0049.7+0237 12.4377 2.6273 1.474 LogParabola 858.74255 2.6521628e-12 2.1369133 2.9079137e-12 2.0213416 0.08970468 bll LSP 236.63927 0.50197613 0.112902254 1.7971636e-09 7.284694e-11 1.8051977520196372e-08 "" "" "" ""
J0050.0-5736 12.5197 -57.6164 1.797 PowerLaw 821.7952 1.9539082e-12 2.4415953 1.9593055e-12 2.4402268 0.0023519155 fsrq LSP 741.8053 1.2299153 0.26537967 8.3857526e-10 4.251342e-11 2.321036693711337e-08 "" "" "" ""
J0050.4-0452 12.6121 -4.8806 0.92 LogParabola 742.3523 2.5284933e-12 2.3262928 2.7939855e-12 2.236397 0.09421534 fsrq LSP 224.74948 0.7686617 0.17082424 1.0050158e-09 5.870524e-11 1.6572329695841097e-08 "" "" "" ""
J0050.7-0929 12.6753 -9.4936 0.635 LogParabola 959.8714 4.066104e-12 2.009811 4.3360424e-12 1.919361 0.05795893 BLL ISP 173.04103 0.2895267 0.065945946 3.8891583e-09 1.01961675e-10 3.1433391421994014e-08 -0.049707680884281194 0.011065332861446486 0.0 0.1
J0051.1-0648 12.7824 -6.8096 1.975 LogParabola 677.07654 2.7826658e-12 2.3672576 3.190915e-12 2.2497184 0.12995927 fsrq LSP 187.1347 0.74358106 0.16811486 8.6245966e-10 5.691453e-11 1.4987931577000044e-08 "" "" "" ""
J0051.2-6242 12.8243 -62.7037 -999.0 LogParabola 2342.8596 3.0072104e-13 1.7432879 3.3787057e-13 1.5515451 0.102955565 bll HSP 166.1224 0.48359662 0.10924634 1.846706e-09 6.4246684e-11 5.293204354102136e-09 "" "" "" ""
J0051.5-4220 12.8793 -42.3455 1.749 LogParabola 311.58685 1.2113541e-11 2.7621784 1.480528e-11 2.5629444 0.2359827 fsrq LSP 109.69057 0.6494442 0.15332252 2.3496555e-10 3.17813e-11 1.512173743085013e-08 "" "" "" ""
J0102.8+5824 15.701 58.4092 0.644 LogParabola 1611.0635 1.6498522e-12 2.284425 1.8043058e-12 2.2754097 0.06537057 fsrq LSP 955.4202 0.877021 0.18849501 4.024137e-09 1.1221336e-10 5.908612182150528e-08 0.19559050641126183 0.01582250229845567 0.44225615474661495 0.017888391296126755
J0104.8-2416 16.2146 -24.2808 1.747 LogParabola 444.7571 4.078809e-12 2.6129417 4.5247243e-12 2.5012763 0.11965372 fsrq LSP 86.89989 0.66464436 0.16205388 3.031849e-10 3.4054547e-11 1.100375262957302e-08 "" "" "" ""
J0105.1+3929 16.2913 39.4963 0.44 PowerLaw 1111.0509 4.551647e-13 2.3178937 4.923433e-13 2.2733808 0.05830534 bll LSP 102.91723 0.78234667 0.1856753 4.3997178e-10 3.7210478e-11 7.655891582866501e-09 "" "" "" ""
J0108.6+0134 17.1695 1.5819 2.099 LogParabola 544.3964 5.791263e-11 2.3578417 6.558869e-11 2.2835996 0.112387925 fsrq LSP 7107.277 0.85781705 0.18312162 1.009774e-08 1.494843e-10 2.097444350944693e-07 0.9612246579345263 0.009987984314926347 0.9804206535638293 0.00509372394319725
J0109.7+6133 17.445 61.5615 0.783 LogParabola 938.71326 3.7058013e-12 2.6060605 4.4597308e-12 2.6031365 0.15851876 fsrq LSP 1024.9794 1.087106 0.23398246 2.116121e-09 8.793586e-11 6.044853584552656e-08 "" "" "" ""
J0112.1+2245 18.0294 22.7515 0.265 LogParabola 769.33295 1.488787e-11 2.074247 1.5957858e-11 1.9903638 0.060171682 BLL LSP 475.1801 0.2763648 0.060319703 8.395712e-09 1.3709217e-10 8.296356202413283e-08 0.18010404604885943 0.010745317654108804 0.424386670442015 0.012659819926621569
J0112.8+3208 18.2227 32.1399 0.603 LogParabola 528.4363 1.4454217e-11 2.3411708 1.558552e-11 2.2445264 0.07890747 fsrq LSP 1211.0096 0.7968676 0.1713113 2.4911155e-09 7.624785e-11 4.726379057370367e-08 2.5832099090280325 0.03331844930233534 1.6072367308607753 0.010365134352203124
J0113.4+4948 18.3682 49.8054 0.389 LogParabola 1137.6779 1.314962e-12 2.2131813 1.4404796e-12 2.128539 0.080808476 fsrq LSP 460.0459 1.0018237 0.21734662 1.539821e-09 6.731293e-11 1.768009055001285e-08 "" "" "" ""
J0115.8+2519 18.9539 25.3324 0.376 PowerLaw 2437.2585 2.9353028e-13 1.9108651 3.030083e-13 1.8915883 0.017504014 bll HSP 304.21786 0.73455894 0.1616985 1.7417411e-09 6.750847e-11 1.4356177236223592e-08 "" "" "" ""
J0116.0-1136 19.0006 -11.606 0.67 PowerLaw 781.47424 1.9797209e-12 2.3714983 2.087695e-12 2.3522072 0.040427964 fsrq LSP 326.32373 0.96741605 0.21225941 8.0318907e-10 4.8380494e-11 1.8927154763695183e-08 "" "" "" ""
J0118.9-2141 19.7254 -21.6948 1.165 LogParabola 1058.3154 2.989399e-12 2.3045197 3.224102e-12 2.3009994 0.055907086 fsrq LSP 369.026 0.472508 0.10375274 2.6758105e-09 8.4688194e-11 4.7448033420430226e-08 "" "" "" ""
J0120.4-2701 20.1227 -27.0229 -999.0 LogParabola 1112.8629 2.4655937e-12 1.9200784 2.6003505e-12 1.8358262 0.047502995 bll ISP 43.229836 0.13638946 0.03891492 3.4171237e-09 9.1138125e-11 2.273947099947081e-08 -0.1268297921144533 0.008457367712150885 0.0 0.1
J0132.7-1654 23.176 -16.9103 1.02 LogParabola 731.2589 5.43823e-12 2.3212886 5.9601265e-12 2.2662163 0.08551501 fsrq LSP 305.16937 0.47214955 0.10427089 2.0315667e-09 7.0693645e-11 3.605955152491446e-08 0.3070081905735937 0.02617850995805094 0.554083198241558 0.023623266362462553
J0133.1-5201 23.2938 -52.0202 0.925 LogParabola 637.0943 6.087434e-12 2.3358567 6.678171e-12 2.23604 0.09901512 fsrq LSP 1387.2844 1.1514616 0.24699605 1.6452133e-09 5.945891e-11 2.8789062607447654e-08 "" "" "" ""
J0136.5+3906 24.1423 39.1 -999.0 LogParabola 1883.4265 1.067364e-12 1.7227784 1.1933183e-12 1.5631831 0.084061995 bll HSP 83.13328 0.19490844 0.047429387 4.634184e-09 1.03228995e-10 1.521812060297442e-08 -0.15240964682930427 0.004732706558500277 0.0 0.1
J0137.0+4751 24.2603 47.8637 0.859 LogParabola 719.52264 7.98299e-12 2.300774 8.820321e-12 2.1936252 0.100366995 fsrq LSP 2015.6206 0.9649051 0.20671915 3.043252e-09 8.4146135e-11 4.634112346117324e-08 0.1819493312990646 0.01532623503864703 0.42655519138684106 0.01796512543759869
J0137.6-2430 24.4069 -24.5163 0.835 LogParabola 376.11395 1.543824e-11 2.5562224 1.6848209e-11 2.4452941 0.10413406 fsrq LSP 488.75156 0.76297146 0.16627303 7.931238e-10 4.5669236e-11 2.7331158477873985e-08 "" "" "" ""
J0141.4-0928 25.3626 -9.4825 0.734 LogParabola 752.547 5.8329916e-12 2.1348064 6.1884317e-12 2.0515146 0.058350842 bll LSP 536.55927 0.58669096 0.1274828 2.9163671e-09 8.6667985e-11 3.296776716999218e-08 0.10481277842651508 0.014871451152636385 0.3237480168688529 0.02296763281589561
J0143.1-3622 25.7856 -36.3674 -inf LogParabola 592.62195 2.0017057e-12 2.4693704 2.2511784e-12 2.3839228 0.112461984 bcu LSP 155.10747 0.96139854 0.21878763 3.8477332e-10 3.5303985e-11 9.479233256883952e-09 "" "" "" ""
J0144.6+2705 26.1502 27.0899 -999.0 LogParabola 806.71155 1.0326949e-11 2.1271484 1.1332255e-11 2.0222726 0.08457923 bll LSP 327.11932 0.26877084 0.059400056 6.1470766e-09 1.2011488e-10 6.345457620061237e-08 -0.01925246497642825 0.007222644174106117 0.0 0.1
J0200.6-6637 30.1599 -66.626 1.28 PowerLaw 1042.8093 3.6605826e-13 2.5909972 3.7446774e-13 2.5885165 0.022724327 fsrq LSP 53.625526 0.52020544 0.14500447 2.5642607e-10 2.8180167e-11 1.0004514588765924e-08 "" "" "" ""
J0203.7+3042 30.9327 30.7139 0.761 LogParabola 883.1962 3.1211127e-12 2.2591026 3.4627015e-12 2.1503568 0.108720966 bll LSP 871.1923 1.0701646 0.23035291 1.994726e-09 7.3728135e-11 2.5286186944844324e-08 "" "" "" ""
J0204.8+1513 31.2182 15.2326 0.833 LogParabola 725.4398 2.2842928e-12 2.3326793 2.4727674e-12 2.24758 0.07479686 bcu LSP 119.74953 0.5740779 0.13476118 8.541873e-10 5.4687276e-11 1.469980252890905e-08 "" "" "" ""
J0205.0-1700 31.2637 -17.0022 1.74 LogParabola 397.2283 1.7518523e-11 2.6157267 1.9484487e-11 2.541923 0.11040744 fsrq LSP 285.9794 0.5228874 0.115864284 9.135086e-10 5.0307144e-11 3.808045354112776e-08 1.8866666878870897 0.04303003496145335 1.373559859593709 0.01566369119660405
J0205.2+3212 31.3089 32.203 1.466 LogParabola 544.84924 7.483833e-12 2.5978734 8.292475e-12 2.5524447 0.09399307 fsrq LSP 541.8589 0.8032445 0.17468774 9.622807e-10 5.307419e-11 3.524659983653884e-08 "" "" "" ""
J0206.4-1151 31.6018 -11.8576 1.663 LogParabola 663.06714 3.5772633e-12 2.4004157 3.794587e-12 2.3606837 0.053305678 fsrq LSP 259.51135 0.6850125 0.15236747 9.673109e-10 5.2498273e-11 2.201291910234686e-08 "" "" "" ""
J0209.3-5228 32.3493 -52.4799 0.211 LogParabola 1713.4707 6.5618144e-13 1.8452215 6.710698e-13 1.7879848 0.025344472 bll HSP 140.85785 0.3909652 0.09001382 2.101455e-09 6.985007e-11 1.2353286633041925e-08 "" "" "" ""
J0210.7-5101 32.6946 -51.0218 1.003 LogParabola 557.7483 4.95101e-11 2.3029833 5.4777714e-11 2.2176058 0.09285788 FSRQ LSP 11604.488 1.0616913 0.22650349 1.005848e-08 1.3472085e-10 1.7837935236406952e-07 0.7624366403595159 0.012623579947247917 0.8731761794503534 0.0072285411835182
J0211.2+1051 32.8091 10.8569 -999.0 LogParabola 922.2179 7.598321e-12 2.0766418 7.983732e-12 2.0171418 0.04240127 BLL ISP 577.5538 0.40740427 0.08857102 6.1641106e-09 1.2604404e-10 6.253728509619927e-08 0.10138269860452091 0.012217001047386036 0.31840649899856144 0.01918459749692677
J0217.2+0837 34.3163 8.6234 0.085 LogParabola 786.1794 3.8248675e-12 2.276576 4.062886e-12 2.2156117 0.055164576 bll LSP 89.34986 0.29613182 0.07249198 1.7978615e-09 7.497851e-11 2.8582274064234445e-08 "" "" "" ""
J0217.4+7352 34.3533 73.8804 2.367 LogParabola 520.08545 5.5123957e-12 2.8359418 6.9588593e-12 2.7986076 0.19033384 fsrq LSP 68.15894 0.44440037 0.11275711 4.6637105e-10 5.2752375e-11 2.9691228102580707e-08 "" "" "" ""
J0217.8+0144 34.4621 1.7346 1.715 LogParabola 687.9945 8.586704e-12 2.189976 9.239499e-12 2.1061742 0.06858059 fsrq LSP 548.079 0.5357675 0.11643792 3.3046041e-09 9.143211e-11 4.290219373467294e-08 0.08483199386659884 0.012821615957182692 0.2912593240852537 0.022010653216770006
J0221.1+3556 35.281 35.9359 0.944 LogParabola 790.45264 1.59502e-11 2.2803261 1.7063883e-11 2.2454233 0.052648164 FSRQ LSP 3546.609 0.9360773 0.19993097 7.459371e-09 1.2504398e-10 1.2628953978740143e-07 2.471218899228383 0.03374063525177372 1.57201110022429 0.010731678436290845
J0222.0-1616 35.5197 -16.2787 0.698 PowerLaw 1202.0728 5.5599655e-13 2.3824728 5.735466e-13 2.376208 0.0227308 fsrq LSP 237.51907 1.117042 0.24702404 6.2266026e-10 4.5223686e-11 1.5047124218323396e-08 "" "" "" ""
J0222.6+4302 35.6696 43.0357 -999.0 LogParabola 1245.5638 8.461546e-12 1.9705373 8.89262e-12 1.8918941 0.04641413 BLL ISP 1444.4158 0.43359333 0.09308504 1.3925621e-08 1.780536e-10 1.0197120880925802e-07 0.2672999115208329 0.010475466189556882 0.5170105526203821 0.010130805006265078
J0225.1-2604 36.2829 -26.0774 -inf LogParabola 430.5391 7.542781e-12 2.521261 8.115434e-12 2.4411972 0.080573305 bcu LSP 164.56895 0.5652544 0.12917997 5.8714406e-10 4.098426e-11 1.830295888275133e-08 "" "" "" ""
J0228.3-5547 37.0854 -55.7931 2.464 LogParabola 1217.1687 3.2868905e-12 2.2084758 3.8161605e-12 2.1988432 0.12174848 fsrq LSP 2371.9336 1.002751 0.2145076 4.4401665e-09 9.6444415e-11 5.22595282699181e-08 0.40360004054181503 0.019290524397752678 0.6352952388785981 0.015182330369580343
J0229.5-3644 37.3877 -36.7388 2.115 LogParabola 372.6214 1.3814327e-11 2.6062415 1.5607363e-11 2.469298 0.14158444 fsrq LSP 303.8079 0.67785543 0.14966527 6.290318e-10 4.145619e-11 2.4323205118254403e-08 "" "" "" ""
J0230.8+4032 37.7086 40.5416 1.019 LogParabola 740.73486 2.3502589e-12 2.446356 2.6372426e-12 2.303373 0.14331332 fsrq LSP 320.95453 0.92897654 0.20422795 8.3749296e-10 5.0538608e-11 1.53240730988108e-08 "" "" "" ""
J0231.2-4745 37.8209 -47.7654 0.765 LogParabola 639.6855 4.7360987e-12 2.503799 5.212049e-12 2.4306648 0.12039594 fsrq LSP 1924.044 1.6110141 0.34492114 1.0273636e-09 4.857194e-11 2.684451759963322e-08 "" "" "" ""
J0236.8-6136 39.2021 -61.6106 0.467 LogParabola 652.8953 3.016381e-12 2.3371654 3.1914408e-12 2.2599907 0.0609499 fsrq LSP 887.2367 1.4533852 0.3126444 8.632341e-10 4.462645e-11 1.5767697600377534e-08 "" "" "" ""
J0237.8+2848 39.4737 28.8044 1.206 LogParabola 511.63052 6.867149e-11 2.2854118 7.564282e-11 2.1798167 0.09068215 FSRQ LSP 7505.5464 0.7579326 0.16181545 1.1866768e-08 1.5876908e-10 2.006537486956958e-07 0.7570469628396244 0.012693764906667541 0.8700844573026371 0.007294559051209632
J0238.6+1637 39.668 16.6179 0.94 LogParabola 906.3076 1.3730308e-11 2.1863697 1.5232506e-11 2.122619 0.08323111 BLL LSP 5872.72 1.0831685 0.23126438 9.793904e-09 1.5540527e-10 1.1954358524993227e-07 0.6614878352921283 0.017473321970092208 0.813319024302351 0.010741985277597852
J0239.7+0415 39.9403 4.2643 0.978 LogParabola 407.10803 7.2534964e-12 2.708313 7.936692e-12 2.650321 0.08260835 fsrq LSP 162.13478 0.82910585 0.18807869 3.6447054e-10 3.926694e-11 1.832336368246835e-08 "" "" "" ""
J0242.3+1102 40.5951 11.0477 2.68 LogParabola 541.1717 3.9938283e-12 2.5804513 4.7214116e-12 2.48438 0.15731822 fsrq LSP 97.27462 0.6613626 0.15814503 5.2723753e-10 5.174926e-11 1.6902240409460202e-08 "" "" "" ""
J0242.3+5216 40.5974 52.2798 -inf LogParabola 931.4512 9.324071e-13 2.6820834 1.204237e-12 2.8132355 0.21558917 bcu "" 75.62947 0.59116054 0.14589953 4.8344595e-10 5.6190136e-11 1.8893385465132886e-08 "" "" "" ""
J0245.9-4650 41.4966 -46.8463 1.385 LogParabola 545.5599 1.367545e-11 2.4236288 1.5052619e-11 2.3097622 0.11774899 fsrq LSP 1671.6416 0.82097584 0.17619747 2.237375e-09 6.7869266e-11 4.914273171015096e-08 0.3066234549512914 0.02124139834297977 0.5537359072259008 0.019180080310661683
