4LAC_variability_analysis/resulting_catalogs/selected_sources_monthly.ecsv
# %ECSV 1.0
# ---
# datatype:
# - {name: Source_Name, datatype: string}
# - {name: SpectrumType, datatype: string}
# - {name: CLASS, datatype: string}
# - {name: SED_class, datatype: string}
# - {name: Variability_Index, datatype: float32}
# - {name: Frac_Variability, datatype: float32}
# - {name: Unc_Frac_Variability, datatype: float32}
# - {name: Spectrum_Flux_Estimated, datatype: float64}
# - {name: Bright_Ratio_x, datatype: float64}
# - {name: Norm_Excess_Var(3_days), datatype: float64}
# - {name: Unc_Norm_Excess_Var(3_days), datatype: float64}
# - {name: Frac_Variability(3_days), datatype: float64}
# - {name: Unc_Frac_Variability(3_days), datatype: float64}
# - {name: Bright_Ratio_y, datatype: float64}
# - {name: Norm_Excess_Var(weekly), datatype: float64}
# - {name: Unc_Norm_Excess_Var(weekly), datatype: float64}
# - {name: Frac_Variability(weekly), datatype: float64}
# - {name: Unc_Frac_Variability(weekly), datatype: float64}
# - {name: Bright_Ratio, datatype: float64}
# - {name: Norm_Excess_Var(monthly), datatype: float64}
# - {name: Unc_Norm_Excess_Var(monthly), datatype: float64}
# - {name: Frac_Variability(monthly), datatype: float64}
# - {name: Unc_Frac_Variability(monthly), datatype: float64}
# schema: astropy-2.0
Source_Name SpectrumType CLASS SED_class Variability_Index Frac_Variability Unc_Frac_Variability Spectrum_Flux_Estimated Bright_Ratio_x Norm_Excess_Var(3_days) Unc_Norm_Excess_Var(3_days) Frac_Variability(3_days) Unc_Frac_Variability(3_days) Bright_Ratio_y Norm_Excess_Var(weekly) Unc_Norm_Excess_Var(weekly) Frac_Variability(weekly) Unc_Frac_Variability(weekly) Bright_Ratio Norm_Excess_Var(monthly) Unc_Norm_Excess_Var(monthly) Frac_Variability(monthly) Unc_Frac_Variability(monthly)
[from data line 116]
J0854.8+2006 LogParabola BLL LSP 920.42065 0.5145008 0.11083554 7.676023440454828e-08 0.9142857142857143 0.8551893512209717 0.048356956728677195 0.9247644841909597 0.038352379940410165 0.33278145695364236 1.11992451190947 0.018604524872454918 1.0582648590544192 0.023238734663051652 0.016216216216216217 0.76992033984537 0.0037480289484619965 0.8774510469794711 0.014027058539131056
J0904.9-5734 LogParabola bcu LSP 8488.266 1.4891634 0.31774202 1.1742507235914424e-07 0.848605577689243 6.15006322275135 0.008284266542622052 2.479932100431653 0.0117764252226462 0.44404332129963897 5.160980831234272 0.004140324544027165 2.271779221498927 0.010208145266780377 0.07428571428571429 3.260429545068375 0.0011565146892836482 1.8056659561138033 0.007709013802538623
J0909.7-0230 LogParabola fsrq LSP 162.73167 0.3679204 0.08358409 3.2901401283311573e-08 "" "" "" "" "" "" "" "" "" "" 0.08176100628930817 0.49890041992392026 0.016527348543526246 0.7063288327145653 0.03194135893716166
J0920.9+4441 LogParabola fsrq LSP 2412.533 0.9901364 0.21209064 7.158314508807067e-08 "" "" "" "" "" 0.9950248756218906 2.6150511944278647 0.035124746883810176 1.6171119919250692 0.031518239543837645 0.26174496644295303 2.391565484553298 0.012412022638144862 1.5464687143790843 0.0255454518121781
J0921.6+6216 LogParabola fsrq LSP 3346.0066 0.94950396 0.20298739 5.6810123158707505e-08 "" "" "" "" "" 0.7716186252771619 2.4974970470192788 0.027268151547707006 1.5803471286458803 0.02748470767743568 0.11904761904761904 1.5612879064051877 0.00538781004606712 1.2495150684986507 0.01676195257869043
J0930.3+8612 LogParabola bll LSP 107.04973 0.4897823 0.11644879 9.424832880891224e-09 "" "" "" "" "" "" "" "" "" "" 0.5537190082644629 0.35452140935025 0.07236845704783501 0.5954170045860716 0.08550098454161634
J0946.6+1016 LogParabola fsrq LSP 358.6305 0.50239205 0.11074028 3.9489532196709586e-08 "" "" "" "" "" "" "" "" "" "" 0.34285714285714286 0.6759968153160447 0.024026883097167107 0.8221902549386272 0.03797779062060046
J0948.9+0022 LogParabola NLSY1 LSP 533.0934 0.40192565 0.08739117 1.0242001075914486e-07 "" "" "" "" "" 0.9030732860520094 0.778846099598964 0.05064657907273032 0.8825225773876633 0.04560306714185111 0.3146853146853147 0.8994845616592924 0.012646419946839871 0.9484115992855066 0.026314788742757028
J0957.6+5523 LogParabola fsrq LSP 51.110664 0.0636096 0.017233547 8.178089817467798e-08 0.06651376146788991 -0.01537628954393609 0.007364458130790892 0.0 0.1 0.017811704834605598 0.009414954513658582 0.0040469792773522376 0.09703068851481259 0.02301636632318494 0.0053475935828877 0.006892073212350906 0.0018977814017281107 0.08301851126315689 0.014972720861633006
J0958.7+6534 LogParabola BLL LSP 2438.0686 0.79806596 0.1707795 5.6231799885492454e-08 0.8156862745098039 2.6151654556581536 0.01718472807431994 1.6171473203323665 0.01761796110322313 0.43283582089552236 2.1038650155675627 0.010151822850517045 1.4504706186502236 0.016458726630812485 0.08670520231213873 1.376550975643257 0.003300226727480598 1.1732650918028955 0.01308605137728715
J1006.7-2159 LogParabola fsrq LSP 1901.0173 0.9757529 0.2090509 5.7699674043858277e-08 "" "" "" "" "" "" "" "" "" "" 0.40298507462686567 1.7866343721818856 0.022699364680934395 1.3366504300608613 0.035147861577850346
J1012.7+2439 LogParabola fsrq LSP 748.5022 0.7259138 0.15704939 3.2664993218575465e-08 "" "" "" "" "" "" "" "" "" "" 0.48031496062992124 1.0355683543411531 0.01756350220200818 1.0176287900512413 0.031212567298561558
J1015.0+4926 LogParabola bll HSP 338.85156 0.23550795 0.05183998 4.628062048840482e-08 0.2259552042160738 0.026504358023487076 0.016565387408312357 0.1628015909734517 0.05319353873414066 0.04025974025974026 0.12863286775420327 0.007459928591022247 0.3586542454150003 0.01713908681514145 0.0053475935828877 0.12331085154825179 0.002976570266722745 0.3511564488205389 0.013051945703354637
J1026.9-1749 LogParabola bll HSP 109.83172 0.5254243 0.12327786 8.04568078524871e-09 "" "" "" "" "" "" "" "" "" "" 0.7904761904761904 0.3700387622171339 0.1205795319758617 0.6083081145415815 0.1252920432854722
J1033.9+6050 LogParabola FSRQ LSP 953.4672 0.53521377 0.11538536 5.863634565676131e-08 "" "" "" "" "" 0.5151515151515151 1.4055736126866458 0.016530694502545042 1.1855688983296777 0.021474625338898354 0.19745222929936307 1.1429185393547308 0.00651719213331689 1.069073682846384 0.01853285524850713
J1037.7-2822 LogParabola fsrq LSP 396.48175 0.7626407 0.1664706 3.333853602555958e-08 "" "" "" "" "" "" "" "" "" "" 0.7904761904761904 1.2319708349334517 0.08958625380895983 1.1099418160126466 0.07869438364622745
J1037.7+5711 LogParabola bll ISP 179.93988 0.29643804 0.06738798 1.398654284751533e-08 0.7547348484848485 -0.6234811142299214 0.06269977172726336 0.0 0.1 0.2285276073619632 0.11603474799827061 0.023784736930090856 0.3406387353168612 0.04244591468870382 0.011627906976744186 0.17413038917349138 0.006249434395264851 0.41728933508237587 0.01970056155464195
J1040.5+0617 PowerLaw bll LSP 133.06842 0.87015265 0.20138212 2.2963523144005534e-08 "" "" "" "" "" "" "" "" "" "" 0.5742574257425742 0.4811600083081068 0.07846395786461885 0.6936569817338443 0.08651205415836738
J1048.4+7143 LogParabola FSRQ LSP 11508.978 1.0206561 0.21775928 1.6533792497737738e-07 0.4563335955940205 1.563255565469538 0.005520164272011946 1.2503021896603788 0.009774583270797563 0.2372093023255814 1.474418365669001 0.003154224143506093 1.2142563014738696 0.008974193644416885 0.056179775280898875 1.289843933724719 0.0010453308368412039 1.1357129627351794 0.00733708334052874
J1058.4+0133 LogParabola BLL LSP 540.1709 0.4124204 0.08960882 8.082155073701342e-08 0.9174311926605505 0.10508408882130212 0.04947947684585865 0.3241667608211892 0.08110098964801399 0.34 0.4947981387678193 0.022513125074823587 0.7034188928141035 0.02855825169711736 0.044444444444444446 0.5148491528122622 0.0048356595975415 0.7175298968072774 0.016100767741582273
J1058.6-8003 LogParabola bll LSP 595.51917 0.87948084 0.19081177 1.6864980097561618e-08 "" "" "" "" "" "" "" "" "" "" 0.6637168141592921 1.040162261976503 0.05897002654142975 1.0198834550949942 0.06201122828331397
J1058.6+5627 LogParabola BLL ISP 185.7362 0.29591414 0.06651917 2.2194507749471543e-08 "" "" "" "" "" 0.37392795883361923 -0.10482439577547194 0.0398477812358638 0.0 0.1 0.0053475935828877 0.13999882174444836 0.008042081975578841 0.3741641641638712 0.022932412746550283
J1059.2-1134 LogParabola bll LSP 142.20921 0.26308033 0.06103207 3.598480379985059e-08 "" "" "" "" "" 0.5402298850574713 -0.15067813284629872 0.054564565903774634 0.0 0.1 0.05027932960893855 0.22075505033374784 0.010140406550539598 0.46984577292314533 0.025190153711047922
J1103.0+1157 LogParabola fsrq ISP 569.6048 0.9734062 0.21103767 2.2890640259489504e-08 "" "" "" "" "" "" "" "" "" "" 0.8431372549019608 1.2151193494555441 0.0757292683037246 1.1023245209354386 0.07101071945031509
J1103.9-5357 LogParabola bll LSP 740.23706 0.7090232 0.15327142 3.313023537908986e-08 "" "" "" "" "" 0.8117913832199547 0.25833710399522497 0.056583169365028975 0.5082687320652579 0.066960619263835 0.16049382716049382 0.5408773227470183 0.011447700780877104 0.7354436230922247 0.02543247051573456
J1104.4+3812 LogParabola BLL HSP 1618.0674 0.2806271 0.060205523 1.873190601090564e-07 0.03156146179401993 0.206424301244865 0.0024518980706733215 0.4543394119431694 0.006885803607720703 0.017766497461928935 0.1923220853478244 0.0017422223565787536 0.43854541993711943 0.006883104395370352 0.0053475935828877 0.14556955321156112 0.001854391551650684 0.38153578234755536 0.01004675676604541
J1107.0-4449 LogParabola fsrq LSP 135.70953 0.47956756 0.111062534 2.916568370386377e-08 "" "" "" "" "" "" "" "" "" "" 0.5798319327731093 0.38546553123321925 0.06198815439199706 0.6208587047253338 0.0749205961164901
J1127.0-1857 LogParabola fsrq LSP 4827.034 1.1265979 0.24063258 7.902439370173242e-08 "" "" "" "" "" 0.9827160493827161 2.092960836047666 0.018727715023753595 1.4467068936200125 0.02254916847631174 0.42424242424242425 2.0020092428869685 0.005041698286684128 1.4149237586834735 0.0161789207085863
J1131.0+3815 LogParabola fsrq LSP 452.28714 0.7148422 0.15584265 3.25517586196258e-08 "" "" "" "" "" "" "" "" "" "" 0.48031496062992124 0.9542893225911092 0.023147889395105155 0.976877332417489 0.03640681514399173
J1132.7+0034 LogParabola bll ISP 26.02259 0.11830224 0.04254161 2.742373806859572e-08 "" "" "" "" "" 0.75 -0.821192927243906 0.10269364319688497 0.0 0.1 0.05027932960893855 0.09140690138893297 0.01458098399933789 0.30233574282398856 0.03627322612838291
J1146.9+3958 LogParabola fsrq LSP 1558.2582 0.59309894 0.12723269 8.758448404285078e-08 0.7191528545119705 0.8134986840044767 0.024020854977476202 0.9019416189557263 0.02387130379789311 0.30194805194805197 0.903721107648978 0.009240321559109473 0.9506424709894766 0.015936079365840728 0.08045977011494253 0.7385248309908599 0.0032227287571678868 0.8593746743946205 0.012991620375809776
J1147.0-3812 LogParabola bll LSP 157.00865 0.3488884 0.08012952 3.1591281970812573e-08 "" "" "" "" "" "" "" "" "" "" 0.22875816993464052 0.21863047215529904 0.03436773847836313 0.46757937524584964 0.05551506988306726
J1152.3-0839 LogParabola fsrq LSP 437.06354 0.838156 0.18291119 2.4171332298951364e-08 "" "" "" "" "" "" "" "" "" "" 0.6936936936936937 0.868961365278826 0.07661526139029275 0.9321809723861703 0.07473351086266285
J1159.5+2914 LogParabola fsrq LSP 8899.792 1.0317626 0.22016193 1.47748790935376e-07 0.37582903463522477 2.0182932546929226 0.011966818088866205 1.4206664825682778 0.014609548576025831 0.21148036253776434 2.084779719389585 0.0051394655546743665 1.4438766288674336 0.011459586067917157 0.07428571428571429 1.6910288255875705 0.0007800390254574771 1.3003956419442395 0.006332747786124863
J1208.9+5441 LogParabola fsrq LSP 492.98462 0.5683111 0.123821296 3.5386764372338566e-08 "" "" "" "" "" "" "" "" "" "" 0.6068376068376068 0.9791019370096339 0.07071492718844857 0.989495799389585 0.06985532892804323
J1217.9+3007 LogParabola BLL HSP 645.8201 0.3307538 0.07174619 6.86180489921616e-08 0.33523945675482486 0.3070314829195771 0.01788196585807911 0.5541042166592645 0.023496913615325615 0.08513513513513514 0.3341270441306533 0.00810890331909926 0.5780372342078435 0.015845437258200888 0.0053475935828877 0.2441331597261812 0.003172848049671085 0.4940983300176 0.013149284348900192
J1218.5-0119 LogParabola bll LSP 158.8344 0.47635692 0.10899859 1.61841970291734e-08 "" "" "" "" "" "" "" "" "" "" 0.3722627737226277 0.28342689372581786 0.05446579357913937 0.5323785248540909 0.07310809498357475
J1220.1+7105 LogParabola fsrq LSP 1240.0853 0.7921939 0.17028788 3.153115199112949e-08 "" "" "" "" "" "" "" "" "" "" 0.5537190082644629 2.156147679812273 0.021642569393079965 1.4683826748543014 0.03411258721757971
J1221.3+3010 LogParabola bll HSP 116.60413 0.2906948 0.06852007 1.5599840016362138e-08 "" "" "" "" "" 0.523719165085389 -0.3556631568697666 0.06769970346107652 0.0 0.1 0.027472527472527472 0.12026256984817826 0.01232714811127944 0.34678894135796523 0.03071360978534635
J1221.5+2814 LogParabola bll ISP 339.3346 0.40082383 0.0882579 4.152048973379081e-08 "" "" "" "" "" 0.46265938069216755 -0.00402071027342917 0.04315602726672007 0.0 0.1 0.021739130434782608 0.1895082173322483 0.00895316672860633 0.4353254154448696 0.023730189602370503
J1222.5+0414 LogParabola fsrq LSP 156.09288 0.44839248 0.102551736 4.878996487051416e-08 "" "" "" "" "" "" "" "" "" "" 0.34285714285714286 0.3212433024594894 0.03762186637839421 0.5667832940899805 0.0548430083089094
J1223.8+8039 LogParabola bll LSP 32.690453 0.18874973 0.061959077 1.2104380843765603e-08 "" "" "" "" "" "" "" "" "" "" 0.38235294117647056 0.3279863075305255 0.05605544935741423 0.572700888361914 0.07219984293706316
J1224.9+2122 LogParabola FSRQ LSP 25039.39 1.266786 0.27016875 2.9208330992621707e-07 0.8017324350336862 5.475277971636663 0.003918266121873837 2.339931189508927 0.008043753059824169 0.4888888888888889 4.728263676832097 0.0022026794305790693 2.1744570993312555 0.007424096817172971 0.1393939393939394 3.5538310704038922 0.0007296938926688815 1.8851607545256963 0.0061212231974947014
J1229.0+0202 LogParabola FSRQ LSP 7997.602 1.0389191 0.22171772 2.6501597920590344e-07 0.41566265060240964 2.3988636072275162 0.009423776500486931 1.5488265258664433 0.012760995193253185 0.1649782923299566 2.066395257400479 0.005490964256789912 1.4374961764820382 0.011845311133545732 0.0053475935828877 1.4625795574385119 0.0010609842992644351 1.209371554750033 0.00739031301728544
J1230.2+2517 LogParabola bll ISP 1919.2037 0.9534211 0.2041887 4.18128949116182e-08 "" "" "" "" "" 0.6242424242424243 1.7231202017489384 0.028949853056706127 1.3126767316247128 0.029019650586447274 0.14634146341463414 1.410124615126593 0.007050035804768411 1.187486679978598 0.01924396460315931
J1231.7+2847 PowerLaw bll ISP 274.27725 0.5821918 0.12877387 1.7828822133411014e-08 "" "" "" "" "" "" "" "" "" "" 0.2702702702702703 0.5004354419747141 0.03859465201167543 0.707414618151699 0.052052229727627956
J1239.5+0443 LogParabola fsrq LSP 2535.2659 0.81186295 0.17368503 1.000089687027714e-07 "" "" "" "" "" 0.5018656716417911 1.8439552495664593 0.014232254993228364 1.3579231383132329 0.019534966781448903 0.10588235294117647 1.600546344142411 0.00494559853808572 1.2651270071192107 0.016045671008810526
J1246.7-2548 LogParabola fsrq LSP 1138.02 0.4736994 0.10190972 1.1018026698933104e-07 0.7161290322580646 1.1216871438638096 0.024423322475546065 1.059097325019665 0.02308011865648979 0.3383333333333333 1.1383976688029613 0.010577306153494021 1.066957201017436 0.016972993502954704 0.062146892655367235 0.7861666622936316 0.002602831340933023 0.8866603985143532 0.011646567467235122
J1248.3+5820 LogParabola bll ISP 174.28874 0.19255705 0.043928735 3.4599943183069215e-08 0.3762962962962963 -0.2511857427205049 0.030187435850676982 0.0 0.1 0.07396449704142012 0.05257076877552838 0.012092070547914387 0.2292831628696891 0.0317056938393337 0.0053475935828877 0.07064900367247508 0.003858954644832107 0.26579880299293124 0.015801377767058155
J1253.2+5301 LogParabola bll LSP 128.22119 0.22820066 0.052861217 2.981923633195028e-08 0.8118908382066277 -0.7552905184562785 0.06904453218390535 0.0 0.1 0.253125 0.06421081609129599 0.025138629102075597 0.2533985321411629 0.055268954474665226 0.010752688172043012 0.11464115872704572 0.006371327423062993 0.33858700318684076 0.02034031886373239
J1256.1-0547 LogParabola FSRQ LSP 29785.236 0.9545981 0.20356989 7.096399286811371e-07 0.10324483775811209 3.138557902231078 0.0023128059563804525 1.7715975565096826 0.006182524020536848 0.0280970625798212 2.481099685722501 0.0010386521395322412 1.5751506866717548 0.005095266211944874 0.0 1.6740780994047444 0.0002204389674691208 1.2938617002619501 0.0033638405037178364
J1257.8+3228 LogParabola fsrq LSP 403.19357 0.84299105 0.18400578 1.614495128016495e-08 "" "" "" "" "" "" "" "" "" "" 0.6785714285714286 1.5568830764921822 0.050690441743599296 1.247751207770276 0.05482527501959842
J1258.8-2219 LogParabola fsrq LSP 579.76953 0.92600363 0.20039906 3.41815617225504e-08 "" "" "" "" "" "" "" "" "" "" 0.6068376068376068 1.386655593511656 0.08409797206238462 1.1775634137963256 0.07460111609088162
J1303.0+2434 LogParabola bll LSP 264.0485 0.5345164 0.11881581 1.992409835304492e-08 "" "" "" "" "" "" "" "" "" "" 0.7247706422018348 1.2237456996516456 0.06900887695847954 1.1062304007988777 0.06704421345284911
J1304.3-4353 LogParabola bll HSP 109.63452 0.3618383 0.08537886 1.1267843864416075e-08 "" "" "" "" "" "" "" "" "" "" 0.24503311258278146 0.14585247565409246 0.045103147195520346 0.38190637027168384 0.07545339622086963
J1310.5+3221 LogParabola fsrq LSP 897.96747 0.76263285 0.16440342 5.851141797881423e-08 "" "" "" "" "" 0.711453744493392 2.232971199708419 0.022814746818433103 1.4943129523993357 0.025219873591538905 0.19745222929936307 1.6198242900006812 0.005702304803653862 1.2727231788573197 0.017247049329067603
