4LAC_variability_analysis/resulting_catalogs/selected_sources_monthly.ecsv
# %ECSV 1.0
# ---
# datatype:
# - {name: Source_Name, datatype: string}
# - {name: SpectrumType, datatype: string}
# - {name: CLASS, datatype: string}
# - {name: SED_class, datatype: string}
# - {name: Variability_Index, datatype: float32}
# - {name: Frac_Variability, datatype: float32}
# - {name: Unc_Frac_Variability, datatype: float32}
# - {name: Spectrum_Flux_Estimated, datatype: float64}
# - {name: Bright_Ratio_x, datatype: float64}
# - {name: Norm_Excess_Var(3_days), datatype: float64}
# - {name: Unc_Norm_Excess_Var(3_days), datatype: float64}
# - {name: Frac_Variability(3_days), datatype: float64}
# - {name: Unc_Frac_Variability(3_days), datatype: float64}
# - {name: Bright_Ratio_y, datatype: float64}
# - {name: Norm_Excess_Var(weekly), datatype: float64}
# - {name: Unc_Norm_Excess_Var(weekly), datatype: float64}
# - {name: Frac_Variability(weekly), datatype: float64}
# - {name: Unc_Frac_Variability(weekly), datatype: float64}
# - {name: Bright_Ratio, datatype: float64}
# - {name: Norm_Excess_Var(monthly), datatype: float64}
# - {name: Unc_Norm_Excess_Var(monthly), datatype: float64}
# - {name: Frac_Variability(monthly), datatype: float64}
# - {name: Unc_Frac_Variability(monthly), datatype: float64}
# schema: astropy-2.0
Source_Name SpectrumType CLASS SED_class Variability_Index Frac_Variability Unc_Frac_Variability Spectrum_Flux_Estimated Bright_Ratio_x Norm_Excess_Var(3_days) Unc_Norm_Excess_Var(3_days) Frac_Variability(3_days) Unc_Frac_Variability(3_days) Bright_Ratio_y Norm_Excess_Var(weekly) Unc_Norm_Excess_Var(weekly) Frac_Variability(weekly) Unc_Frac_Variability(weekly) Bright_Ratio Norm_Excess_Var(monthly) Unc_Norm_Excess_Var(monthly) Frac_Variability(monthly) Unc_Frac_Variability(monthly)
[from data line 114]
J0630.9-2406 LogParabola bll HSP 118.580635 0.25038278 0.058701135 1.8147667172953938e-08 0.5879354290569244 -0.7574659081847793 0.05747555176680304 0.0 0.1 0.17543859649122806 -0.053198886595039664 0.02374214946971796 0.0 0.1 0.0 0.05387363394565281 0.011252552052248399 0.23210694506122131 0.02424001584545518
J0635.6-7518 LogParabola fsrq LSP 479.5424 0.9282053 0.20195274 2.8764817700722704e-08 "" "" "" "" "" "" "" "" "" "" 0.88 0.9988960940419069 0.21004969965398873 0.9994478946107731 0.10508286664398392
J0643.3+0857 LogParabola fsrq LSP 394.85873 0.8474881 0.18569523 5.386787479786189e-08 "" "" "" "" "" "" "" "" "" "" 0.23684210526315788 0.817183298552521 0.07958578663096831 0.9039819127352721 0.04401956804100057
J0644.4-6712 LogParabola fsrq LSP 1464.9364 1.4289602 0.30630752 1.665149285822231e-08 "" "" "" "" "" "" "" "" "" "" 0.8431372549019608 2.8868316630804016 0.1702236115572055 1.699067880657039 0.05009323450084263
J0648.0-3045 LogParabola fsrq LSP 494.39615 0.7941515 0.1728146 3.1634743241350933e-08 "" "" "" "" "" "" "" "" "" "" 0.7247706422018348 0.7444382997151806 0.1402510537863449 0.8628083794882735 0.08127589921503019
J0648.4-1743 LogParabola fsrq LSP 3357.5317 1.2548405 0.26821896 9.519046570382068e-08 "" "" "" "" "" 0.9075829383886256 3.1684587927661525 0.0777349846000162 1.7800165147453415 0.02183546724316133 0.5537190082644629 2.661916199430984 0.05394372441774335 1.631537985898883 0.016531556385438212
J0650.7+2503 LogParabola bll HSP 314.69104 0.43464538 0.09621271 1.6861708174772396e-08 0.9508881922675027 -1.1430452767570922 0.0911798488788894 0.0 0.1 0.3940972222222222 -0.08053185861063922 0.05188955698620364 0.0 0.1 0.03314917127071823 0.2746563348528587 0.02708880445865067 0.5240766497878518 0.025844315397009505
J0654.3+5042 LogParabola fsrq LSP 283.3714 0.7085246 0.15592387 1.5334124764602854e-08 "" "" "" "" "" "" "" "" "" "" 0.6206896551724138 0.8355305306939422 0.13780093253359327 0.9140735915088797 0.07537737322994012
J0656.3-0322 LogParabola fsrq LSP 135.8164 0.5096463 0.11851711 5.172932834453581e-08 "" "" "" "" "" "" "" "" "" "" 0.5161290322580645 0.31862692118146646 0.10324763942274995 0.5644704785739166 0.09145530487581541
J0700.5-6610 LogParabola bll ISP 424.4349 0.36702892 0.08045604 3.725207790964879e-08 0.7285447761194029 -0.5618673195267498 0.05736091790525261 0.0 0.1 0.27724358974358976 0.1303758569763929 0.03173218594123986 0.3610759711977424 0.04394114877816365 0.0 0.2349685038121351 0.018862202976805978 0.4847354988157305 0.019456180765477976
J0701.5-4634 LogParabola fsrq LSP 397.77115 0.7874476 0.17175063 2.356718556679919e-08 "" "" "" "" "" "" "" "" "" "" 0.41353383458646614 1.1337459751848686 0.09688566902086966 1.0647750819703046 0.045495837882301084
J0702.7-1951 LogParabola bll LSP 165.17406 0.5501567 0.124994725 2.114898000916139e-08 "" "" "" "" "" "" "" "" "" "" 0.42424242424242425 0.6787924147702791 0.10120899767585397 0.8238885936643856 0.06142153105052081
J0706.8+7742 LogParabola bll ISP 218.61331 0.66560566 0.14879626 6.091839453518124e-09 "" "" "" "" "" "" "" "" "" "" 0.4573643410852713 0.8415753284499522 0.1256091320025276 0.9173741485620532 0.06846123372858
J0709.7-0255 LogParabola fsrq LSP 270.02664 0.6769121 0.1501978 3.2448628188127495e-08 "" "" "" "" "" "" "" "" "" "" 0.9381443298969072 1.3142478363330523 0.17131214967988953 1.1464064882636753 0.07471701854171967
J0713.8+1935 LogParabola fsrq LSP 819.04095 1.117072 0.24108285 2.7989191422254052e-08 "" "" "" "" "" "" "" "" "" "" 0.48412698412698413 1.2161684314379628 0.11141067016183509 1.1028002681528342 0.05051262380831911
J0719.3+3307 LogParabola fsrq LSP 1061.2396 0.7156194 0.1539528 4.199950464513983e-08 "" "" "" "" "" 0.6444444444444445 1.3768943135676792 0.08389951137357644 1.1734113999649396 0.035750254078017005 0.12574850299401197 1.3101988279732992 0.04431522069414416 1.1446391693338558 0.019357725072406108
J0721.9+7120 LogParabola BLL ISP 2863.5242 0.31229538 0.066829555 2.270481918296998e-07 0.035794183445190156 0.5542966738945939 0.008067080199676214 0.7445110300691279 0.005417703616108404 0.0037735849056603774 0.48601576470286145 0.007280168483467933 0.6971483089722454 0.005221391481391205 0.0 0.34093712008876786 0.008570960618201702 0.583898210383255 0.007339430457044862
J0725.2+1425 LogParabola FSRQ LSP 2349.627 1.1580906 0.24773538 6.068982079323168e-08 "" "" "" "" "" 0.7866666666666666 3.874437118379615 0.13093580234612606 1.9683589912360029 0.03326014282178953 0.147239263803681 3.072178998589391 0.07565901055455268 1.7527632465879102 0.02158278098934282
J0726.4-4727 LogParabola fsrq LSP 107.271484 0.5768305 0.13590081 2.074430562206927e-08 "" "" "" "" "" "" "" "" "" "" 0.38235294117647056 0.40320736553493236 0.08151848865181752 0.6349861144426171 0.06418918996628252
J0730.3-1141 LogParabola fsrq LSP 2590.958 0.57913643 0.12394973 1.934832102255864e-07 0.25099866844207724 0.5566209387642974 0.02175678233195354 0.746070330977112 0.014580919136309281 0.07476635514018691 0.5785837978791527 0.016991180146001417 0.7606469600801364 0.011168900316259294 0.0 0.5362660386534883 0.013546221208172957 0.7323018767239972 0.009249069023810855
J0738.1+1742 LogParabola bll LSP 208.41606 0.31108257 0.069939725 4.5214137240234854e-08 0.5569409808811305 0.30746827345930716 0.05586769343462339 0.5544982177241936 0.050376801627892584 0.1861152141802068 0.5524007146773676 0.053194043300554654 0.7432366478298602 0.035785401228446756 0.005376344086021506 0.7101796742111617 0.02884349818044132 0.842721587602431 0.01711330207079539
J0739.2+0137 LogParabola fsrq LSP 2811.4902 0.77290916 0.16533817 1.2795924312250288e-07 0.48850118953211735 1.5603100480985368 0.048111670374111834 1.2491237120872123 0.019258168710015143 0.19283276450511946 1.3163824107348867 0.035628189908095034 1.1473370955106814 0.015526469965758788 0.010752688172043012 0.9898809373371539 0.019478614158733636 0.9949276040683331 0.009788960563102344
J0742.6+5443 LogParabola fsrq LSP 2676.413 1.4839945 0.31726518 3.41711179881971e-08 "" "" "" "" "" "" "" "" "" "" 0.8431372549019608 4.561117369553943 0.19474815880991553 2.1356772624987004 0.04559400482216681
J0746.6-4754 LogParabola bll HSP 180.25992 0.6489832 0.14655955 1.0437652422718602e-08 "" "" "" "" "" 0.9407407407407408 0.6769052911929291 0.12383611771083297 0.8227425424717802 0.07525812226677249 0.3146853146853147 1.158997311502266 0.08442712192579542 1.0765673743441542 0.03921125790070896
J0748.6+2400 PowerLaw fsrq LSP 138.79866 0.7540624 0.17480552 1.5603658057166186e-08 "" "" "" "" "" "" "" "" "" "" 0.9893617021276596 1.5372527498057962 0.26557351425722636 1.2398599718539978 0.10709818862048863
J0750.8+1229 LogParabola fsrq "" 276.81546 0.8335049 0.18442592 2.054445230930084e-08 "" "" "" "" "" "" "" "" "" "" 0.5847457627118644 0.42707070917761647 0.139146699650891 0.6535064721772972 0.10646160793732759
J0754.7+4823 LogParabola bll LSP 97.66634 0.33877474 0.08119764 1.299268904961169e-08 "" "" "" "" "" 0.8126410835214447 -0.7754978588336564 0.10658736553229246 0.0 0.1 0.10588235294117647 0.16024651275147997 0.03756571288657632 0.4003080223421459 0.04692100931026141
J0807.1-0541 LogParabola bll ISP 129.8438 0.49667788 0.11517401 1.5884226580652075e-08 "" "" "" "" "" "" "" "" "" "" 0.4573643410852713 0.35927475780757145 0.09655939164019328 0.5993953268149256 0.0805473343888847
J0808.2-0751 LogParabola fsrq LSP 1746.6395 0.6894232 0.14783646 8.578182741383808e-08 0.5635910224438903 1.7037429995971571 0.04041613248996583 1.305275066641954 0.015481844985342181 0.315359477124183 1.6588284004752436 0.034111643990570845 1.2879551236263023 0.01324255921841741 0.09941520467836257 1.3066520436674551 0.025173932564301626 1.1430888170511753 0.011011363329248023
J0809.5+5341 LogParabola fsrq LSP 524.0887 0.7913452 0.17229111 1.620072660750268e-08 "" "" "" "" "" "" "" "" "" "" 0.6068376068376068 0.9000662272597219 0.13118893002238408 0.9487182022390641 0.06914009329259514
J0809.8+5218 LogParabola BLL HSP 343.8443 0.4027235 0.088413216 2.5738999707780412e-08 0.7206290471785384 -0.5039420361604565 0.061214434743082934 0.0 0.1 0.27751196172248804 0.2262733034070609 0.03817037865047035 0.47568193512793916 0.04012174504819493 0.016216216216216217 0.3295561858644798 0.02474515819237986 0.5740698440647094 0.021552393361382153
J0811.4+0146 LogParabola bll LSP 446.0305 0.49892974 0.109375626 3.416119874101954e-08 0.9758149316508938 -0.8324834145946474 0.07792927135048568 0.0 0.1 0.4452423698384201 0.35683951566111666 0.04785995305141119 0.5973604570618285 0.04005952560604254 0.07428571428571429 0.3861895753213508 0.02784806691828984 0.6214415300906038 0.02240602339067177
J0814.6+6430 LogParabola bll LSP 144.61028 0.32658434 0.07552789 2.485717894677242e-08 "" "" "" "" "" 0.9297820823244553 -0.02795267429469477 0.08764634479842331 0.0 0.1 0.25333333333333335 0.46593260561878924 0.06362230604003354 0.6825925619421803 0.04660342756959511
J0818.2+4222 LogParabola bll LSP 281.1152 0.2555931 0.05658397 5.701130454987938e-08 0.2861072902338377 -0.09511616436045525 0.022236870136403197 0.0 0.1 0.07588075880758807 0.08644249795596594 0.014541429815676958 0.29401105073783523 0.024729393298626907 0.0053475935828877 0.10348103567549508 0.009780124933239237 0.3216846836196823 0.015201415285289073
J0825.9-2230 LogParabola bll LSP 396.23514 0.38992685 0.08547606 3.9813718457662547e-08 0.5370675453047776 -0.2848975501624714 0.041910453848318145 0.0 0.1 0.1878698224852071 0.1531897042058871 0.024794657159893155 0.39139456333205125 0.03167475928741742 0.0 0.1971243876185356 0.014663973411791436 0.44398692280126406 0.016513969960276594
J0830.8+2410 LogParabola FSRQ LSP 1544.9812 1.7525561 0.37517235 2.966410496629018e-08 "" "" "" "" "" "" "" "" "" "" 0.7314814814814815 4.303767594005637 0.18950591181649148 2.074552384010979 0.04567392784994349
J0831.8+0429 LogParabola bll LSP 487.35156 0.4761032 0.10371934 5.0020758628409645e-08 "" "" "" "" "" 0.594059405940594 0.6480568530295516 0.06917101294555825 0.8050197842472889 0.042962306206073345 0.12574850299401197 0.6624925961004811 0.04376876099623159 0.813936481612958 0.026887086391247695
J0839.8+0105 LogParabola fsrq LSP 288.64505 0.7743964 0.1709813 1.7377127698400332e-08 "" "" "" "" "" "" "" "" "" "" 0.7407407407407407 3.278764831371558 0.1699603750594922 1.8107359916264871 0.046931296402526884
J0841.3+7053 LogParabola FSRQ LSP 4173.7544 0.908524 0.19410239 1.1799028477708522e-07 0.8821138211382114 5.231191908801945 0.08586095612803521 2.2871799030251085 0.018770048655655014 0.4509090909090909 3.683156079607587 0.06608949492916895 1.9191550431394508 0.017218383466574023 0.09941520467836257 2.4343008433129043 0.0504116145582034 1.5602246130967503 0.01615524269231527
J0850.0+4855 LogParabola bll LSP 204.88972 0.52309084 0.1187025 1.8711522356160525e-08 "" "" "" "" "" "" "" "" "" "" 0.3146853146853147 0.9706721839742036 0.0679889844305697 0.9852269707910983 0.03450422412613067
J0850.0+5108 LogParabola NLSY1 LSP 1239.3137 1.0513188 0.22591655 2.139514792725697e-08 "" "" "" "" "" "" "" "" "" "" 0.9381443298969072 4.29871478742379 0.16881103415445886 2.0733342199037255 0.04071003906024798
J0850.1-1212 LogParabola fsrq LSP 662.31165 0.80623055 0.1743096 3.398624682102617e-08 "" "" "" "" "" "" "" "" "" "" 0.48031496062992124 2.110591634520111 0.1183856268891086 1.452787539360147 0.04074430144866514
J0852.5-5755 LogParabola bcu LSP 1484.091 1.053371 0.22589387 4.5388602088771874e-08 "" "" "" "" "" "" "" "" "" "" 0.6637168141592921 2.210868496091201 0.12482047533413096 1.4868989528852325 0.04197342230012496
J0854.8+2006 LogParabola BLL LSP 920.42065 0.5145008 0.11083554 7.676023440454828e-08 0.5711892797319933 0.9644600090873288 0.053646212910688 0.9820692486211595 0.027312846312013195 0.2178517397881997 1.0845937602187532 0.04126639827123309 1.04143831320859 0.019812214390353352 0.010752688172043012 0.7674373758222323 0.02432513262252654 0.8760350311615582 0.013883652911843717
J0904.9-5734 LogParabola bcu LSP 8488.266 1.4891634 0.31774202 1.1742507235914424e-07 0.5931330472103005 5.798319189559443 0.04736582707738502 2.4079699311991924 0.00983521979732454 0.2861736334405145 4.979949267597475 0.040602297051041646 2.231579993546607 0.009097208517834307 0.056179775280898875 3.251568799635012 0.02731572198641902 1.803210691970024 0.007574190333958244
J0909.1+0121 LogParabola fsrq LSP 1034.359 0.99253565 0.2134183 5.213475696950268e-08 "" "" "" "" "" "" "" "" "" "" 0.5630252100840336 2.0360144031613783 0.12218058421484451 1.4268897655955692 0.04281360311104607
J0909.7-0230 LogParabola fsrq LSP 162.73167 0.3679204 0.08358409 3.2901401283311573e-08 "" "" "" "" "" 0.6275303643724697 0.3066974995690836 0.0747971268330384 0.5538027623342842 0.06753047467456443 0.05521472392638037 0.49587830186548565 0.04085413098602017 0.7041862692963315 0.029008042876811746
J0920.9+4441 LogParabola fsrq LSP 2412.533 0.9901364 0.21209064 7.158314508807067e-08 "" "" "" "" "" 0.7136752136752137 2.594590402663985 0.07833656514297636 1.6107732312973124 0.024316447411993656 0.20512820512820512 2.3655358471461585 0.0653691443978249 1.538029858990442 0.021250934764274667
J0921.6+6216 LogParabola fsrq LSP 3346.0066 0.94950396 0.20298739 5.6810123158707505e-08 0.9073120494335737 2.289464959090458 0.07754070847635722 1.5130978022224664 0.02562316472949203 0.48789571694599626 2.318199362170336 0.07020561753966904 1.522563418111159 0.023055071698347966 0.06818181818181818 1.528402015786796 0.03867717187070993 1.2362855721016872 0.015642491000262458
J0930.3+8612 LogParabola bll LSP 107.04973 0.4897823 0.11644879 9.424832880891224e-09 "" "" "" "" "" "" "" "" "" "" 0.296551724137931 0.4704694387700218 0.06807549336612745 0.6859077480026172 0.04962437992890823
J0946.6+1016 LogParabola fsrq LSP 358.6305 0.50239205 0.11074028 3.9489532196709586e-08 "" "" "" "" "" 0.7986577181208053 0.27096616511812255 0.07646572938888149 0.5205441048730862 0.07344788719442379 0.20512820512820512 0.6434402452543417 0.0488820108699877 0.8021472715495215 0.03046947400042981
J0948.9+0022 LogParabola NLSY1 LSP 533.0934 0.40192565 0.08739117 1.0242001075914486e-07 "" "" "" "" "" 0.560077519379845 0.871326905625924 0.058910134825457816 0.9334489303791204 0.03155509257562246 0.16049382716049382 0.8666705727888325 0.03437140475729714 0.9309514341730359 0.018460364040273087
J0953.0-0840 LogParabola bll HSP 60.09873 0.22942598 0.060620185 1.3553782866764198e-08 "" "" "" "" "" 0.7127659574468085 -0.7056225779105298 0.09290550068716681 0.0 0.1 0.1069182389937107 0.11234038854979161 0.03729702226589747 0.3351721774697172 0.05563860125184056
J0956.7+2516 LogParabola fsrq LSP 124.051605 0.5337465 0.12393686 1.975546584747913e-08 "" "" "" "" "" "" "" "" "" "" 0.6068376068376068 0.3497033283333953 0.10581703512524768 0.5913571918336626 0.08946964422393629
J0958.0+4728 LogParabola fsrq LSP 284.16177 0.8954397 0.19757047 1.5768878175432704e-08 "" "" "" "" "" "" "" "" "" "" 0.8252427184466019 2.2541998623915234 0.21026296016144136 1.5013993014489928 0.07002233182022852
J0958.7+6534 LogParabola BLL LSP 2438.0686 0.79806596 0.1707795 5.6231799885492454e-08 0.5668358714043993 2.460274518754377 0.0469048999231408 1.5685262250770233 0.014951901719347254 0.2778702163061564 2.0582039236228757 0.03433839833919651 1.4346441801446363 0.011967566179278901 0.062146892655367235 1.3663996932179043 0.0299433086152289 1.1689310044728494 0.012807988025235237
J1006.7-2159 LogParabola fsrq LSP 1901.0173 0.9757529 0.2090509 5.7699674043858277e-08 "" "" "" "" "" 0.8849765258215962 1.968849444294045 0.09215835214637293 1.4031569564001187 0.03283964481878441 0.2789115646258503 1.7459111995806043 0.07745328177235701 1.3213293304776839 0.029308848288547518
