4LAC_variability_analysis/resulting_catalogs/selected_rows_monthly.ecsv
# %ECSV 1.0
# ---
# datatype:
# - {name: Source_Name, datatype: string}
# - {name: RAJ2000, datatype: float32}
# - {name: DEJ2000, datatype: float32}
# - {name: Redshift, datatype: float64}
# - {name: SpectrumType, datatype: string}
# - {name: Pivot_Energy, datatype: float32}
# - {name: PL_Flux_Density, datatype: float32}
# - {name: PL_Index, datatype: float32}
# - {name: LP_Flux_Density, datatype: float32}
# - {name: LP_Index, datatype: float32}
# - {name: LP_beta, datatype: float32}
# - {name: CLASS, datatype: string}
# - {name: SED_class, datatype: string}
# - {name: Variability_Index, datatype: float32}
# - {name: Frac_Variability, datatype: float32}
# - {name: Unc_Frac_Variability, datatype: float32}
# - {name: Flux1000, datatype: float32}
# - {name: Unc_Flux1000, datatype: float32}
# - {name: Spectrum_Flux_Estimated, datatype: float64}
# - {name: Norm_Excess_Variance_Estimated, datatype: float64}
# - {name: Unc_Norm_Excess_Variance_Estimated, datatype: float64}
# - {name: Frac_Variability_Estimated, datatype: float64}
# - {name: Unc_Frac_Variability_Estimated, datatype: float64}
# schema: astropy-2.0
Source_Name RAJ2000 DEJ2000 Redshift SpectrumType Pivot_Energy PL_Flux_Density PL_Index LP_Flux_Density LP_Index LP_beta CLASS SED_class Variability_Index Frac_Variability Unc_Frac_Variability Flux1000 Unc_Flux1000 Spectrum_Flux_Estimated Norm_Excess_Variance_Estimated Unc_Norm_Excess_Variance_Estimated Frac_Variability_Estimated Unc_Frac_Variability_Estimated
[from data line 681]
J2211.2-1325 332.8168 -13.4189 0.392 PowerLaw 416.52106 5.265529e-12 2.778311 6.044904e-12 2.7176359 0.13146469 fsrq LSP 52.5515 0.481987 0.13123317 2.598929e-10 3.3852393e-11 1.560048559456387e-08 0.4044154971186824 0.05480982200243825 0.6359367084220586 0.04309377118552972
J2219.2+1806 334.8127 18.1026 1.071 LogParabola 789.83887 2.9084714e-12 2.2812517 3.1444797e-12 2.1706557 0.0866924 fsrq LSP 536.63245 0.99599403 0.2160265 1.4075078e-09 6.5467555e-11 1.9865220373741823e-08 1.0076157124227314 0.07117049604814717 1.0038006338027146 0.03545051360374759
J2219.2-0342 334.8235 -3.7102 0.901 PowerLaw 474.5848 4.144679e-12 2.7429721 4.5004334e-12 2.7123075 0.079804584 fsrq LSP 83.26522 0.7523916 0.18274298 3.0791747e-10 4.0499e-11 1.7039940008401147e-08 0.27917776315964465 0.05722631531685802 0.5283727502054252 0.05415335603000826
J2225.7-0457 336.4321 -4.9537 1.404 LogParabola 615.4552 4.242282e-12 2.421646 4.5617503e-12 2.3333492 0.07943405 fsrq LSP 264.5927 0.8581082 0.19034292 9.556346e-10 5.881282e-11 2.0804229161579405e-08 0.15160717687654532 0.035712084992467086 0.3893676628542043 0.045859079219220104
J2229.7-0832 337.4258 -8.5447 1.56 LogParabola 342.15778 6.0981664e-11 2.5834174 6.688697e-11 2.4672697 0.10910261 FSRQ LSP 1000.52563 0.59595615 0.12845342 2.3067128e-09 7.856703e-11 8.774570339726472e-08 0.6516995689324624 0.024475550905286192 0.8072791146390834 0.015159286584683084
J2231.0-4416 337.758 -44.2791 1.326 PowerLaw 682.95105 2.064535e-12 2.4476597 2.153477e-12 2.4261184 0.034159172 fsrq LSP 285.18423 0.8863403 0.19584411 5.6028476e-10 3.9326622e-11 1.5725219733648466e-08 0.36955555949103275 0.06626132503915504 0.6079108154088334 0.05449921547669196
J2232.6+1143 338.1525 11.7306 1.037 LogParabola 1082.416 4.2468595e-11 2.289261 4.8172945e-11 2.3226972 0.08924918 FSRQ LSP 84340.76 1.4631274 0.31196892 4.1291052e-08 3.216636e-10 6.99119446744094e-07 3.5657430041352467 0.012996748463139066 1.8883175061771913 0.003441356768822835
J2234.1-2656 338.5425 -26.9375 -inf LogParabola 1094.1978 9.912888e-13 2.0689025 1.0539016e-12 1.9837604 0.05749035 bll LSP 214.08388 0.67287993 0.1512826 1.1716877e-09 6.035749e-11 1.0496828347407474e-08 0.3116727392188418 0.053045192121078 0.5582765795005571 0.047507986246291274
J2235.3-4836 338.8409 -48.6015 0.51 LogParabola 514.1099 5.4188416e-12 2.469942 5.7498633e-12 2.4069557 0.061700936 fsrq LSP 166.6503 0.5360898 0.12239588 7.211374e-10 4.3107667e-11 1.938643632422902e-08 0.3980056696958152 0.0463051109785773 0.6308769053435188 0.036699006245413036
J2236.3+2828 339.0962 28.4832 0.79 LogParabola 637.4705 1.8000764e-11 2.2302647 1.9844954e-11 2.1236315 0.09392121 fsrq LSP 877.71924 0.43792218 0.09454231 5.5943237e-09 1.1118064e-10 7.744537437369006e-08 0.6283712249167582 0.023661437124779264 0.7926986974360172 0.014924609565596708
J2236.4-2309 339.1246 -23.1552 -inf LogParabola 345.02454 9.667258e-12 2.7208848 1.0614387e-11 2.582101 0.124481685 bcu LSP 41.111095 0.36326835 0.10802674 3.0049765e-10 3.5657165e-11 1.5002553255982864e-08 0.38068530322435096 0.07109029604144061 0.6169970042263989 0.057609919946511566
J2236.5-1433 339.1444 -14.5557 -999.0 LogParabola 676.67413 1.4673393e-11 2.1579337 1.6004212e-11 2.0453305 0.08507778 BLL LSP 1812.4861 0.7768129 0.16642071 5.738004e-09 1.1987095e-10 6.602012202725975e-08 1.507383752854919 0.031495023530269076 1.22775557537114 0.012826259624497488
J2237.0-3921 339.2686 -39.357 0.297 PowerLaw 925.9144 5.865897e-13 2.4171383 6.426066e-13 2.3706005 0.07901306 fsrq LSP 188.44489 1.2458082 0.2798133 3.432733e-10 3.3066935e-11 7.3214286267141775e-09 0.8013377547621424 0.14411413805100617 0.8951747062792506 0.08049497882374798
J2243.4-2544 340.8654 -25.7363 0.774 LogParabola 1069.7286 1.6062903e-12 2.130484 1.7734889e-12 2.0368118 0.08382989 bll LSP 41.999954 0.20412812 0.05994447 1.7557359e-09 7.4810526e-11 1.6957081284041858e-08 0.11670975135829662 0.030574707626142467 0.34162808924076576 0.044748527110419545
J2243.9+2021 340.9895 20.3565 -999.0 LogParabola 1504.9337 1.6265456e-12 1.8752682 1.7583603e-12 1.734964 0.075980276 bll HSP 129.26231 0.27767465 0.064156346 4.222431e-09 1.0562758e-10 2.0478083459035123e-08 0.20948530370263924 0.019990487948679 0.4576956452738427 0.021838188930898117
J2244.2+4057 341.0614 40.9597 1.171 LogParabola 1214.786 4.413877e-12 2.1340513 4.993566e-12 2.0525537 0.10218461 fsrq LSP 4666.583 1.2456656 0.26608893 6.3368493e-09 1.254396e-10 5.8249312525766295e-08 1.8894658313800918 0.041316615394487013 1.3745784195090842 0.015028831679622467
J2248.7-3235 342.1928 -32.5926 2.268 PowerLaw 466.03503 4.286584e-12 2.722437 4.5106852e-12 2.6995304 0.045695994 fsrq LSP 101.84926 0.6456214 0.1529195 3.114116e-10 3.2509603e-11 1.6438109123307867e-08 0.4758863708771447 0.046565693399965816 0.6898451789185344 0.033750829043240206
J2249.4-1300 342.3564 -13.0006 0.5 PowerLaw 3265.8618 6.827345e-14 2.4317355 6.0966606e-14 2.378649 -0.039547358 bll "" 279.31964 1.3004855 0.29775217 8.4695656e-10 1.6050193e-10 2.2917594587203983e-08 0.8641580093621775 0.11291234252309816 0.92960099470804 0.06073161666450269
J2250.0-1250 342.5049 -12.8485 -inf LogParabola 1783.0253 3.2219618e-12 2.2666144 3.642688e-12 2.3856285 0.12488847 bcu LSP 9594.897 1.5608294 0.3333469 9.894751e-09 2.1553785e-10 1.3885638920285382e-07 2.0303654757221468 0.05619716110080937 1.4249089359401697 0.019719562311443395
J2250.7-2806 342.6903 -28.1114 0.525 LogParabola 918.32745 3.0663866e-12 2.1869912 3.307721e-12 2.0569906 0.09298701 bll LSP 742.793 0.9544878 0.20583293 2.287104e-09 8.0361225e-11 2.401937127017074e-08 1.107502214329875 0.055469887548066456 1.0523793110518065 0.026354512562883223
J2253.9+1609 343.4963 16.1506 0.859 LogParabola 891.9072 1.3022523e-10 2.3908482 1.514771e-10 2.4260006 0.1075784 FSRQ LSP 77426.66 0.96451724 0.20566168 7.406493e-08 4.4924803e-10 1.6250900446069262e-06 2.802362549959674 0.007001564537621148 1.6740258510428307 0.0020912354887648657
J2256.0-2740 344.0247 -27.6739 1.751 PowerLaw 262.35318 3.6263804e-11 3.012067 4.033122e-11 2.9895399 0.043358188 fsrq LSP 25.510717 0.21640544 0.08190797 3.2044495e-10 5.3569774e-11 3.292615253321416e-08 0.18047121177523082 0.03489797615109555 0.42481903414893124 0.0410739318931519
J2258.1-2759 344.5288 -27.9843 0.926 LogParabola 777.0156 9.515136e-12 2.4177337 1.1085753e-11 2.3086855 0.19881581 fsrq LSP 1454.335 0.84668106 0.1816638 3.755879e-09 1.011687e-10 6.40036466120264e-08 1.4080980709602215 0.03835110863674683 1.1866330818581714 0.016159632334155096
J2301.0-0158 345.2627 -1.9758 0.778 LogParabola 563.01776 6.5445813e-12 2.3762786 7.288348e-12 2.247102 0.11117898 fsrq LSP 601.0875 0.9494157 0.20575298 1.2790637e-09 6.440538e-11 2.4227844971111062e-08 1.151553774966954 0.05019942928116335 1.0731047362522235 0.023389808834728895
J2304.3+0618 346.0776 6.3071 1.268 LogParabola 637.4687 9.027361e-13 2.541806 1.1314674e-12 2.3251302 0.25590894 bcu LSP 33.979588 0.66202164 0.21572922 2.0856754e-10 3.9191518e-11 3.976664815767596e-09 0.4276437931376876 0.0990225486487827 0.6539447936467478 0.07571170350373135
J2311.0+3425 347.7682 34.4223 1.817 LogParabola 536.1874 2.0537311e-11 2.3611176 2.2574758e-11 2.2552712 0.097671084 FSRQ LSP 2396.9778 0.89476496 0.19153967 3.5570198e-09 8.916538e-11 6.955055231365772e-08 1.4261345133705512 0.06292675309722107 1.194208739446564 0.02634663062605932
J2318.2+1915 349.5568 19.256 2.163 PowerLaw 643.9264 1.8142878e-12 2.6574001 1.9155831e-12 2.6302266 0.050023597 bcu LSP 62.7204 0.6096147 0.15411347 3.3984807e-10 3.908243e-11 1.5446609353265815e-08 0.5239486219557595 0.0990601473512154 0.7238429539311407 0.06842654667923935
J2321.7-6438 350.4332 -64.6453 0.813 PowerLaw 1665.1965 2.179655e-13 2.0971012 2.2347239e-13 2.0813122 0.016366059 bll ISP 183.44705 0.8844304 0.19934168 5.752875e-10 3.6466708e-11 6.344707752038043e-09 0.22222828768515349 0.07094159509076581 0.47141095414208767 0.07524389756690227
J2321.9+3204 350.4779 32.0737 1.489 LogParabola 865.62915 4.6207066e-12 2.2523553 5.257743e-12 2.1386576 0.12910232 fsrq LSP 1199.3973 0.9342143 0.20085001 2.855906e-09 8.776441e-11 3.490938176946417e-08 2.0754391726869237 0.16412712738700472 1.4406384600887634 0.05696332977841373
J2323.5-0317 350.8884 -3.29 1.393 LogParabola 651.4233 1.273289e-11 2.2587395 1.411143e-11 2.1496959 0.103438266 fsrq LSP 874.44104 0.6045611 0.13038619 4.003194e-09 1.02823416e-10 5.801155707048866e-08 0.9702025743745627 0.03336667271190099 0.9849886163680079 0.016937593063225134
J2323.6-0617 350.9157 -6.2953 2.144 LogParabola 724.75995 1.5071267e-12 2.4442425 1.6951866e-12 2.2972474 0.14306782 fsrq LSP 189.80086 1.1106684 0.24885307 5.120818e-10 4.752391e-11 9.374561759115034e-09 0.3962581694895135 0.08185206472960437 0.629490404604799 0.0650145452026326
J2323.8+4210 350.9749 42.1826 0.059 LogParabola 1856.9266 5.1746395e-13 1.9011782 5.6388477e-13 1.7952203 0.067941405 bll HSP 46.59272 0.21537288 0.06121569 1.9491604e-09 7.3923506e-11 1.0203897657526847e-08 0.07769383977500696 0.025642159912138147 0.27873614723427415 0.04599719154937275
J2325.2+3957 351.3154 39.9542 -inf LogParabola 1218.4473 1.0376354e-12 2.1154797 1.1749495e-12 1.9852036 0.11333956 bll LSP 86.03061 0.37754604 0.0915306 1.5460951e-09 6.741308e-11 1.2164535552856787e-08 0.1745062419311324 0.03714333644574819 0.4177394426327641 0.04445754058038637
J2325.4-4800 351.3501 -48.0022 0.221 PowerLaw 1885.8883 3.5488921e-13 2.092311 3.7173842e-13 2.0526745 0.03814581 bll ISP 133.19888 0.5536882 0.12714717 1.2174656e-09 5.3743666e-11 1.5156065814588678e-08 0.2700583614768641 0.03771899094140808 0.5196713975935794 0.03629119393146499
J2325.4-3559 351.3586 -35.9878 0.36 LogParabola 614.85754 5.760963e-12 2.3140202 6.5902518e-12 2.1422832 0.16009328 fsrq LSP 186.2541 0.42513633 0.096380375 1.501222e-09 6.261349e-11 2.2149571317797807e-08 0.2984967117370883 0.030324856033278794 0.5463485258853439 0.02775229967367271
J2326.2+0113 351.5748 1.2216 0.335 PowerLaw 1674.7417 8.9570997e-14 2.2252228 8.474175e-14 2.2502275 -0.030554095 bcu LSP 57.76949 1.048492 0.27279612 2.2954172e-10 3.2583772e-11 3.2999885270830565e-09 0.3946025406679455 0.1003869910360074 0.628173973249406 0.07990381272621623
J2327.5+0939 351.8959 9.6543 1.843 LogParabola 610.0862 6.2518367e-12 2.7058842 7.097789e-12 2.73115 0.12814236 fsrq LSP 434.73053 0.7418971 0.16231701 9.014692e-10 5.5104907e-11 4.5613027976802476e-08 0.5405828771036476 0.04531688784708491 0.735243413505791 0.03081760884535145
J2328.3-4036 352.0817 -40.6037 1.972 LogParabola 831.8216 3.4859607e-12 2.378362 3.7644254e-12 2.3476765 0.06640905 fsrq LSP 347.1513 0.6122974 0.13438825 1.6713982e-09 6.7580094e-11 3.410642742585484e-08 0.937021657306992 0.054770000909501716 0.9679987899305412 0.028290325090918625
J2329.3-4955 352.3294 -49.9324 0.518 LogParabola 528.499 5.327771e-11 2.2793596 5.9985746e-11 2.1667185 0.1125623 FSRQ LSP 16384.979 1.1942681 0.25476465 9.905996e-09 1.3645178e-10 1.6372106279411433e-07 2.03483000834439 0.022038457001607302 1.4264746784799196 0.007724797829952345
J2331.0-2147 352.7632 -21.7953 0.563 LogParabola 919.00287 2.0709027e-12 2.3774567 2.4845282e-12 2.3297915 0.1907155 fsrq LSP 289.81918 0.80587757 0.1775244 1.2913246e-09 6.5373026e-11 2.0398081448726366e-08 0.469794585492532 0.04379931799822137 0.6854156297404751 0.031950918608907045
J2335.4-0128 353.8688 -1.476 1.182 LogParabola 1243.1039 2.607065e-13 2.5308983 3.3428073e-13 2.5713692 0.20809387 fsrq LSP 64.27955 1.0207074 0.2507459 3.405982e-10 4.744175e-11 6.113230135464708e-09 0.9011457158904925 0.1372787793013071 0.9492869512905423 0.07230626056466831
J2336.6-4115 354.1636 -41.2579 1.406 LogParabola 807.90344 1.5211742e-12 2.3462372 1.6937586e-12 2.2487242 0.110323265 fsrq LSP 161.60208 0.734942 0.16730464 7.259474e-10 4.7130997e-11 1.1694108859410555e-08 0.5112691688832988 0.08530611893795802 0.7150308866638551 0.05965205177078001
J2338.0-0230 354.5085 -2.5106 1.071 PowerLaw 800.7169 2.0730813e-12 2.4845111 2.1689274e-12 2.4632387 0.039221 fsrq LSP 136.03596 0.57845163 0.13412176 8.0339896e-10 5.138538e-11 2.4540236942974496e-08 0.28622504368425566 0.05039436078050223 0.5350000408264056 0.0470975298456603
J2345.2-1555 356.303 -15.9182 0.621 LogParabola 874.1344 1.2731453e-11 2.1590528 1.4184541e-11 2.0412886 0.106642656 FSRQ LSP 3702.563 0.89033765 0.19032075 8.766496e-09 1.5357916e-10 8.977744559241804e-08 1.5816481695660147 0.03293083846799147 1.2576359447654217 0.013092357372997094
J2347.0+5141 356.7659 51.6966 0.044 LogParabola 1910.8857 7.1180475e-13 1.810977 7.4948804e-13 1.7369231 0.038917985 bll HSP 58.688427 0.20183285 0.052628208 2.8827012e-09 8.283773e-11 1.4497744907334109e-08 0.12370260721582395 0.021916736530283403 0.35171381436591875 0.031157059568154323
J2348.0-1630 357.016 -16.5161 0.576 LogParabola 847.7117 7.463428e-12 2.2977636 8.195702e-12 2.2411299 0.08130655 fsrq LSP 1646.2932 0.8283717 0.1777093 4.0973283e-09 1.0857139e-10 6.571699116478933e-08 0.8432334268189307 0.025827059256763853 0.9182774236683219 0.01406277590577708
J2357.8-5311 359.463 -53.1919 1.006 PowerLaw 627.1681 2.082317e-12 2.661574 2.1537542e-12 2.6580353 0.02270256 fsrq LSP 218.9454 1.0637577 0.23617218 3.6204229e-10 3.4682906e-11 1.6614091104368695e-08 0.39924135144370476 0.07357761544721537 0.6318554830368293 0.05822345253188752
J2358.3-1021 359.5822 -10.3616 1.638 LogParabola 550.99835 4.7781596e-12 2.5574622 5.5384703e-12 2.5085003 0.13912061 fsrq LSP 195.55394 0.6680762 0.15055147 6.5069317e-10 4.819471e-11 2.1649299842458675e-08 0.3734020920479197 0.05256789845109457 0.6110663565014193 0.043013248800069126
