4LAC_variability_analysis/resulting_catalogs/selected_rows_monthly.ecsv
# %ECSV 1.0
# ---
# datatype:
# - {name: Source_Name, datatype: string}
# - {name: RAJ2000, datatype: float32}
# - {name: DEJ2000, datatype: float32}
# - {name: Redshift, datatype: float64}
# - {name: SpectrumType, datatype: string}
# - {name: Pivot_Energy, datatype: float32}
# - {name: PL_Flux_Density, datatype: float32}
# - {name: PL_Index, datatype: float32}
# - {name: LP_Flux_Density, datatype: float32}
# - {name: LP_Index, datatype: float32}
# - {name: LP_beta, datatype: float32}
# - {name: CLASS, datatype: string}
# - {name: SED_class, datatype: string}
# - {name: Variability_Index, datatype: float32}
# - {name: Frac_Variability, datatype: float32}
# - {name: Unc_Frac_Variability, datatype: float32}
# - {name: Flux1000, datatype: float32}
# - {name: Unc_Flux1000, datatype: float32}
# - {name: Spectrum_Flux_Estimated, datatype: float64}
# - {name: Norm_Excess_Variance_Estimated, datatype: float64}
# - {name: Unc_Norm_Excess_Variance_Estimated, datatype: float64}
# - {name: Frac_Variability_Estimated, datatype: float64}
# - {name: Unc_Frac_Variability_Estimated, datatype: float64}
# schema: astropy-2.0
Source_Name RAJ2000 DEJ2000 Redshift SpectrumType Pivot_Energy PL_Flux_Density PL_Index LP_Flux_Density LP_Index LP_beta CLASS SED_class Variability_Index Frac_Variability Unc_Frac_Variability Flux1000 Unc_Flux1000 Spectrum_Flux_Estimated Norm_Excess_Variance_Estimated Unc_Norm_Excess_Variance_Estimated Frac_Variability_Estimated Unc_Frac_Variability_Estimated
[from data line 341]
J1048.4+7143 162.1067 71.7297 1.15 LogParabola 721.68164 2.7520078e-11 2.2839801 3.0039828e-11 2.203667 0.08413412 FSRQ LSP 11508.978 1.0206561 0.21775928 1.05695e-08 1.2779484e-10 1.6533792497737738e-07 1.177335269546931 0.03605567484876523 1.0850508142695119 0.016614740238243574
J1049.8+1429 162.4675 14.4835 1.63 LogParabola 637.1358 2.8147421e-12 2.5105374 3.2306614e-12 2.3649473 0.16928212 bcu LSP 86.303635 0.52301913 0.1268904 6.3262184e-10 4.866575e-11 1.4215138864048533e-08 0.7797417246307387 0.04753711653641669 0.8830298548920861 0.026917049448020158
J1050.1+0432 162.5464 4.5377 1.21725 LogParabola 512.2817 4.414057e-12 2.5462503 4.948707e-12 2.420965 0.12326366 fsrq LSP 400.7382 1.4160784 0.3087505 5.394688e-10 4.638318e-11 1.54765351855921e-08 0.9640261515660702 0.0947820863398233 0.9818483342991778 0.048267172754067306
J1056.8+7012 164.2076 70.2019 2.492 LogParabola 1069.5315 1.0588254e-12 2.674104 1.1748242e-12 2.7349133 0.12969585 fsrq LSP 335.3343 0.8947378 0.19682635 7.6346846e-10 4.299878e-11 2.8446786487071286e-08 0.7778325567640936 0.07217001383040274 0.8819481599074254 0.040915111063885054
J1058.4+0133 164.624 1.5641 0.89 LogParabola 823.6461 1.0348896e-11 2.2307928 1.08765575e-11 2.173413 0.05073282 BLL LSP 540.1709 0.4124204 0.08960882 5.6073772e-09 1.1998544e-10 8.082155073701342e-08 0.49398067035926396 0.020141739872382332 0.7028375846234064 0.014328872212471857
J1058.5+8115 164.6255 81.2547 0.706 LogParabola 1143.6609 4.0168986e-13 2.4974294 4.5370706e-13 2.327874 0.18042155 fsrq LSP 142.78212 0.8846229 0.20533054 4.1358747e-10 3.4866516e-11 5.357708088528315e-09 0.5687921115785401 0.10239350844778682 0.7541830756378323 0.06788372197373295
J1058.6+2817 164.6503 28.2866 0.4793 PowerLaw 1286.8591 3.3439684e-13 2.2418168 3.6208845e-13 2.1922143 0.06460337 bll LSP 48.24615 0.48323 0.13104354 4.725474e-10 3.821221e-11 7.030222398009887e-09 1.7094908597119398 0.11585792816464782 1.3074749939145833 0.044305982410328515
J1058.6-8003 164.66 -80.064 0.569 LogParabola 1017.1553 1.854499e-12 2.249901 2.2140321e-12 2.0974295 0.17265883 bll LSP 595.51917 0.87948084 0.19081177 1.7373866e-09 7.0225374e-11 1.6864980097561618e-08 0.7164025956270854 0.047702239650046496 0.8464056921046109 0.02817929988835116
J1058.6+5627 164.6652 56.4634 0.143 LogParabola 1101.8556 2.406989e-12 1.942987 2.5378326e-12 1.8555603 0.04995547 BLL ISP 185.7362 0.29591414 0.06651917 3.2048464e-09 7.530602e-11 2.2194507749471543e-08 0.14306546685180155 0.016031744526767634 0.3782399593535849 0.02119255796527423
J1059.2-1134 164.8063 -11.572 -999.0 LogParabola 830.23914 5.434223e-12 2.1280828 5.839362e-12 2.0343318 0.07001648 bll LSP 142.20921 0.26308033 0.06103207 3.4043883e-09 9.536045e-11 3.598480379985059e-08 0.21525185452762607 0.01919324386552263 0.4639524270090912 0.020684495595004765
J1103.0+1157 165.7722 11.9654 0.913941 LogParabola 522.96045 7.0562497e-12 2.4061902 7.818748e-12 2.2809193 0.11406844 fsrq ISP 569.6048 0.9734062 0.21103767 1.0863931e-09 5.6787738e-11 2.2890640259489504e-08 0.6869892017884057 0.05008228777067025 0.8288481174427591 0.030211981373130754
J1103.9-5357 165.9757 -53.9647 -inf LogParabola 1284.7184 2.623109e-12 2.167338 2.9036996e-12 2.0061965 0.12055676 bll LSP 740.23706 0.7090232 0.15327142 4.2022017e-09 1.1236645e-10 3.313023537908986e-08 0.44747762664501894 0.02613662749401356 0.6689376851733044 0.01953592096343192
J1104.4+3812 166.1187 38.207 0.03 LogParabola 1258.2577 1.7758416e-11 1.7807834 1.819501e-11 1.7348354 0.020408427 BLL HSP 1618.0674 0.2806271 0.060205523 3.419173e-08 2.736107e-10 1.873190601090564e-07 0.1541887367631472 0.004304361478250426 0.39266873667653657 0.005480906774857623
J1106.0+2813 166.502 28.2254 0.843521 LogParabola 693.90625 2.3593605e-12 2.3445265 2.558723e-12 2.244893 0.08688491 fsrq LSP 154.57782 0.64525425 0.14721818 7.8293105e-10 4.868729e-11 1.3532505396549051e-08 0.4813935026201028 0.06087517693296231 0.6938252680755457 0.04386924182064673
J1107.0-4449 166.7749 -44.8323 1.598 LogParabola 492.19296 8.17957e-12 2.6787832 1.0783241e-11 2.5716918 0.2861497 fsrq LSP 135.70953 0.47956756 0.111062534 6.818913e-10 5.3928147e-11 2.916568370386377e-08 0.28883880305560455 0.03004148670584157 0.5374372549941105 0.02794883163260684
J1112.5+3448 168.1469 34.8022 1.9495 LogParabola 453.60852 7.7801385e-12 2.5401652 8.87411e-12 2.3967714 0.13606285 fsrq LSP 202.45546 0.7078428 0.15812755 6.981489e-10 4.9742505e-11 2.053110143124033e-08 0.43898368372263946 0.05008326016300432 0.6625584379680327 0.037795353053386625
J1117.0+2013 169.2708 20.2294 0.138 PowerLaw 1964.0475 3.1854405e-13 1.9450841 3.2752292e-13 1.9260348 0.016465254 bll HSP 138.57057 0.49860576 0.1157977 1.2369304e-09 5.4680337e-11 1.1024503552833296e-08 0.09947920844006104 0.031867151346663056 0.3154032473518005 0.05051810914159433
J1118.2-0415 169.5748 -4.2539 -inf PowerLaw 679.3903 1.9294614e-12 2.6322958 2.0784824e-12 2.60824 0.06907824 agn LSP 284.6356 1.2142348 0.26737303 4.272657e-10 4.1601684e-11 1.8330445362360406e-08 0.934387969015031 0.096349088502647 0.9666374547962804 0.049837241472788084
J1121.4-0553 170.3641 -5.8997 1.297 LogParabola 635.1929 6.466893e-12 2.429768 7.313775e-12 2.3187609 0.1327652 fsrq LSP 466.6316 0.7737894 0.16862212 1.560224e-09 6.920359e-11 3.230379025364508e-08 1.217223483028217 0.0681491809055624 1.1032785156197944 0.030884849084221448
J1123.5-6418 170.8892 -64.3109 -inf LogParabola 1564.4122 2.6088596e-13 2.530419 3.4060805e-13 2.5085428 0.20387864 bcu ISP 73.16114 1.143608 0.28947085 6.447596e-10 9.251876e-11 9.273586740278701e-09 0.27089241396193975 0.04354882766867372 0.5204732596031613 0.041835797387437194
J1127.0-1857 171.7634 -18.964 1.048 LogParabola 600.8561 2.0958577e-11 2.2077446 2.2738178e-11 2.1011043 0.08055275 fsrq LSP 4827.034 1.1265979 0.24063258 5.8800063e-09 1.1914468e-10 7.902439370173242e-08 1.4001719967829351 0.030049833937950934 1.183288636294178 0.01269759254684511
J1127.8+3618 171.9639 36.314 0.884 PowerLaw 972.82135 1.4378909e-12 2.37544 1.5109861e-12 2.353973 0.042934332 fsrq LSP 186.223 0.5682086 0.12839356 9.777649e-10 4.9688247e-11 2.3250326691380675e-08 0.38285615085057134 0.045272214931747955 0.6187537077469284 0.03658338880634585
J1128.0+5924 172.0034 59.4015 1.795 LogParabola 868.23505 1.0453503e-12 2.3473482 1.1675343e-12 2.231792 0.12444756 fsrq LSP 187.44365 0.74690485 0.16842262 5.958547e-10 3.721504e-11 8.819040456106729e-09 0.13493642357928756 0.03307678882313031 0.36733693467889605 0.04502241089919811
J1129.8-1447 172.4652 -14.796 1.184 LogParabola 563.3158 5.442921e-12 2.596972 6.2364658e-12 2.5328386 0.13495237 fsrq LSP 656.38934 1.299183 0.28048223 7.638694e-10 5.383728e-11 2.6404564195745225e-08 1.7101520746990473 0.032253770001025577 1.3077278289839394 0.012331988845907513
J1131.0+3815 172.7545 38.2565 1.733 LogParabola 1014.6445 1.8250288e-12 2.4622 2.1517644e-12 2.5201929 0.1330396 fsrq LSP 452.28714 0.7148422 0.15584265 1.3414442e-09 6.135857e-11 3.25517586196258e-08 0.5736354222662702 0.03450756745872388 0.7573872340264722 0.022780663515591926
J1132.7+0034 173.1961 0.5737 0.678 LogParabola 786.52136 4.2410016e-12 2.129867 4.3823226e-12 2.0753903 0.03346603 bll ISP 26.02259 0.11830224 0.04254161 2.3106457e-09 8.148408e-11 2.742373806859572e-08 0.092009614802765 0.017903772495866256 0.303330866880977 0.029511952871732396
J1136.2+3407 174.075 34.129 1.33695 LogParabola 457.25195 4.6176136e-12 2.579447 5.0660713e-12 2.4693797 0.103256494 fsrq LSP 195.9309 0.87246597 0.19573978 3.9529777e-10 3.548126e-11 1.3157523620502455e-08 0.530517827907829 0.06435463855671539 0.7283665477682435 0.04417737110106282
J1145.7-6949 176.4382 -69.8314 0.244 LogParabola 922.5528 9.088778e-13 2.684387 1.170631e-12 2.852821 0.2576757 fsrq LSP 127.75522 0.87823457 0.2046669 4.3884818e-10 5.630814e-11 1.708914835296731e-08 1.3337770806090046 0.13309040832512123 1.154892670601474 0.057620249791613565
J1146.9+3958 176.7405 39.9775 1.089 LogParabola 551.6059 2.2908703e-11 2.3786805 2.47724e-11 2.3129723 0.07718257 fsrq LSP 1558.2582 0.59309894 0.12723269 4.0544257e-09 8.775071e-11 8.758448404285078e-08 0.6653156361715615 0.0185726842519878 0.8156688275100143 0.01138494179597649
J1147.0-3812 176.76 -38.2006 1.048 LogParabola 773.4122 4.6364392e-12 2.2285268 4.913668e-12 2.163757 0.05297361 bll LSP 157.00865 0.3488884 0.08012952 2.2097206e-09 7.767619e-11 3.1591281970812573e-08 0.2472779931782445 0.02612960531732137 0.49727054324406195 0.026273027502150756
J1147.2-2627 176.8114 -26.4649 -inf LogParabola 590.9892 1.854318e-12 2.5540948 2.1976375e-12 2.451467 0.15289935 bcu LSP 75.40133 0.7597416 0.18782608 3.2758507e-10 3.999891e-11 9.27200639737308e-09 0.6369424139668215 0.10693660065285976 0.7980867208310269 0.06699560202023501
J1147.8-0724 176.9608 -7.4144 1.342 LogParabola 603.0371 3.4260676e-12 2.473514 3.8157684e-12 2.347471 0.12170777 fsrq LSP 210.62656 0.9087055 0.20411094 7.0066436e-10 5.30124e-11 1.5847257406195883e-08 0.3608380659826492 0.07377130258488131 0.6006979823360897 0.06140465321523783
J1148.5+2629 177.1413 26.4986 0.867225 PowerLaw 445.53177 2.1707625e-12 2.851803 2.4683207e-12 2.7911077 0.13440198 fsrq LSP 44.30825 0.69705945 0.20040065 1.1691524e-10 2.5153199e-11 5.998133591950269e-09 0.6552850822457208 0.15644942985459123 0.809496808051595 0.09663375339993904
J1152.3-0839 178.0808 -8.6663 2.37 LogParabola 653.2461 4.817713e-12 2.3936944 5.2897014e-12 2.2658184 0.11327359 fsrq LSP 437.06354 0.838156 0.18291119 1.3152592e-09 6.706412e-11 2.4171332298951364e-08 0.625518541484525 0.049848527492341546 0.7908973014775844 0.031513906672340795
J1153.3-1104 178.3423 -11.0787 0.269 LogParabola 773.12274 2.9055942e-12 2.267366 3.1833295e-12 2.1481862 0.09688235 bcu LSP 1559.9073 2.0778148 0.44462642 1.3663354e-09 6.7523404e-11 1.842920871030732e-08 1.9709479838895958 0.07159328761681726 1.4039045494226436 0.02549791851812861
J1153.4+4931 178.3505 49.5169 0.334 LogParabola 618.76276 4.9596538e-12 2.4066303 5.1727377e-12 2.3572402 0.04501174 FSRQ LSP 1256.5314 1.3529274 0.29020494 1.1309116e-09 4.813708e-11 2.5948709485129114e-08 4.5377883506941386 0.11774040966370714 2.1302085228198058 0.027635888318541572
J1154.0+6018 178.519 60.3107 1.12 LogParabola 684.44086 1.267335e-12 2.7736647 1.4921678e-12 2.8654962 0.16692641 fsrq LSP 105.69455 0.6086057 0.14518543 2.2996376e-10 2.7686485e-11 1.3783648563964576e-08 0.27036556297621056 0.06580437213558595 0.51996688642279 0.06327746425190603
J1158.5+4824 179.6365 48.4161 2.028 PowerLaw 891.604 6.9428876e-13 2.4942045 7.289223e-13 2.4690459 0.046019495 fsrq LSP 120.22963 0.7507418 0.1760073 3.4880077e-10 3.1688718e-11 1.0894225542039515e-08 0.2941698819050131 0.050091716446965785 0.5423743005572933 0.0461781802672953
J1159.2-2227 179.8107 -22.4605 0.565 LogParabola 1027.6888 1.7356227e-12 2.4099274 1.9655842e-12 2.3214908 0.13647747 bcu LSP 559.57666 1.1830409 0.25584823 1.4134184e-09 7.3670244e-11 2.24990654014081e-08 0.9919317417434124 0.05845481921690153 0.9959577007802151 0.029346035063090074
J1159.3-2142 179.8432 -21.7038 0.617 LogParabola 883.8642 2.6727767e-12 2.4811358 2.9936173e-12 2.460567 0.10136519 fsrq LSP 110.68828 0.3888839 0.09256509 1.3756597e-09 6.811782e-11 3.3556523973793325e-08 0.37691053194452795 0.04180247992173294 0.6139303966611589 0.034044966782125805
J1159.5+2914 179.884 29.2448 0.729 LogParabola 545.6758 4.687359e-11 2.1940463 4.9958305e-11 2.1079502 0.063089274 fsrq LSP 8899.792 1.0317626 0.22016193 1.0655232e-08 1.4545794e-10 1.47748790935376e-07 1.5729966566396258 0.013968257801245849 1.2541916347351492 0.0055686297908515234
J1202.5-0528 180.6291 -5.4709 0.381 LogParabola 295.32755 1.6064603e-11 2.86035 1.8913177e-11 2.6828732 0.20950726 fsrq LSP 275.26688 1.1869183 0.26220074 2.226606e-10 3.9007807e-11 1.8255560242566086e-08 0.5614946041508512 0.07272665587124641 0.7493294363301439 0.048527825242944335
J1205.7-2635 181.4322 -26.5946 0.789 PowerLaw 693.25183 2.1926746e-12 2.5368714 2.3410028e-12 2.5128167 0.04802303 fsrq LSP 54.80566 0.43816537 0.11449906 5.630097e-10 4.527586e-11 1.939612390139408e-08 0.21779277938637964 0.050157737934967445 0.4666827395419501 0.053738582644172084
J1207.7-0106 181.9276 -1.1063 1.006 LogParabola 917.17487 6.406629e-13 2.3017457 7.7178124e-13 2.1128292 0.19358747 fsrq LSP 157.72162 1.0453424 0.23884143 4.6190926e-10 4.7584398e-11 4.639121477816552e-09 0.70900768732835 0.06726729041697511 0.8420259421943899 0.03994371612926256
J1208.9+5441 182.2261 54.6995 1.345123 LogParabola 417.0696 1.5311844e-11 2.558786 1.6563168e-11 2.4772844 0.087582275 fsrq LSP 492.98462 0.5683111 0.123821296 1.0282863e-09 4.372694e-11 3.5386764372338566e-08 0.7807701299275024 0.04138891239215531 0.8836119792802168 0.023420298367769064
J1209.8+1810 182.4664 18.1776 0.845 PowerLaw 939.2673 8.577017e-13 2.3969936 9.107654e-13 2.3707662 0.047707994 fsrq LSP 147.52612 0.8543873 0.19486205 5.2768173e-10 4.1426133e-11 1.3183947564037333e-08 0.33364815849823903 0.07054385662361706 0.5776228514335622 0.06106394202422839
J1211.6-2735 182.9011 -27.5877 -inf LogParabola 1078.2129 3.1452347e-13 2.610944 3.8832934e-13 2.7335992 0.1661083 bcu "" 33.272015 0.54636157 0.18012364 2.545961e-10 4.2274427e-11 7.447438535706489e-09 0.44449003247551955 0.07362707161355277 0.6667008568132484 0.055217471869978905
J1215.0+1656 183.7742 16.9372 1.132 PowerLaw 932.1398 9.41167e-13 2.373533 1.024013e-12 2.3336775 0.06898445 fsrq LSP 238.64093 1.1090809 0.24614541 5.7910765e-10 4.3556426e-11 1.3710524986320537e-08 0.20679556772055274 0.051235193786068334 0.4547478067242906 0.05633363485041695
J1217.9+3007 184.4762 30.1177 0.13 LogParabola 1248.4348 5.771153e-12 1.9331402 6.092604e-12 1.8669914 0.042504054 BLL HSP 645.8201 0.3307538 0.07174619 9.809206e-09 1.5326683e-10 6.86180489921616e-08 0.24644223236136079 0.011902698707204252 0.4964294837752496 0.011988307600796133
J1218.5-0119 184.6388 -1.327 -inf LogParabola 1222.2838 1.3396649e-12 2.1160614 1.5054737e-12 2.0012417 0.10953202 bll LSP 158.8344 0.47635692 0.10899859 1.9819901e-09 8.101213e-11 1.61841970291734e-08 0.23218608459815593 0.03851935736508689 0.4818569129919752 0.039969705037445825
J1220.1+7105 185.0438 71.092 0.451 LogParabola 736.6776 5.237067e-12 2.3238826 5.7667235e-12 2.2117958 0.114800334 fsrq LSP 1240.0853 0.7921939 0.17028788 2.0306477e-09 5.7569612e-11 3.153115199112949e-08 1.4783209906079462 0.04411122819195194 1.2158622416244145 0.018139895574443746
J1221.3+3010 185.3449 30.1677 0.184 LogParabola 2590.1077 5.317211e-13 1.7216772 5.483256e-13 1.6527271 0.029336745 bll HSP 116.60413 0.2906948 0.06852007 3.7133556e-09 1.0498897e-10 1.5599840016362138e-08 0.10231245808023076 0.018916735941830045 0.3198631865035906 0.029570042349368175
J1221.5+2814 185.3784 28.2382 0.102 LogParabola 780.5394 6.163338e-12 2.1456554 6.299518e-12 2.1063452 0.024011256 bll ISP 339.3346 0.40082383 0.0882579 3.2135232e-09 8.68317e-11 4.152048973379081e-08 0.19801981148742898 0.017785282953118462 0.44499417017240683 0.01998372579378714
J1222.5+0414 185.6271 4.2389 0.9642 LogParabola 365.071 2.5740556e-11 2.7620351 2.8172051e-11 2.6624684 0.10789357 fsrq LSP 156.09288 0.44839248 0.102551736 8.7075064e-10 5.5155904e-11 4.878996487051416e-08 0.26224604047570277 0.027637619299094248 0.5120996392067688 0.02698461118026203
J1223.9+5000 185.988 50.0089 1.063952 LogParabola 695.888 2.0533525e-12 2.5684044 2.420102e-12 2.5200648 0.16253656 fsrq LSP 159.09079 0.6177832 0.14170027 5.2673177e-10 3.8009304e-11 1.536543207068903e-08 0.21832327309717478 0.04130477510322851 0.46725076040299257 0.044199794418316334
J1224.4+2436 186.1161 24.6142 0.219 LogParabola 1561.7383 4.356196e-13 1.9277654 4.620403e-13 1.8084433 0.06280852 bll HSP 228.083 0.8336138 0.18492243 1.1555144e-09 5.916705e-11 6.282813948062612e-09 0.5235409498578878 0.07245558273625612 0.7235612965450045 0.050068724710836905
