4LAC_variability_analysis/resulting_catalogs/selected_sources_monthly.ecsv
# %ECSV 1.0
# ---
# datatype:
# - {name: Source_Name, datatype: string}
# - {name: Bright_Ratio_x, datatype: float64}
# - {name: Norm_Excess_Var(monthly), datatype: float64}
# - {name: Unc_Norm_Excess_Var(monthly), datatype: float64}
# - {name: Frac_Variability(monthly), datatype: float64}
# - {name: Unc_Frac_Variability(monthly), datatype: float64}
# - {name: Bright_Ratio_y, datatype: float64}
# - {name: Norm_Excess_Var(3_days), datatype: float64}
# - {name: Unc_Norm_Excess_Var(3_days), datatype: float64}
# - {name: Frac_Variability(3_days), datatype: float64}
# - {name: Unc_Frac_Variability(3_days), datatype: float64}
# schema: astropy-2.0
Source_Name Bright_Ratio_x Norm_Excess_Var(monthly) Unc_Norm_Excess_Var(monthly) Frac_Variability(monthly) Unc_Frac_Variability(monthly) Bright_Ratio_y Norm_Excess_Var(3_days) Unc_Norm_Excess_Var(3_days) Frac_Variability(3_days) Unc_Frac_Variability(3_days)
J0001.5+2113 0.5537190082644629 2.3129040946772745 0.1305723539681703 1.52082349228215 0.04292817497585904 "" "" "" "" ""
J0009.3+5030 0.09941520467836257 0.2010559569548613 0.032965010345735 0.4483926370435417 0.03675908971553194 "" "" "" "" ""
J0011.4+0057 0.9183673469387755 1.1278537043479182 0.22652738313699072 1.062004568892205 0.10665085149929499 "" "" "" "" ""
J0022.5+0608 0.09302325581395349 0.31619908564403554 0.037403575820476126 0.5623158237539074 0.03325851260131483 "" "" "" "" ""
J0030.3-4224 0.19745222929936307 1.0020374343790135 0.06120842102062212 1.001018198825083 0.03057308103512193 "" "" "" "" ""
J0030.6-0212 0.5537190082644629 0.6921069067245313 0.16555323447402984 0.8319296284689778 0.09949954227420764 "" "" "" "" ""
J0033.5-1921 0.056179775280898875 0.12337392907889348 0.029909052682934593 0.351246251337852 0.04257561834327746 "" "" "" "" ""
J0035.9+5950 0.13253012048192772 0.2761178465821932 0.04661109507369659 0.5254691680604993 0.04435188390380507 "" "" "" "" ""
J0038.2-2459 0.6936936936936937 3.0447830926108566 0.07608830344207075 1.7449306841851502 0.021802672201160406 "" "" "" "" ""
J0043.8+3425 0.07428571428571429 0.41594620669341037 0.03384122585185671 0.6449389170250237 0.026235993020827172 "" "" "" "" ""
J0045.3+2128 0.3722627737226277 0.6269231311231659 0.11648355162829407 0.7917847757586438 0.07355758483527677 "" "" "" "" ""
J0049.7+0237 0.25333333333333335 0.3586967698624941 0.05916096890497159 0.5989129902268727 0.04939028696185148 "" "" "" "" ""
J0050.0-5736 0.6068376068376068 1.673730395110867 0.13860807618090143 1.2937273264142128 0.05356927744777468 "" "" "" "" ""
J0050.4-0452 0.8076923076923077 0.7437423437564763 0.17600546880320364 0.8624049766533565 0.10204339815280833 "" "" "" "" ""
J0050.7-0929 0.021739130434782608 0.21453106264267585 0.01996049976270885 0.46317498058798023 0.021547471905077727 0.8532019704433498 -1.03332577460859 0.07932568541070845 0.0 0.1
J0051.1-0648 0.9381443298969072 0.900148790287338 0.2119395122682498 0.9487617141766093 0.11169269854664365 "" "" "" "" ""
J0051.2-6242 0.11242603550295859 0.19517024475058095 0.04518676810566345 0.4417807654828138 0.05114162004798885 "" "" "" "" ""
J0055.1-1219 0.88 0.8155764428841756 0.15117477228365175 0.9030927100160734 0.0836983681780363 "" "" "" "" ""
J0100.3+0745 0.18238993710691823 0.7162907001617095 0.1420005587262387 0.8463395891494794 0.0838910057775631 "" "" "" "" ""
J0102.8+5824 0.062146892655367235 0.6609632356665173 0.030826302624432554 0.8129964548917279 0.01895844836650481 0.8300589390962672 0.27846107614607535 0.05448757947208249 0.5276941122905157 0.0516279964121383
J0108.6+0134 0.010752688172043012 1.3956119903429074 0.012281920816098486 1.1813602288645524 0.0051982115683304655 0.1661500309981401 1.5617031477161716 0.02127407393061776 1.2496812184377948 0.008511800296243596
J0109.7+6133 0.42424242424242425 1.4460922923550596 0.10105537578247399 1.2025357759148205 0.042017617191304285 "" "" "" "" ""
J0112.1+2245 0.0053475935828877 0.3491938443128345 0.012595675596642996 0.5909262596236814 0.010657569698006209 0.251846877098724 0.3887354442540062 0.023719900276693868 0.6234865229128904 0.019021983158413726
J0112.8+3208 0.2890625 7.157341000411539 0.1039520863162648 2.6753207285130394 0.019427967123411414 "" "" "" "" ""
J0113.4+4948 0.5932203389830508 1.8957077663960296 0.16681624279363613 1.3768470381258877 0.06057907602455975 "" "" "" "" ""
J0115.8+2519 0.5537190082644629 0.5237971943203539 0.11824959401248439 0.7237383465869097 0.08169360831171907 "" "" "" "" ""
J0117.8-2109 0.9789473684210527 0.7375325515478178 0.1568846140125321 0.8587971539006274 0.09133973796953537 "" "" "" "" ""
J0118.9-2141 0.22077922077922077 0.8361254712205997 0.06820324834537826 0.9143989672022819 0.03729403181307971 "" "" "" "" ""
J0120.4-2701 0.016216216216216217 0.043715692914951663 0.013591326436681116 0.20908298093090136 0.032502230397157085 0.7811607992388202 -1.2663440027584623 0.08292217759440232 0.0 0.1
J0132.7-1654 0.11904761904761904 0.7655882122216319 0.04465289486734925 0.8749789781598366 0.025516552958368497 "" "" "" "" ""
J0133.1-5201 0.36231884057971014 4.10730867192521 0.08215500352132074 2.0266496174536957 0.020268674667242473 "" "" "" "" ""
J0136.5+3906 0.0053475935828877 0.06478511721721016 0.012845683553567086 0.25452920700228127 0.02523420338447044 0.5991416309012876 -0.8553606903455829 0.06143818001056896 0.0 0.1
J0137.0+4751 0.2876712328767123 1.1765445834920567 0.03940744252565688 1.084686398684918 0.018165362160636824 "" "" "" "" ""
J0137.6-2430 0.7735849056603774 1.5421898194273977 0.15073529345780737 1.2418493545625402 0.060689846519631246 "" "" "" "" ""
J0141.4-0928 0.016216216216216217 0.6269294305871225 0.026233409501468456 0.7917887537639837 0.016565914441674493 0.747906976744186 0.056521734253105665 0.0494532486717944 0.23774300042925695 0.10400568803814217
J0143.1-3622 0.9583333333333334 1.8602325848495824 0.1857274084285985 1.3639034367760727 0.06808671472652482 "" "" "" "" ""
J0144.6+2705 0.016216216216216217 0.11472742728869399 0.020036000226891733 0.33871437419851846 0.02957654258739659 0.39461883408071746 -0.0863424620409494 0.027735662441660664 0.0 0.1
J0203.7+3042 0.8613861386138614 3.3154222551671024 0.19532543571443156 1.82083010057696 0.053636370480842625 "" "" "" "" ""
J0204.8+1513 0.6206896551724138 1.9046283538174862 0.20742036678039705 1.3800827344103275 0.07514780150808213 "" "" "" "" ""
J0205.0-1700 0.3055555555555556 2.9590735284776697 0.08322470893719829 1.7201957820194973 0.02419047581883182 "" "" "" "" ""
J0205.2+3212 0.6347826086956522 1.4996770681124445 0.12733274873421452 1.2246130279040985 0.051988973591168657 "" "" "" "" ""
J0209.3-5228 0.06818181818181818 0.17338099675921181 0.0333051562108957 0.4163904378815775 0.039992700577297806 "" "" "" "" ""
J0210.7-5101 0.016216216216216217 1.5869298467273338 0.018254895936265784 1.2597340380919038 0.007245535717966367 0.3519593613933237 1.8179645402680191 0.03142652661494004 1.3483191537125099 0.011653964318614445
J0211.2+1051 0.016216216216216217 0.3366053909075672 0.017649407950727454 0.5801770341090443 0.015210364176023424 0.47100313479623823 0.14955480123792667 0.03400215571091537 0.38672315839360677 0.04396188199868286
J0217.2+0837 0.14634146341463414 0.46439645478009817 0.04379677916848302 0.6814664003310055 0.03213421758373547 "" "" "" "" ""
J0217.4+7352 0.4461538461538462 0.24595534122036633 0.07928200163962805 0.4959388482669676 0.0799312273243716 "" "" "" "" ""
J0217.8+0144 0.09941520467836257 0.6899539531201151 0.03141213737796806 0.8306346688647874 0.01890851571419384 0.8413320274240941 0.14748842738995857 0.051492442992862146 0.38404222084291534 0.0670400807492519
J0221.1+3556 0.0053475935828877 3.2846609940304603 0.04195920505148937 1.8123633725140387 0.011575825711288021 0.4350499615680246 4.612635402541109 0.06999561086456105 2.147704682339057 0.016295445886985054
J0222.0-1616 0.9789473684210527 0.8568193841842748 0.18530242064381694 0.9256453879236232 0.10009363362112197 "" "" "" "" ""
J0222.6+4302 0.0053475935828877 0.37584059526785424 0.011792856792777254 0.6130583946638805 0.009618053431307215 0.14892307692307694 0.4588491353430321 0.017787258621322265 0.6773840382995692 0.01312937537321772
J0228.3-5547 0.3146853146853147 1.9165226052785402 0.05298157335940047 1.3843852806493357 0.01913541486606599 "" "" "" "" ""
J0229.5-3644 0.7090909090909091 1.9619334331821252 0.1723427755901085 1.40069034164662 0.06152065537465839 "" "" "" "" ""
J0230.8+4032 0.6068376068376068 0.9046142126181025 0.15299949232025 0.9511120925622292 0.08043189310530169 "" "" "" "" ""
J0231.2-4745 0.5666666666666667 3.1474054151687327 0.1739150086724526 1.7740928428830134 0.04901519370029972 "" "" "" "" ""
J0237.8+2848 0.016216216216216217 1.2986857236119433 0.02094743799711154 1.1395989310331698 0.009190706232990417 0.28630419821059877 1.6203010384486285 0.03028493284142922 1.2729104597137335 0.011895939973751194
J0238.6+1637 0.12574850299401197 1.8516416469045862 0.0331438228586579 1.3607503984583602 0.012178509334337747 0.7427772600186393 2.3562927602409394 0.04936613093646294 1.5350220715810374 0.016079941731918214
J0242.3+1102 0.898989898989899 0.7053982978444245 0.19162722810752844 0.8398799306117658 0.11408013283990955 "" "" "" "" ""
J0245.9-4650 0.3925925925925926 1.8130663337266748 0.06288559653135509 1.3465015164219738 0.02335147631265187 "" "" "" "" ""
J0252.8-2219 0.08045977011494253 1.3012433858352241 0.034390267183093806 1.1407205555416384 0.015073922800823281 0.8143133462282398 1.1490158630488265 0.05720949418424449 1.0719215750458737 0.02668548498139715
J0253.2-5441 0.7570093457943925 2.7758832700515437 0.18770047437579693 1.6660982174084287 0.05632935454062247 "" "" "" "" ""
J0259.4+0746 0.40298507462686567 1.1661589915002704 0.0860044268481095 1.0798884162265425 0.039820978517685665 "" "" "" "" ""
J0303.4-2407 0.021739130434782608 0.8449614614311989 0.03267611994787686 0.9192178530855452 0.017773871470290036 0.6464379947229552 0.712760233710464 0.06482407884229449 0.844251285880255 0.03839145993997862
J0303.6+4716 0.03867403314917127 0.16620955315349834 0.023863268696412147 0.40768805863490576 0.029266577952166938 "" "" "" "" ""
J0303.6-6211 0.2702702702702703 0.538382633833276 0.07763757354014715 0.7337456192940957 0.05290496563021313 "" "" "" "" ""
J0309.9-6058 0.056179775280898875 0.8655903028458545 0.029314564132102358 0.9303710565391932 0.015754232639795925 0.7721639656816015 0.7723257687411683 0.05323798495020889 0.8788206692728433 0.0302894474445277
J0319.8+4130 0.0 0.3088337757794611 0.006699636316760933 0.5557281491695927 0.006027800037457154 0.0476457399103139 0.30913190661130385 0.010715063119030546 0.5559963188828716 0.00963591192524408
J0324.8+3412 0.4351145038167939 0.9127494126606495 0.11404152404769323 0.9553791983608653 0.05968390574305635 "" "" "" "" ""
J0325.5-5635 0.504 0.499832054038202 0.09334716811099034 0.7069880154841396 0.06601750388022273 "" "" "" "" ""
J0325.7+2225 0.24503311258278146 0.5322260712420358 0.07463875123372082 0.7295382589296026 0.05115478888196538 "" "" "" "" ""
J0334.2-3725 0.0273224043715847 0.2324094995544901 0.02490405752066029 0.48208868432529106 0.02582933216480164 "" "" "" "" ""
J0334.2-4008 0.0053475935828877 0.3774812286742008 0.019183857290046333 0.6143950102940297 0.01561198981813472 0.527823240589198 0.2525559700937512 0.04182720230791574 0.5025494702949663 0.04161500984506629
J0339.5-0146 0.1393939393939394 0.9535050926094771 0.02602111866942716 0.9764758535721593 0.013323994942750652 0.625974025974026 1.3006502565169262 0.041822490652046136 1.1404605457958317 0.018335790223616078
J0349.8-2103 0.5537190082644629 1.7503232187846731 0.13923178932931252 1.3229978151095614 0.05261981075825976 "" "" "" "" ""
J0359.6+5057 0.36231884057971014 0.9457268147163413 0.058211626388875254 0.9724848660603111 0.029929322512081705 "" "" "" "" ""
J0401.9-2034 0.6206896551724138 1.309313367138299 0.11704612024431965 1.1442523179519013 0.05114524061171257 "" "" "" "" ""
J0403.9-3605 0.056179775280898875 1.9960150355951487 0.01982561132764162 1.4128039621954451 0.00701640562248755 0.3477633477633478 2.9413286048804927 0.029984839618106617 1.7150302052385238 0.008741781785101672
J0405.6-1308 0.6785714285714286 1.4427950101730176 0.16287965581904457 1.2011640230097709 0.06780075522530014 "" "" "" "" ""
J0407.0-3826 0.09302325581395349 0.7156079506528077 0.03020782384708337 0.8459361386374314 0.01785467156878993 0.8906882591093117 0.4919819058062455 0.05686979418478192 0.7014142184232122 0.04053937936461134
J0422.1-0644 0.8076923076923077 1.0155022513079772 0.1893961998269711 1.007721316291353 0.09397250845302786 "" "" "" "" ""
J0423.3-0120 0.22077922077922077 0.8339418572276861 0.03956336144918326 0.9132041706144832 0.021661837912195246 "" "" "" "" ""
J0428.6-3756 0.0 0.5701287614191818 0.009648029745006377 0.7550687130448339 0.006388842219471954 0.06575185820468839 0.6771954398736055 0.01235576609254217 0.8229188537599594 0.007507280964634621
J0433.0+0522 0.5284552845528455 0.7972592459020195 0.12667241298100831 0.8928937483833221 0.07093364311843486 "" "" "" "" ""
J0433.6-6030 0.41353383458646614 0.6969263502053256 0.10310892889277731 0.834821148633242 0.06175510111452368 "" "" "" "" ""
J0433.6+2905 0.41353383458646614 2.6111010389228393 0.14090688806454138 1.6158901692017436 0.043600391521086475 "" "" "" "" ""
J0442.6-0017 0.09302325581395349 1.6326617129372867 0.0447490542547486 1.2777565155135335 0.017510790871124553 0.9789251844046365 2.3774231826154546 0.08809149972757878 1.5418894845660809 0.0285660874561219
J0449.1+1121 0.056179775280898875 0.5305041677975263 0.03233482965653397 0.7283571704854194 0.02219709708835857 "" "" "" "" ""
J0449.4-4350 0.0 0.2788866758444392 0.011905079868850556 0.528097221962433 0.011271674394168128 0.14664202094886014 0.2903479138739577 0.01820035014384033 0.538839413808936 0.016888473334927472
J0453.1-2806 0.11242603550295859 0.4789047857216431 0.03129247654727733 0.6920294688245892 0.022609208102385828 "" "" "" "" ""
J0457.0-2324 0.0 0.38366896391785404 0.00631258114986876 0.6194101742124148 0.005095638893803494 0.05343082114735658 0.5067770189674766 0.008531990553379847 0.7118827283812107 0.00599255341731721
J0501.2-0158 0.08045977011494253 0.9478651348496163 0.027195916311267165 0.97358365580448 0.013966912935075395 0.5737018425460636 1.0839273320419633 0.04614958436296207 1.041118308379006 0.022163467874662474
J0505.3+0459 0.23684210526315788 3.508977753179996 0.06793602648182773 1.8732265621595259 0.01813342492952601 "" "" "" "" ""
J0507.7-6104 0.42424242424242425 0.2893971990129595 0.09122394262596914 0.5379565029005222 0.08478747085880851 "" "" "" "" ""
J0509.4+0542 0.0053475935828877 0.4387597989031539 0.029783333683519916 0.662389461648624 0.02248173877147143 0.4547563805104408 0.3942464409976841 0.04039323153867525 0.6278904689495486 0.03216582631541814
J0510.0+1800 0.88 12.371291416550577 0.42371749410315596 3.5172846652710064 0.06023360836938521 "" "" "" "" ""
J0515.6-4556 0.3055555555555556 2.727824348488192 0.07921969092511524 1.651612650862239 0.023982527284396222 "" "" "" "" ""
J0516.7-6207 0.06818181818181818 0.2387747980662739 0.038123634984615455 0.48864588207235915 0.039009471258544315 "" "" "" "" ""
J0521.7+2112 0.0053475935828877 0.3404978885595645 0.017511400058282063 0.5835219692175818 0.0150049192507373 0.3959731543624161 0.18648993072817716 0.030808100143942457 0.4318447993529355 0.03567033826747998
J0522.9-3628 0.0 0.4297408982755689 0.013783806561019702 0.6555462594474695 0.010513221883561241 0.36977256052824653 0.7577382632641373 0.03694833128156047 0.8704816271835594 0.021222924256946513
J0526.2-4830 0.08670520231213873 1.2097865163446089 0.037834391342570904 1.0999029576942727 0.01719896790798852 0.9818376068376068 0.9531968652326076 0.06415619388592499 0.976318014395211 0.03285619692558225
J0532.0-4827 0.7407407407407407 5.652645707197812 0.14317884006288376 2.377529328357026 0.03011084623755754 "" "" "" "" ""
J0532.6+0732 0.044444444444444446 0.6318733557572886 0.028687397507145017 0.7949046205409104 0.018044553249435158 0.8067307692307693 0.17857020954394434 0.058578814243212166 0.42257568498902576 0.06931162431261687
J0533.3+4823 0.189873417721519 0.46858344025378734 0.040801435847669584 0.6845315480339729 0.029802451008178108 "" "" "" "" ""
J0536.4-3401 0.5537190082644629 1.4283870322812182 0.13394484146013255 1.1951514683424935 0.05603676396176593 "" "" "" "" ""
J0538.8-4405 0.0 0.6749497537405004 0.009503457410011643 0.8215532567889318 0.005783835272685925 0.07567879838243789 0.7408398232245456 0.011181891032325537 0.8607205256205672 0.006495657242670932
J0539.9-2839 0.2129032258064516 1.6208742504730498 0.06075257687929771 1.2731355978343586 0.023859429028078253 "" "" "" "" ""
J0543.9-5531 0.11904761904761904 0.5534154544555947 0.049740697109686496 0.7439189837983667 0.0334315282933876 "" "" "" "" ""
