4LAC_variability_analysis/resulting_catalogs/selected_sources_monthly.ecsv
# %ECSV 1.0
# ---
# datatype:
# - {name: Source_Name, datatype: string}
# - {name: Bright_Ratio_x, datatype: float64}
# - {name: Norm_Excess_Var(monthly), datatype: float64}
# - {name: Unc_Norm_Excess_Var(monthly), datatype: float64}
# - {name: Frac_Variability(monthly), datatype: float64}
# - {name: Unc_Frac_Variability(monthly), datatype: float64}
# - {name: Bright_Ratio_y, datatype: float64}
# - {name: Norm_Excess_Var(3_days), datatype: float64}
# - {name: Unc_Norm_Excess_Var(3_days), datatype: float64}
# - {name: Frac_Variability(3_days), datatype: float64}
# - {name: Unc_Frac_Variability(3_days), datatype: float64}
# schema: astropy-2.0
Source_Name Bright_Ratio_x Norm_Excess_Var(monthly) Unc_Norm_Excess_Var(monthly) Frac_Variability(monthly) Unc_Frac_Variability(monthly) Bright_Ratio_y Norm_Excess_Var(3_days) Unc_Norm_Excess_Var(3_days) Frac_Variability(3_days) Unc_Frac_Variability(3_days)
[from data line 328]
J1824.1+5651 0.05027932960893855 0.4459143277001635 0.034617297561354156 0.6677681691277022 0.02592014651325349 "" "" "" "" ""
J1829.2-5813 0.43846153846153846 3.3862528929499742 0.08216863396339757 1.8401774080098838 0.0223262805003843 "" "" "" "" ""
J1829.5+4845 0.08670520231213873 0.2923802786430195 0.03611822894292679 0.5407219975579128 0.0333981501640854 "" "" "" "" ""
J1833.6-2103 0.0 2.6883082521335107 0.013135225798120575 1.6396061271334377 0.004005604023048268 0.1336154776299879 2.946365033291574 0.05967602500888837 1.7164978978407093 0.017383075471271648
J1838.8+4802 0.08670520231213873 0.20001640725003736 0.03202369109794286 0.4472319389869616 0.03580210658755799 "" "" "" "" ""
J1844.4+1547 0.34532374100719426 0.5357489298949027 0.0781838271878948 0.7319487208096636 0.05340799496268658 "" "" "" "" ""
J1848.4+3217 0.6696428571428571 3.263976154251055 0.21366579300813784 1.8066477670677965 0.059133218135519326 "" "" "" "" ""
J1848.5+3243 0.5454545454545454 1.9331333200413845 0.1517255942364229 1.3903716481723096 0.05456296323212262 "" "" "" "" ""
J1849.2+6705 0.12574850299401197 2.5728069300143352 0.05136150200425506 1.6039971726952436 0.01601047148915818 "" "" "" "" ""
J1852.4+4856 0.6477272727272727 1.2486650535605885 0.132562610341948 1.1174368230734963 0.059315483258076354 "" "" "" "" ""
J1902.9-6748 0.36231884057971014 1.3994504786743471 0.09447232327875056 1.182983718685235 0.039929680259567245 "" "" "" "" ""
J1903.2+5540 0.0053475935828877 0.048362269872165575 0.009956101968484074 0.21991423299133137 0.022636329247676577 0.43287037037037035 -0.4494034686668673 0.040057761514936834 0.0 0.1
J1911.2-2006 0.06857142857142857 0.6193442651985428 0.04678983087159249 0.7869842852297261 0.0297272968150401 "" "" "" "" ""
J1913.0-8009 0.25333333333333335 0.7305609234427329 0.06899710128162614 0.854728567115159 0.040361995571589475 "" "" "" "" ""
J1917.7-1921 0.09411764705882353 0.12802815835930545 0.0346987228612865 0.35781022673940643 0.048487606373751886 "" "" "" "" ""
J1924.8-2914 0.35251798561151076 0.5777513620205963 0.08261574919799133 0.7600995737537263 0.05434534635376536 "" "" "" "" ""
J1926.8+6154 0.2129032258064516 0.18235052555405326 0.059031740532360266 0.4270252048229159 0.06911973797523296 "" "" "" "" ""
J1941.3-6210 0.09941520467836257 0.7150554985319071 0.032024751282998754 0.8456095425974728 0.018935897521111106 0.9414225941422594 -0.5486657428351646 0.08395837465744965 0.0 0.1
J1958.0-3845 0.11242603550295859 3.144652644353185 0.03837233974957894 1.7733168482685728 0.010819369304206647 0.8570009930486594 3.6053557630133044 0.07880932573431296 1.8987774390415808 0.020752649603339623
J2000.0+6508 0.0053475935828877 0.28107394509540856 0.015065849043598086 0.530164073750201 0.014208666514337132 0.18806161745827984 0.28520407747185716 0.01973583931548702 0.5340450144621305 0.01847769268604089
J2000.9-1748 0.2064516129032258 1.1703164775300392 0.073152104118735 1.081811664537797 0.0338099997054428 "" "" "" "" ""
J2001.2+4353 0.4609375 1.9724203637622972 0.1059545458115267 1.404428838981277 0.037721578648435616 "" "" "" "" ""
J2005.5+7752 0.08670520231213873 0.8228815400207542 0.048282251361782824 0.9071281827948872 0.026612695028956034 "" "" "" "" ""
J2005.9-2309 0.5982905982905983 0.6737936710760707 0.12829293290626517 0.8208493595514774 0.07814645367839847 "" "" "" "" ""
J2007.9-4432 0.9081632653061225 2.188829789703813 0.2399594852374564 1.4794694284451482 0.08109646628171369 "" "" "" "" ""
J2009.4-4849 0.016216216216216217 0.15656979115400416 0.025030506996006494 0.39568900812886393 0.03162901480934594 "" "" "" "" ""
J2012.0+4629 0.16049382716049382 0.6314846153307523 0.04262107887925535 0.7946600627505779 0.026817176851526854 "" "" "" "" ""
J2015.5+3710 0.08092485549132948 0.9488467735552033 0.03698841503512672 0.9740876621512067 0.018986183930017296 "" "" "" "" ""
J2022.5+7612 0.18238993710691823 0.3316492091843117 0.05666933358629435 0.5758899280108237 0.04920153212440734 "" "" "" "" ""
J2025.3+3341 0.8333333333333334 0.791294102235312 0.20561186223846104 0.8895471332286514 0.11557108924188396 "" "" "" "" ""
J2025.6-0735 0.11976047904191617 1.737179558010871 0.03147816418855672 1.318021076466864 0.01194144947702136 0.6672597864768683 2.566523230149171 0.05126969133600823 1.6020372124732842 0.016001404629314504
J2034.6+1154 0.87 2.442767211247063 0.3113569362504119 1.562935446922573 0.09960646067100055 "" "" "" "" ""
J2035.4+1056 0.41353383458646614 4.462955284133525 0.11081630640802702 2.112570776124086 0.026227832851910562 "" "" "" "" ""
J2049.9+1002 0.34285714285714286 0.3803674353587716 0.07116109627705455 0.6167393577182922 0.05769138566113594 "" "" "" "" ""
J2052.2-5533 0.7570093457943925 2.487877330221216 0.12932497376628282 1.5773006467446895 0.0409956637097658 "" "" "" "" ""
J2056.2-4714 0.08045977011494253 0.8800516206916519 0.02134420904579998 0.9381106654823044 0.011376167989107358 0.4848966613672496 1.168052919104142 0.03430727132779167 1.080764969410159 0.015871753942263363
J2115.4+2932 0.175 1.1085965347000255 0.06042536157768374 1.0528991094592233 0.028694753863320602 "" "" "" "" ""
J2116.2+3339 0.09941520467836257 0.24705269953296993 0.04185054541906058 0.4970439613685795 0.042099440564399696 "" "" "" "" ""
J2126.3-4605 0.5666666666666667 1.4268317091503522 0.14443020244053187 1.1945006107785596 0.06045631167421263 "" "" "" "" ""
J2134.2-0154 0.5537190082644629 0.7565795337399791 0.14821507580558668 0.8698158044896512 0.08519911631897124 "" "" "" "" ""
J2135.3-5006 0.46875 0.27773609846057085 0.08467336851379556 0.5270067347392924 0.08033423762191869 "" "" "" "" ""
J2139.4-4235 0.0053475935828877 0.3537675483408822 0.01693584962601117 0.594783614721255 0.01423698401136029 0.5064724919093851 0.12319321953350904 0.03558228451714846 0.35098891653941017 0.050688615566516285
J2141.7-6410 0.5932203389830508 2.6814613710605064 0.10775409832361355 1.6375168307716736 0.03290167658088584 "" "" "" "" ""
J2143.5+1743 0.2789115646258503 0.671749289848507 0.028218477089839204 0.8196031294770092 0.017214720195032375 0.7255985267034991 0.4733588711672569 0.04069914612332616 0.6880108074494592 0.029577403205483726
J2145.0-3356 0.7407407407407407 2.0964182082557303 0.20040047311037984 1.447901311642382 0.06920377497381426 "" "" "" "" ""
J2147.1+0931 0.3333333333333333 1.1644636398360557 0.08636908852874368 1.079103164593662 0.040018920971873026 "" "" "" "" ""
J2147.3-7536 0.38235294117647056 2.443050931829772 0.05411152281948406 1.5630262095786405 0.01730985778993156 "" "" "" "" ""
J2151.8-3027 0.3333333333333333 1.851021873568163 0.0850341005412396 1.360522647208845 0.031250527404189016 "" "" "" "" ""
J2157.5+3127 0.4461538461538462 2.4120036171269597 0.08337213005555533 1.5530626571799864 0.026841199764258205 "" "" "" "" ""
J2158.8-3013 0.0 0.2041917794537992 0.0072601151306031265 0.45187584517630414 0.008033307387530877 0.09016870273414776 0.27360925661448454 0.01197072790986408 0.5230767215375624 0.011442611969690243
J2201.5-8339 0.41353383458646614 1.155887892797613 0.08358296955481828 1.0751222687664939 0.0388713786250165 "" "" "" "" ""
J2202.7+4216 0.0053475935828877 0.9455204045415442 0.019357436474846244 0.9723787351343838 0.009953650658645383 0.059625212947189095 1.3370343709785608 0.011186605949744733 1.156302024117644 0.0048372335758389146
J2203.4+1725 0.6068376068376068 1.5905142851953862 0.08788173555357973 1.2611559321493064 0.03484174054663033 "" "" "" "" ""
J2207.5-5346 0.323943661971831 0.49889195696131 0.0791110233754041 0.7063228418799083 0.056002028169474694 "" "" "" "" ""
J2211.2-1325 0.8431372549019608 0.6795881587952525 0.16360797557181084 0.8243713718920936 0.09923196095243975 "" "" "" "" ""
J2229.7-0832 0.1393939393939394 0.7905274655863744 0.03742466182804329 0.8891161147939983 0.021045992309291522 0.9675392670157068 0.43424421240407546 0.06143130031390365 0.6589720877276029 0.04661145855641863
J2232.6+1143 0.0 3.5657430041352467 0.012996748463139066 1.8883175061771913 0.003441356768822835 0.14862385321100918 3.806749547921237 0.053488136357240396 1.951089323409166 0.013707249513256475
J2234.1-2656 0.5798319327731093 0.5846542067785916 0.12202024248599623 0.7646268415237537 0.07979071349550941 "" "" "" "" ""
J2236.3+2828 0.062146892655367235 0.6818484728760406 0.025458727371422924 0.8257411657874643 0.015415682556618283 0.5723905723905723 0.6599103250450653 0.03853838538496346 0.8123486474692164 0.02372034809501166
J2236.5-1433 0.062146892655367235 1.6043757241609502 0.03824995955755738 1.2666395399485009 0.015098991603843563 0.7338262476894639 2.3247908806817055 0.07824861295116939 1.5247264937298444 0.025659884993456967
J2243.9+2021 0.027624309392265192 0.22545253118627326 0.02271851943086346 0.47481841917334383 0.02392337629868727 0.7444029850746269 -0.7473784407116267 0.07066863774934884 0.0 0.1
J2244.2+4057 0.5409836065573771 3.061982793589099 0.06614547913168019 1.749852220500091 0.018900304367638666 "" "" "" "" ""
J2248.7-3235 0.7843137254901961 0.9964470763034595 0.14110381211813866 0.9982219574340466 0.0706775737937329 "" "" "" "" ""
J2250.7-2806 0.6347826086956522 1.9418352287949534 0.14772646558962638 1.393497480727882 0.05300564501647417 "" "" "" "" ""
J2253.9+1609 0.010752688172043012 2.822906325653936 0.007064736091378102 1.6801506854011445 0.002102411454152209 0.068 4.20827618437689 0.015420114363797597 2.0514083416952587 0.0037584214830321404
J2258.1-2759 0.23684210526315788 1.839958286600208 0.052163762634117004 1.3564506207747513 0.019228035962091678 "" "" "" "" ""
J2301.0-0158 0.4573643410852713 1.6909000732770076 0.12662883640119885 1.3003461359488124 0.04869043437761388 "" "" "" "" ""
J2311.0+3425 0.10588235294117647 1.6895426740247252 0.051358469234252406 1.299824093492933 0.019755930626058835 "" "" "" "" ""
J2321.9+3204 0.48031496062992124 2.718936978794613 0.14496676406046766 1.6489199431126464 0.043958096530391774 "" "" "" "" ""
J2323.5-0317 0.056179775280898875 1.0460336608337328 0.0410676181856213 1.0227578700913198 0.02007690157493213 "" "" "" "" ""
J2325.4-4800 0.22875816993464052 0.40064083126608746 0.061080019446106026 0.6329619508833746 0.04824936108786753 "" "" "" "" ""
J2325.4-3559 0.25333333333333335 0.2816991914043584 0.06787415478042486 0.5307534186459456 0.06394132604325463 "" "" "" "" ""
J2327.5+0939 0.5932203389830508 0.9601419046381099 0.1243895758324225 0.9798683098448026 0.0634725986046656 "" "" "" "" ""
J2328.3-4036 0.46875 1.4378391931941477 0.11713470784519044 1.1990993258250744 0.04884278780016517 "" "" "" "" ""
J2329.3-4955 0.1987179487179487 2.379554346277162 0.025538288631893995 1.5425804180907918 0.008277781933567525 0.7961538461538461 2.648097849400185 0.042912475595232924 1.6272977138188898 0.013185195072426948
J2331.0-2147 0.3582089552238806 0.7007847663456584 0.10105787981566691 0.8371288827568061 0.060359809521125546 "" "" "" "" ""
J2345.2-1555 0.2689655172413793 2.171190688258658 0.0452253973879103 1.4734960767707044 0.015346290397673037 "" "" "" "" ""
J2347.0+5141 0.06818181818181818 0.141772047721392 0.028441809747968578 0.3765262908767355 0.03776869031076459 "" "" "" "" ""
J2348.0-1630 0.12574850299401197 0.9830786448331001 0.03266951342361269 0.9915032248223402 0.016474738864044786 0.7679245283018868 0.9323030201087512 0.06051184579268665 0.9655583980830736 0.03133515586049535
