4LAC_variability_analysis/resulting_catalogs/selected_sources_monthly.ecsv
# %ECSV 1.0
# ---
# datatype:
# - {name: Source_Name, datatype: string}
# - {name: SpectrumType, datatype: string}
# - {name: CLASS, datatype: string}
# - {name: SED_class, datatype: string}
# - {name: Variability_Index, datatype: float32}
# - {name: Frac_Variability, datatype: float32}
# - {name: Unc_Frac_Variability, datatype: float32}
# - {name: Spectrum_Flux_Estimated, datatype: float64}
# - {name: Bright_Ratio_x, datatype: float64}
# - {name: Norm_Excess_Var(3_days), datatype: float64}
# - {name: Unc_Norm_Excess_Var(3_days), datatype: float64}
# - {name: Frac_Variability(3_days), datatype: float64}
# - {name: Unc_Frac_Variability(3_days), datatype: float64}
# - {name: Bright_Ratio_y, datatype: float64}
# - {name: Norm_Excess_Var(weekly), datatype: float64}
# - {name: Unc_Norm_Excess_Var(weekly), datatype: float64}
# - {name: Frac_Variability(weekly), datatype: float64}
# - {name: Unc_Frac_Variability(weekly), datatype: float64}
# - {name: Bright_Ratio, datatype: float64}
# - {name: Norm_Excess_Var(monthly), datatype: float64}
# - {name: Unc_Norm_Excess_Var(monthly), datatype: float64}
# - {name: Frac_Variability(monthly), datatype: float64}
# - {name: Unc_Frac_Variability(monthly), datatype: float64}
# schema: astropy-2.0
Source_Name SpectrumType CLASS SED_class Variability_Index Frac_Variability Unc_Frac_Variability Spectrum_Flux_Estimated Bright_Ratio_x Norm_Excess_Var(3_days) Unc_Norm_Excess_Var(3_days) Frac_Variability(3_days) Unc_Frac_Variability(3_days) Bright_Ratio_y Norm_Excess_Var(weekly) Unc_Norm_Excess_Var(weekly) Frac_Variability(weekly) Unc_Frac_Variability(weekly) Bright_Ratio Norm_Excess_Var(monthly) Unc_Norm_Excess_Var(monthly) Frac_Variability(monthly) Unc_Frac_Variability(monthly)
[from data line 297]
J2236.3+2828 LogParabola fsrq LSP 877.71924 0.43792218 0.09454231 7.744537437369006e-08 0.8736208625877633 0.5540476073647954 0.03480321851672153 0.7443437427457796 0.03337978918913676 0.4144620811287478 0.8218262834767431 0.014227064587367005 0.9065463493262454 0.02039872132150443 0.11242603550295859 0.6728168310809828 0.007811149268012529 0.8202541259152452 0.020567080396112193
J2236.5-1433 LogParabola BLL LSP 1812.4861 0.7768129 0.16642071 6.602012202725975e-08 "" "" "" "" "" 0.5285171102661597 2.326035917256416 0.026127398666581703 1.525134721018578 0.026904005890514116 0.10588235294117647 1.5930795443135017 0.008305182789786597 1.2621725493424034 0.020897322562860327
J2243.9+2021 LogParabola bll HSP 129.26231 0.27767465 0.064156346 2.0478083459035123e-08 "" "" "" "" "" 0.41872791519434627 0.0828163723651724 0.043176305512444405 0.2877783389436606 0.0813100458023353 0.03333333333333333 0.22577872678357097 0.009578744343611034 0.4751617901131897 0.0243669973361661
J2244.2+4057 LogParabola fsrq LSP 4666.583 1.2456656 0.26608893 5.8249312525766295e-08 "" "" "" "" "" "" "" "" "" "" 0.7570093457943925 3.1410561214077894 0.00972117047063218 1.772302491508656 0.022496387851612856
J2253.9+1609 LogParabola FSRQ LSP 77426.66 0.96451724 0.20566168 1.6250900446069262e-06 0.09043173862310384 4.217758488607714 0.0008710759382634732 2.053718210614035 0.003779511928558675 0.04960835509138381 3.837993042286562 0.0003596105399819355 1.9590796416395535 0.00299418282368416 0.016216216216216217 2.8234472119472036 8.624529504311814e-05 1.6803116413175276 0.002103553786997196
J2258.1-2759 LogParabola fsrq LSP 1454.335 0.84668106 0.1816638 6.40036466120264e-08 "" "" "" "" "" 0.8356164383561644 2.2325803462281586 0.03134314662801126 1.49418216634658 0.02983648436156626 0.2789115646258503 1.859492771775956 0.007268749645011851 1.3636321981296702 0.019490233893450823
J2301.0-0158 LogParabola fsrq LSP 601.0875 0.9494157 0.20575298 2.4227844971111062e-08 "" "" "" "" "" "" "" "" "" "" 0.8252427184466019 1.071086160852202 0.14529450531641064 1.034932925774517 0.11077125383090605
J2311.0+3425 LogParabola FSRQ LSP 2396.9778 0.89476496 0.19153967 6.955055231365772e-08 "" "" "" "" "" 0.8891509433962265 2.2413278355524646 0.02693635977391852 1.4971064877130367 0.027436366846722102 0.20512820512820512 1.7375382450732346 0.01036212316930556 1.3181571397497471 0.023383052172424593
J2321.9+3204 LogParabola fsrq LSP 1199.3973 0.9342143 0.20085001 3.490938176946417e-08 "" "" "" "" "" "" "" "" "" "" 0.7570093457943925 2.8214493730980883 0.05536069314688748 1.6797170514994746 0.05574018745729465
J2323.5-0317 LogParabola fsrq LSP 874.44104 0.6045611 0.13038619 5.801155707048866e-08 "" "" "" "" "" 0.8008948545861297 0.9808174845605824 0.07095021061016066 0.9903622996462367 0.055155114498336336 0.10588235294117647 1.0613504100118336 0.01214434282616314 1.0302186224349827 0.025635233179947745
J2325.4-4800 PowerLaw bll ISP 133.19888 0.5536882 0.12714717 1.5156065814588678e-08 "" "" "" "" "" "" "" "" "" "" 0.3925925925925926 0.40118273038508473 0.04671459456073362 0.6333898723417393 0.06104971416660408
J2327.5+0939 LogParabola fsrq LSP 434.73053 0.7418971 0.16231701 4.5613027976802476e-08 "" "" "" "" "" "" "" "" "" "" 0.8252427184466019 0.8347047806458516 0.09801454380315446 0.9136217930007207 0.08856285602518647
J2328.3-4036 LogParabola fsrq LSP 347.1513 0.6122974 0.13438825 3.410642742585484e-08 "" "" "" "" "" "" "" "" "" "" 0.6491228070175439 1.505687187785427 0.052056826293748346 1.22706445950709 0.05579024528931751
J2329.3-4955 LogParabola FSRQ LSP 16384.979 1.1942681 0.25476465 1.6372106279411433e-07 "" "" "" "" "" 0.6715176715176715 2.6054079668275123 0.006938301368513638 1.6141276178876045 0.01331962694472808 0.2635135135135135 2.397840341480346 0.0015973966610290575 1.548496154816132 0.00907871361217052
J2331.0-2147 LogParabola fsrq LSP 289.81918 0.80587757 0.1775244 2.0398081448726366e-08 "" "" "" "" "" "" "" "" "" "" 0.5423728813559322 0.6120462832497295 0.07398227317171069 0.7823338694251513 0.08700719216089989
J2345.2-1555 LogParabola FSRQ LSP 3702.563 0.89033765 0.19032075 8.977744559241804e-08 "" "" "" "" "" 0.8764568764568764 2.457421269561473 0.022425659128011147 1.5676164293479045 0.02468127757116405 0.3939393939393939 2.2190080621247414 0.006551461966312723 1.4896335328277024 0.01855895269265107
J2347.0+5141 LogParabola bll HSP 58.688427 0.20183285 0.052628208 1.4497744907334109e-08 "" "" "" "" "" 0.8981042654028436 -1.189340107349935 0.13009881584394414 0.0 0.1 0.09302325581395349 0.14724748666628468 0.018776882531567493 0.38372840221474963 0.039352846433376484
J2348.0-1630 LogParabola fsrq LSP 1646.2932 0.8283717 0.1777093 6.571699116478933e-08 "" "" "" "" "" 0.6164658634538153 1.3699969063655695 0.024379996819637182 1.1704686695360835 0.02673695330034149 0.15337423312883436 0.9899949931791853 0.006214938466447871 0.9949849210813123 0.01812228039184897
