4LAC_variability_analysis/resulting_catalogs/selected_rows_3days.ecsv
# %ECSV 1.0
# ---
# datatype:
# - {name: Source_Name, datatype: string}
# - {name: RAJ2000, datatype: float32}
# - {name: DEJ2000, datatype: float32}
# - {name: Redshift, datatype: float64}
# - {name: SpectrumType, datatype: string}
# - {name: Pivot_Energy, datatype: float32}
# - {name: PL_Flux_Density, datatype: float32}
# - {name: PL_Index, datatype: float32}
# - {name: LP_Flux_Density, datatype: float32}
# - {name: LP_Index, datatype: float32}
# - {name: LP_beta, datatype: float32}
# - {name: CLASS, datatype: string}
# - {name: SED_class, datatype: string}
# - {name: Variability_Index, datatype: float32}
# - {name: Frac_Variability, datatype: float32}
# - {name: Unc_Frac_Variability, datatype: float32}
# - {name: Flux1000, datatype: float32}
# - {name: Unc_Flux1000, datatype: float32}
# - {name: Spectrum_Flux_Estimated, datatype: float64}
# - {name: Norm_Excess_Variance_Estimated, datatype: float64}
# - {name: Unc_Norm_Excess_Variance_Estimated, datatype: float64}
# - {name: Frac_Variability_Estimated, datatype: float64}
# - {name: Unc_Frac_Variability_Estimated, datatype: float64}
# schema: astropy-2.0
Source_Name RAJ2000 DEJ2000 Redshift SpectrumType Pivot_Energy PL_Flux_Density PL_Index LP_Flux_Density LP_Index LP_beta CLASS SED_class Variability_Index Frac_Variability Unc_Frac_Variability Flux1000 Unc_Flux1000 Spectrum_Flux_Estimated Norm_Excess_Variance_Estimated Unc_Norm_Excess_Variance_Estimated Frac_Variability_Estimated Unc_Frac_Variability_Estimated
[from data line 269]
J1246.7-2548 191.6887 -25.8018 0.635 LogParabola 683.8276 2.0756683e-11 2.3103821 2.3703609e-11 2.2148218 0.12618035 fsrq LSP 1138.02 0.4736994 0.10190972 6.8341857e-09 1.2846202e-10 1.1018026698933104e-07 0.42547340320064875 0.014170456782434364 0.652283223148234 0.010862196266554958
J1248.3+5820 192.0844 58.3432 -999.0 LogParabola 1121.6704 3.7638104e-12 1.9060471 3.9649104e-12 1.8214486 0.04694648 bll ISP 174.28874 0.19255705 0.043928735 5.3603375e-09 9.452796e-11 3.4599943183069215e-08 -0.06616613627838101 0.0063144140862186355 0.0 0.1
J1249.3-0545 192.3264 -5.7621 -inf PowerLaw 2868.21 7.388344e-14 2.0470395 8.057307e-14 1.9777809 0.06477852 bcu "" 59.367165 0.6429484 0.16810212 6.052103e-10 5.266214e-11 6.0166313325440184e-09 "" "" "" ""
J1253.2+5301 193.3067 53.0173 -999.0 LogParabola 1162.7819 2.777489e-12 2.0458844 3.0470884e-12 1.9475096 0.08641389 bll LSP 128.22119 0.22820066 0.052861217 3.8191565e-09 8.357084e-11 2.981923633195028e-08 0.006677393135979569 0.013698659237171992 0.08171531763371889 0.08381940885658015
J1256.1-0547 194.0415 -5.7887 0.536 LogParabola 954.1499 5.6672122e-11 2.2891772 6.362728e-11 2.2989004 0.07763999 FSRQ LSP 29785.236 0.9545981 0.20356989 4.0885602e-08 3.2726946e-10 7.096399286811371e-07 2.596560454328784 0.011215316110070785 1.6113846388521842 0.0034800245204210335
J1257.8+3228 194.4728 32.4721 0.806 LogParabola 775.9997 2.4204792e-12 2.3120444 2.6650685e-12 2.1993823 0.10703701 fsrq LSP 403.19357 0.84299105 0.18400578 1.0864925e-09 5.2659644e-11 1.614495128016495e-08 "" "" "" ""
J1258.6-1759 194.6635 -17.9958 1.956 LogParabola 722.1979 2.7572144e-12 2.3652723 3.1815798e-12 2.182561 0.16483094 fsrq LSP 250.5242 0.82127357 0.182019 1.0323405e-09 6.304162e-11 1.4860188723429973e-08 "" "" "" ""
J1258.8-2219 194.7172 -22.3257 1.303 LogParabola 850.1523 3.5637977e-12 2.381779 4.021536e-12 2.3234549 0.10508115 fsrq LSP 579.76953 0.92600363 0.20039906 1.8479819e-09 7.827396e-11 3.41815617225504e-08 "" "" "" ""
J1259.7-3223 194.9449 -32.3898 0.01375 LogParabola 943.4617 1.1863681e-12 2.3814375 1.4497802e-12 2.2973866 0.16788481 bll LSP 130.7703 0.73782206 0.17058367 8.362436e-10 6.019367e-11 1.2624705809290846e-08 "" "" "" ""
J1303.0+2434 195.7571 24.5821 0.993 LogParabola 860.2145 2.7233038e-12 2.186331 2.9098072e-12 2.0807223 0.076983474 bll LSP 264.0485 0.5345164 0.11881581 1.7390461e-09 6.71408e-11 1.992409835304492e-08 "" "" "" ""
J1308.5+3547 197.1286 35.7918 1.055 LogParabola 712.50256 2.572277e-12 2.333917 3.080821e-12 2.1571 0.21009248 fsrq LSP 326.32715 0.8273898 0.18181135 9.396103e-10 4.944632e-11 1.2705121893847733e-08 "" "" "" ""
J1310.5+3221 197.6324 32.3547 0.997 LogParabola 2158.7446 6.789641e-13 2.3017867 7.637574e-13 2.4003425 0.06768679 fsrq LSP 897.96747 0.76263285 0.16440342 3.3516097e-09 1.2258368e-10 5.851141797881423e-08 0.6191197717505958 0.022110500959681385 0.7868416433759692 0.014050159359140916
J1312.4-2156 198.1108 -21.938 1.491 LogParabola 1330.636 1.1475336e-12 2.0417125 1.3177665e-12 1.8674401 0.13206457 bll HSP 289.9716 0.6903063 0.15214363 2.1897255e-09 8.593339e-11 1.2802665839677419e-08 "" "" "" ""
J1312.6+4828 198.1694 48.4701 0.638 LogParabola 824.5931 3.3597521e-12 2.1601832 3.5340834e-12 2.0695424 0.0599869 bcu LSP 3892.9688 2.291977 0.4893227 1.9908144e-09 6.3790605e-11 2.283535747557497e-08 "" "" "" ""
J1312.8-0425 198.217 -4.4196 0.8249 LogParabola 871.3989 2.9221439e-12 2.3649096 3.4733102e-12 2.267123 0.18303515 fsrq LSP 544.1315 0.82578754 0.17955302 1.6546534e-09 7.171002e-11 2.4317818624373606e-08 "" "" "" ""
J1315.1-5333 198.7978 -53.5649 -inf LogParabola 1317.4684 1.1725869e-12 2.4118388 1.3629627e-12 2.3598938 0.14638534 bll LSP 277.10663 0.84847236 0.18729804 1.7693794e-09 8.8540786e-11 2.578537160309946e-08 0.10663435964262961 0.017494096036720735 0.32654916879794627 0.026786312305001277
J1316.1-3338 199.0252 -33.6365 1.21 LogParabola 842.20624 4.13175e-12 2.3241017 4.3934322e-12 2.2587929 0.061241537 fsrq LSP 677.63403 0.88829917 0.19193487 2.1796933e-09 8.0882516e-11 3.717341681624876e-08 "" "" "" ""
J1321.1+2216 200.2958 22.2808 0.943 LogParabola 680.3629 6.2329955e-12 2.3481383 6.633851e-12 2.2720602 0.069264926 fsrq LSP 366.49 0.57659274 0.1259572 1.930576e-09 6.9873676e-11 3.576802436646402e-08 "" "" "" ""
J1322.6-0936 200.6637 -9.6075 1.864 LogParabola 438.41354 8.040046e-12 2.60988 9.151308e-12 2.4359677 0.16331188 fsrq LSP 429.5244 1.0314845 0.22553174 5.886084e-10 4.750893e-11 1.9698650743550453e-08 "" "" "" ""
J1326.8-5256 201.7201 -52.9376 -inf LogParabola 1061.5354 2.5848462e-12 2.3088355 2.9124086e-12 2.1854491 0.124745965 bll LSP 396.2782 0.68654746 0.15011697 2.4774587e-09 9.414486e-11 3.017496312994655e-08 0.13402415267986617 0.018272894050457743 0.3660930929147205 0.02495662224186557
J1326.9+2210 201.7295 22.1732 1.398 LogParabola 610.2144 5.8178675e-12 2.487208 6.5000275e-12 2.3642218 0.13888626 fsrq LSP 209.83745 0.5205173 0.116994835 1.1804163e-09 5.7460252e-11 2.741967697648343e-08 "" "" "" ""
J1329.0-5607 202.2672 -56.1186 -inf LogParabola 857.17596 7.292019e-12 2.4513836 8.289152e-12 2.3459337 0.13044897 bll LSP 1066.732 0.8003936 0.17227289 3.7348746e-09 1.11378406e-10 6.966406520076799e-08 0.10281695769905289 0.013839448312352282 0.32065083455224763 0.021580246830914217
J1330.2-7003 202.5616 -70.0586 -inf LogParabola 911.68506 2.7612962e-12 2.4305842 3.3120342e-12 2.3026364 0.18151134 bcu LSP 1092.9772 1.3560349 0.2914557 1.7284296e-09 7.6915176e-11 2.6418085267709864e-08 "" "" "" ""
J1332.0-0509 203.0196 -5.1611 2.15 LogParabola 489.92587 2.1331251e-11 2.5140712 2.5391004e-11 2.4086459 0.15423633 fsrq LSP 2709.0525 1.2824053 0.2742118 2.3545528e-09 8.256748e-11 6.872047597131998e-08 "" "" "" ""
J1332.6-1256 203.1543 -12.9436 1.492 LogParabola 1000.3005 4.103188e-12 2.4311616 4.6543685e-12 2.4336975 0.103352614 fsrq LSP 858.3483 0.75146556 0.16210663 2.991286e-09 9.731131e-11 6.511673599866888e-08 "" "" "" ""
J1333.7+5056 203.4395 50.9366 1.362 LogParabola 770.618 2.0969305e-12 2.3384829 2.3235715e-12 2.239042 0.10792186 fsrq LSP 379.9662 0.79219836 0.17339861 8.9763497e-10 4.4484257e-11 1.4509656800082998e-08 "" "" "" ""
J1337.6-1257 204.424 -12.9517 0.539 LogParabola 747.0036 5.6672306e-12 2.3851902 6.279199e-12 2.2696269 0.1176216 fsrq LSP 329.70084 0.5757944 0.12657808 2.1609716e-09 8.34587e-11 3.746790132874232e-08 "" "" "" ""
J1344.2-1723 206.0601 -17.3978 2.49 LogParabola 910.1356 2.3947671e-12 2.2226589 2.7646095e-12 2.0835876 0.13480014 fsrq LSP 520.5657 0.9155971 0.19917397 1.752588e-09 7.7561194e-11 1.860401594155554e-08 "" "" "" ""
J1345.5+4453 206.394 44.8844 2.534 LogParabola 489.03287 5.724158e-11 2.2663121 6.2606e-11 2.158393 0.089788504 fsrq LSP 5241.823 0.6488844 0.13860855 9.08368e-09 1.2394337e-10 1.4923928098499928e-07 0.41791324086849513 0.010029799837414151 0.6464620954615167 0.0077574539233067966
J1347.6-3751 206.9135 -37.8633 1.3 LogParabola 1043.5677 7.14462e-13 2.3416023 8.567102e-13 2.2127604 0.17442152 fsrq LSP 68.56274 0.53609544 0.13831277 6.6465267e-10 5.3622003e-11 7.486940827005676e-09 "" "" "" ""
J1349.5-1131 207.3869 -11.5188 0.34 LogParabola 606.9497 4.426896e-12 2.4818678 4.9094036e-12 2.361503 0.12553936 fsrq ISP 535.04156 1.3135654 0.28442165 8.9818086e-10 5.9749414e-11 2.0841474995624006e-08 "" "" "" ""
J1350.8+3033 207.7148 30.5588 0.711515 PowerLaw 743.4637 1.4440802e-12 2.4319 1.5277872e-12 2.4038389 0.04355889 fsrq LSP 262.44943 0.9966704 0.22050987 4.8996046e-10 3.6584843e-11 1.3262732418317597e-08 "" "" "" ""
J1354.8-1041 208.718 -10.6932 0.33 LogParabola 682.041 2.814268e-12 2.447683 3.1471412e-12 2.3028471 0.13937649 fsrq LSP 197.77232 0.8460133 0.19020687 8.1278106e-10 5.700405e-11 1.5617552513085143e-08 "" "" "" ""
J1408.9-0751 212.2356 -7.8575 1.493 LogParabola 1113.4492 3.0238637e-12 2.2590778 3.380175e-12 2.2130103 0.10310179 fsrq LSP 1392.4369 1.1723727 0.2513727 3.2137093e-09 9.7248314e-11 4.226688584786121e-08 0.6625006437541999 0.01710534782516405 0.8139414252599507 0.010507726535543433
J1415.5+4830 213.8992 48.5142 -999.0 LogParabola 1558.9705 2.6958573e-13 1.9335799 2.9186137e-13 1.8096329 0.072609566 bll LSP 169.41278 0.8312047 0.18740253 7.1965733e-10 4.359875e-11 3.853719047207335e-09 "" "" "" ""
J1416.1+1320 214.0285 13.347 0.247 LogParabola 976.38416 2.078551e-12 2.0571856 2.1471e-12 2.0017138 0.031765103 bcu LSP 1838.2279 1.9940581 0.42660362 1.9230149e-09 7.3984215e-11 1.888910609099784e-08 "" "" "" ""
J1418.4+3543 214.6229 35.7192 0.819 LogParabola 819.44904 3.3542722e-12 2.1400502 3.5135102e-12 2.0651817 0.048797082 FSRQ "" 1735.1504 1.345678 0.28827864 1.9944322e-09 6.657436e-11 2.2844197092565318e-08 "" "" "" ""
J1419.4-0838 214.86 -8.6417 0.903 LogParabola 708.21375 7.0087686e-12 2.243127 7.601577e-12 2.1349716 0.08603288 fsrq LSP 624.98157 0.62961584 0.13672969 2.73807e-09 8.794296e-11 3.732360876462018e-08 "" "" "" ""
J1419.8+5423 214.955 54.3937 0.153 LogParabola 733.23145 2.9202398e-12 2.3270116 3.0739354e-12 2.2571166 0.05944592 bll LSP 335.24088 0.6450191 0.14164077 1.1024067e-09 4.6746326e-11 1.9435667570870996e-08 "" "" "" ""
J1424.8-6808 216.2169 -68.1489 -inf LogParabola 1067.7168 1.7669979e-12 2.4818034 2.210139e-12 2.442508 0.21234578 bcu LSP 145.98521 0.5199333 0.119698234 1.5752527e-09 7.994151e-11 2.643251315124296e-08 "" "" "" ""
J1427.0+2348 216.7558 23.8013 0.604 LogParabola 1254.4047 5.724844e-12 1.8168526 6.14432e-12 1.7068207 0.05678581 BLL HSP 370.87347 0.25119606 0.05507706 1.1100593e-08 1.5873146e-10 5.501397201225569e-08 0.021389164131220807 0.0068181426667206215 0.14625034745675242 0.023309834080007263
J1427.6-3305 216.913 -33.094 -inf LogParabola 906.68414 2.6378578e-12 2.293874 3.008522e-12 2.204957 0.119364284 bll LSP 288.66898 0.6012469 0.13328755 1.7479462e-09 7.281437e-11 2.4133204185065794e-08 "" "" "" ""
J1427.9-4206 216.9866 -42.106 1.522 LogParabola 1367.4917 2.1246904e-11 2.2033215 2.4387228e-11 2.2236695 0.09191795 FSRQ LSP 15236.898 0.7041836 0.15022291 3.7604487e-08 3.0425776e-10 4.7603426665634055e-07 0.8623242259991099 0.006668102999073631 0.9286141426874296 0.003590351843972565
J1434.7+1950 218.675 19.8478 1.382 LogParabola 1061.7644 2.0984035e-12 2.3106105 2.493189e-12 2.2885466 0.14510848 fsrq LSP 634.57086 0.77724755 0.1686912 1.9690043e-09 7.53374e-11 2.830488823515364e-08 "" "" "" ""
J1435.9-8348 218.9778 -83.8017 -inf LogParabola 867.4881 1.0709289e-12 2.4191377 1.1761879e-12 2.3361058 0.091799855 bcu "" 197.28296 1.0793695 0.24211991 5.698584e-10 4.8597053e-11 1.0927922208463775e-08 "" "" "" ""
J1438.9+3710 219.7402 37.1752 2.401 LogParabola 558.70966 5.546924e-12 2.426326 6.115224e-12 2.3188167 0.10816328 fsrq LSP 379.58456 0.719489 0.15765841 9.720217e-10 4.7139216e-11 2.1440518739928703e-08 "" "" "" ""
J1443.9-3908 220.9908 -39.1481 0.138 LogParabola 1869.902 1.052068e-12 1.8453245 1.1293455e-12 1.7476867 0.056658365 bll HSP 56.59184 0.18177399 0.047452673 4.0782715e-09 1.0685008e-10 2.0043221030480124e-08 0.10585021911269293 0.023529072797853885 0.32534630643776014 0.03616004290240049
J1443.9+2501 220.9933 25.0291 0.939 LogParabola 823.50037 7.109731e-12 2.0995898 7.887834e-12 1.9715945 0.0951436 fsrq LSP 3418.4375 1.4862518 0.31741792 4.629833e-09 1.0963289e-10 4.258270204704408e-08 0.6597551088134453 0.02420523901903961 0.8122531063735278 0.014900059371338642
J1454.4+5124 223.625 51.409 -999.0 LogParabola 1260.3184 2.3057049e-12 2.0429962 2.4531627e-12 1.9894435 0.047908302 bll ISP 453.62302 0.4446912 0.096959606 3.6741943e-09 8.5680345e-11 3.283591680033514e-08 0.04801072978900899 0.014440615113069488 0.2191135089149206 0.032952361505644595
J1457.4-3539 224.3657 -35.6527 1.424 LogParabola 719.12274 8.723991e-12 2.3435314 1.0157251e-11 2.1986632 0.1635934 FSRQ LSP 2974.3303 1.5283699 0.3266141 3.2170921e-09 9.294625e-11 4.796258837931315e-08 "" "" "" ""
J1504.4+1029 226.1033 10.4978 1.839 LogParabola 518.219 1.0277302e-10 2.246488 1.13776655e-10 2.1219308 0.10057087 FSRQ LSP 13923.587 0.8978677 0.19155036 1.9457499e-08 2.0496335e-10 2.9279865548323523e-07 0.7307688545615044 0.00898973951132812 0.8548501942220663 0.005258078884516716
J1505.0+0326 226.2726 3.4472 0.409 LogParabola 460.08505 1.1997888e-11 2.523493 1.311592e-11 2.4251924 0.097043164 NLSY1 LSP 77.508125 0.3195359 0.07861846 1.1178135e-09 6.0103124e-11 3.412265370839475e-08 0.02290146877349253 0.017789910995892017 0.1513323123906211 0.05877763550580145
J1506.1+3731 226.5347 37.5183 0.673 LogParabola 461.00723 1.641315e-11 2.487468 1.8330629e-11 2.3813086 0.12116338 fsrq LSP 1924.742 1.0701345 0.2292387 1.5849896e-09 5.672805e-11 4.4096079618959e-08 "" "" "" ""
J1512.8-0906 228.2147 -9.1064 0.36 LogParabola 881.08905 6.1721635e-11 2.3738954 6.727094e-11 2.3833883 0.055798475 FSRQ LSP 7448.42 0.46607766 0.09949342 3.3810263e-08 2.8717187e-10 7.531265435595971e-07 1.5191260075596327 0.010154552729197547 1.2325282988879536 0.00411939942407792
J1512.9-5639 228.2495 -56.6553 -inf LogParabola 2385.292 4.6477557e-13 2.2710693 5.362367e-13 2.1346037 0.13776037 bcu LSP 224.0066 0.8545076 0.1910649 2.7833587e-09 1.6422648e-10 1.956365759628721e-08 0.22764141399076535 0.030850210852539507 0.47711781982102214 0.03232976171809317
J1517.7-2422 229.4254 -24.373 0.048 LogParabola 837.7746 1.0511213e-11 2.1147943 1.0926755e-11 2.0606327 0.035551388 bll LSP 138.87376 0.1806785 0.041947436 6.672626e-09 1.3252302e-10 7.591526170625085e-08 0.1502879426074856 0.011645661732448766 0.38766988870363095 0.015020075161617387
J1518.0-2731 229.5124 -27.5313 0.128 PowerLaw 2272.7817 3.3659945e-13 2.0545576 3.4968447e-13 2.0322945 0.024706433 bll HSP 180.2685 0.62505287 0.14000857 1.7112258e-09 7.416328e-11 1.9554582967956907e-08 "" "" "" ""
J1522.1+3144 230.5454 31.7395 1.489 LogParabola 456.00125 8.9110004e-11 2.402245 9.728963e-11 2.3342924 0.07812083 fsrq LSP 6841.0913 0.6339789 0.13539362 9.5542925e-09 1.3019524e-10 2.3085794953579065e-07 0.34934276173437434 0.008563743608918623 0.5910522495806732 0.0072444894804090856
J1522.6-2730 230.6642 -27.5059 1.297 LogParabola 1307.3052 1.2927931e-12 2.2088299 1.4963432e-12 2.125987 0.12267694 bll LSP 172.91356 0.54112923 0.12221065 2.118701e-09 8.835913e-11 2.0805391722431395e-08 "" "" "" ""
J1532.7-1319 233.1972 -13.3261 -999.0 LogParabola 785.83203 9.081439e-12 2.2051318 1.0162806e-11 2.0696032 0.11221152 bcu LSP 1386.1823 0.72317594 0.15551871 4.7818984e-09 1.178096e-10 5.408904385178471e-08 "" "" "" ""
J1534.8+0131 233.7247 1.5224 1.428 PowerLaw 835.58 1.840723e-12 2.4267242 1.9633542e-12 2.401368 0.049425133 fsrq LSP 273.19727 0.9332669 0.20700145 8.3346097e-10 5.320768e-11 2.2294430982453123e-08 "" "" "" ""
J1539.6+2743 234.9019 27.7277 2.196 LogParabola 708.24786 1.922897e-12 2.3100677 2.039592e-12 2.2072833 0.06948952 fsrq LSP 180.43355 0.84186655 0.18884468 6.986549e-10 4.6922823e-11 1.1141255915790295e-08 "" "" "" ""
J1543.0+6130 235.755 61.5033 -999.0 LogParabola 985.6789 5.431301e-12 1.9775285 5.8407927e-12 1.8678838 0.06816895 bll ISP 897.5346 0.37948126 0.08210746 5.705623e-09 9.5515124e-11 4.0887469875718375e-08 0.06153133238855401 0.010858413007566329 0.2480550995012076 0.021887098933665475
J1548.3+1456 237.0999 14.9461 0.231 LogParabola 1179.1389 1.5398531e-12 2.0363767 1.683215e-12 1.9092586 0.08550702 bll ISP 322.61057 0.64099795 0.14094877 2.2310875e-09 7.9792256e-11 1.609474639811961e-08 -0.006143045110001399 0.01614354064006855 0.0 0.1
J1549.5+0236 237.3851 2.6084 0.414 LogParabola 708.9259 2.8652655e-12 2.392682 3.1048105e-12 2.3051338 0.07642808 fsrq LSP 222.46468 0.8468462 0.18869886 9.559151e-10 6.2043426e-11 1.871596388061401e-08 "" "" "" ""
J1550.7+0528 237.6965 5.4725 1.422 LogParabola 951.19147 1.1828062e-12 2.3597105 1.387464e-12 2.287356 0.13867521 fsrq LSP 33.91336 0.2777204 0.09077933 8.4023555e-10 5.902917e-11 1.2980640414866851e-08 "" "" "" ""
