4LAC_variability_analysis/resulting_catalogs/selected_rows_monthly.ecsv
# %ECSV 1.0
# ---
# datatype:
# - {name: Source_Name, datatype: string}
# - {name: RAJ2000, datatype: float32}
# - {name: DEJ2000, datatype: float32}
# - {name: Redshift, datatype: float64}
# - {name: SpectrumType, datatype: string}
# - {name: Pivot_Energy, datatype: float32}
# - {name: PL_Flux_Density, datatype: float32}
# - {name: PL_Index, datatype: float32}
# - {name: LP_Flux_Density, datatype: float32}
# - {name: LP_Index, datatype: float32}
# - {name: LP_beta, datatype: float32}
# - {name: CLASS, datatype: string}
# - {name: SED_class, datatype: string}
# - {name: Variability_Index, datatype: float32}
# - {name: Frac_Variability, datatype: float32}
# - {name: Unc_Frac_Variability, datatype: float32}
# - {name: Flux1000, datatype: float32}
# - {name: Unc_Flux1000, datatype: float32}
# - {name: Spectrum_Flux_Estimated, datatype: float64}
# - {name: Norm_Excess_Variance_Estimated, datatype: float64}
# - {name: Unc_Norm_Excess_Variance_Estimated, datatype: float64}
# - {name: Frac_Variability_Estimated, datatype: float64}
# - {name: Unc_Frac_Variability_Estimated, datatype: float64}
# schema: astropy-2.0
Source_Name RAJ2000 DEJ2000 Redshift SpectrumType Pivot_Energy PL_Flux_Density PL_Index LP_Flux_Density LP_Index LP_beta CLASS SED_class Variability_Index Frac_Variability Unc_Frac_Variability Flux1000 Unc_Flux1000 Spectrum_Flux_Estimated Norm_Excess_Variance_Estimated Unc_Norm_Excess_Variance_Estimated Frac_Variability_Estimated Unc_Frac_Variability_Estimated
[from data line 568]
J1734.3+3858 263.5984 38.9763 0.976 LogParabola 759.3039 7.1099207e-12 2.3207526 7.760453e-12 2.2452016 0.0884608 fsrq LSP 1370.9286 0.80035585 0.17178711 2.94482e-09 7.819142e-11 4.92264845592345e-08 1.6151625295964973 0.04651972985232096 1.2708904475195717 0.01830202199690566
J1738.0+8717 264.5009 87.2851 -inf PowerLaw 2006.143 5.145679e-14 2.2493746 5.3673595e-14 2.2321196 0.029980589 bcu "" 265.31445 2.9100032 0.63566345 1.9661553e-10 2.5657096e-11 2.9710645391786326e-09 1.8601934995513343 0.20260123009438077 1.3638891082310667 0.07427335142999639
J1739.5+4955 264.886 49.932 1.545 LogParabola 711.3432 3.0141328e-12 2.3449683 3.2348577e-12 2.266544 0.07225123 fsrq LSP 242.14487 0.5688052 0.12691325 1.0496727e-09 4.865194e-11 1.8945844266785037e-08 0.824930304478858 0.060218093184988684 0.9082567392972418 0.03315036959240296
J1740.5+5211 265.1357 52.1927 1.381 LogParabola 511.73514 1.2666646e-11 2.4716656 1.3301451e-11 2.418264 0.051927637 fsrq LSP 923.37177 0.6933175 0.14942622 1.6568058e-09 5.5552538e-11 4.539763503832207e-08 1.1740774550829343 0.035970176395332884 1.083548547635469 0.016598322462720926
J1746.8-5235 266.7199 -52.5868 -inf LogParabola 1327.6556 4.299463e-13 2.5165675 5.496595e-13 2.5797718 0.23201193 bcu LSP 237.65852 1.5477418 0.3416796 6.6232014e-10 6.0477415e-11 1.1406340888294111e-08 1.827412594806327 0.19491907715055032 1.3518182550943476 0.0720951490394492
J1748.6+7005 267.158 70.0969 0.77 LogParabola 1137.6848 3.5376019e-12 2.0250196 3.6968484e-12 1.951521 0.0442451 bll ISP 538.252 0.39159352 0.08511287 4.636943e-09 8.812514e-11 3.9279650903646074e-08 0.6664724922594318 0.02241757593757811 0.8163776652134916 0.013729905222061455
J1751.5+0938 267.8776 9.6456 0.322 LogParabola 824.70013 9.359833e-12 2.2433355 1.0299831e-11 2.1443605 0.08981803 bll LSP 939.7106 0.60481155 0.13030782 5.199314e-09 1.2114333e-10 6.821950087414627e-08 1.8478229295033457 0.03799149394422346 1.3593465082543692 0.013974175721027512
J1751.6+2921 267.9039 29.3582 -inf LogParabola 1130.8271 2.9372587e-13 2.5112426 3.6982643e-13 2.551138 0.22045974 bcu "" 190.18346 2.0512793 0.4569655 2.922582e-10 3.8927465e-11 5.300079786017341e-09 0.5441904557102679 0.12306671454315217 0.7376926566736773 0.08341327070956019
J1753.6-5014 268.4083 -50.2408 -inf LogParabola 782.4857 1.868855e-12 2.5603871 2.4816755e-12 2.4554293 0.29623058 bcu LSP 232.91458 1.0825756 0.24080966 7.099953e-10 6.060432e-11 1.4333246142681837e-08 0.5956772669580045 0.08776776500991676 0.7718013131357089 0.05685904099678839
J1753.7+2847 268.4333 28.7967 1.118 PowerLaw 1370.5568 1.8779775e-13 2.411059 2.0301607e-13 2.3829353 0.071235344 fsrq LSP 104.49172 1.3687913 0.31887227 2.842584e-10 3.600418e-11 5.987814883654979e-09 0.8301969454057965 0.19744206082881371 0.9111514393369504 0.10834755470094704
J1754.2+3212 268.5532 32.2007 -999.0 LogParabola 1455.8191 9.610469e-13 1.9214121 1.0731522e-12 1.7500224 0.1051585 bll ISP 529.3083 0.7857984 0.17047593 2.3267814e-09 7.5832535e-11 1.111583248210328e-08 1.0998614623324852 0.05889356377197066 1.0487428008489428 0.028078173087003378
J1759.1-4822 269.7832 -48.3777 -inf LogParabola 1409.4086 3.849561e-13 2.29448 4.5222495e-13 2.2200587 0.13499953 bcu "" 207.52467 1.3527186 0.30138952 7.270002e-10 6.208211e-11 7.537627761083055e-09 0.794650355801628 0.13701838591288365 0.8914316327131475 0.07685299740590122
J1800.6+7828 270.173 78.4674 0.68 LogParabola 616.84076 2.0495723e-11 2.2322822 2.1356627e-11 2.1762578 0.040448636 bll LSP 1270.2676 0.40755156 0.08758694 5.787741e-09 9.143157e-11 8.914258709885908e-08 0.9780957454380002 0.014237772095758152 0.9889872321915992 0.007198157687135758
J1801.5+4404 270.3771 44.0747 0.663 LogParabola 614.2568 7.3160185e-12 2.3517396 7.87542e-12 2.268994 0.07521411 fsrq LSP 1395.0703 1.1319674 0.24275456 1.7772273e-09 6.089548e-11 3.375270410390951e-08 3.359179878920927 0.08480544834819742 1.8328065579653863 0.023135406183383764
J1802.6-3940 270.6711 -39.6687 0.296 LogParabola 772.99866 1.0210133e-11 2.3743603 1.1401599e-11 2.2656128 0.114917435 fsrq LSP 3345.9443 1.4684176 0.3138023 4.2993786e-09 1.1629259e-10 7.288634066410641e-08 2.021124378944788 0.05765140384120352 1.4216625404591583 0.020276050820957722
J1806.8+6949 271.7108 69.827 0.05 LogParabola 784.61884 7.157659e-12 2.3115828 7.521519e-12 2.263523 0.0480316 bll LSP 133.38974 0.18745932 0.043599475 3.1962317e-09 7.200887e-11 5.698711699169055e-08 0.1735900070702548 0.012863612990088483 0.41664134104797473 0.015437273888535325
J1813.5+3144 273.3872 31.7497 0.117 LogParabola 2427.9978 2.860742e-13 2.0448215 3.0392586e-13 2.006638 0.041311547 bll HSP 303.69852 0.9961169 0.21849352 1.7204981e-09 8.7102665e-11 1.4408623615458594e-08 1.1574675816441178 0.060374538702357775 1.0758566733743478 0.028058820564358884
J1816.9-4942 274.2439 -49.7158 1.7 LogParabola 989.823 1.2499593e-12 2.3520217 1.4731446e-12 2.2374973 0.16050942 fsrq LSP 217.22546 0.8293876 0.1853197 9.997543e-10 6.181072e-11 1.3172102468331174e-08 0.5618835174120442 0.05632264764777003 0.749588898938641 0.03756902465305881
J1818.6+0903 274.6748 9.065 0.354 LogParabola 828.14856 2.3320003e-12 2.4378357 2.7726146e-12 2.28825 0.16612022 fsrq LSP 151.9584 0.6093733 0.14126888 1.159003e-09 7.78362e-11 1.8773134922991902e-08 0.24776608581869394 0.05137360567040635 0.4977610730246932 0.051604683908114464
J1821.6+6819 275.4034 68.3242 1.692 LogParabola 872.1426 2.0212196e-12 2.5058377 2.239994e-12 2.4463127 0.10797053 bcu LSP 690.2911 1.1264535 0.24337307 9.98983e-10 4.79771e-11 2.3533502272793678e-08 0.6457181866809348 0.04505890620741275 0.8035659193127437 0.0280368449709451
J1824.1+5651 276.0393 56.8585 0.664 LogParabola 620.9367 7.8246186e-12 2.3958051 8.324446e-12 2.3225002 0.06649002 bll LSP 305.14993 0.41760546 0.09217024 1.8423466e-09 5.950722e-11 3.975181779253688e-08 0.3153929954616571 0.04443060370013426 0.5615986070688362 0.039557259527433546
J1825.1-5231 276.2946 -52.529 -inf LogParabola 854.4386 1.7934984e-12 2.397715 2.0993493e-12 2.298343 0.14459008 bcu LSP 402.6195 1.1779103 0.25678658 9.605836e-10 5.861856e-11 1.5989069483370383e-08 0.7693586927516101 0.08555795941189874 0.8771309439026821 0.04877148617697805
J1829.2-5813 277.3108 -58.2323 1.531 LogParabola 689.2124 1.0618194e-11 2.5318425 1.2303362e-11 2.5008736 0.1384869 fsrq "" 2803.7007 1.0819348 0.2314499 2.7183698e-09 7.9040656e-11 7.818556398486563e-08 2.3203855286519643 0.04587218822731047 1.5232811718957089 0.0150570325011708
J1829.5+4845 277.3997 48.7646 0.695 LogParabola 565.1787 8.053483e-12 2.4239511 8.581936e-12 2.3536656 0.0655033 css LSP 83.62836 0.23906766 0.058336657 1.4516077e-09 5.565983e-11 3.394336460144482e-08 0.2561467176457023 0.02651982680452191 0.506109392963322 0.02619969829965576
J1830.1+0617 277.5363 6.2878 0.745 LogParabola 1788.172 2.405178e-13 2.3252792 2.7781924e-13 2.2447546 0.12560433 fsrq LSP 252.85811 1.9994402 0.44317445 7.696914e-10 8.186781e-11 7.645460125823435e-09 0.36461029752614615 0.09926102819098671 0.6038296924846824 0.08219290093415264
J1830.2-4443 277.5504 -44.72 -inf LogParabola 606.37115 4.2526985e-12 2.5712907 5.3611824e-12 2.4387836 0.25641817 bcu LSP 423.6002 1.0725873 0.23447472 7.674852e-10 5.622014e-11 2.0229520817068458e-08 0.9348325728048619 0.07267416452925697 0.966867401873112 0.03758228087350206
J1833.6-2103 278.4101 -21.0574 2.507 LogParabola 629.90094 1.2871261e-10 2.48788 1.4677841e-10 2.3814874 0.12858963 FSRQ LSP 39822.453 1.4218992 0.3032021 2.8880303e-08 2.928293e-10 6.847659524212621e-07 2.6883082521335107 0.013135225798120575 1.6396061271334377 0.004005604023048268
J1838.8+4802 279.7141 48.0412 -999.0 LogParabola 1630.6211 8.4471715e-13 1.8574708 8.8122153e-13 1.7764575 0.039924625 bll HSP 259.66443 0.4606858 0.10240048 2.4937463e-09 7.3542936e-11 1.3902299998424718e-08 0.17825036648297263 0.023210800962752843 0.4221970706707623 0.027488112276426818
J1844.4+1547 281.1174 15.7888 -999.0 LogParabola 2370.023 3.7981922e-13 2.0607545 4.2679225e-13 1.9641404 0.09729987 bll HSP 93.75865 0.4556122 0.109152526 2.2222937e-09 1.03290175e-10 1.346094825691294e-08 0.33459229614368646 0.04215663613884615 0.5784395354258615 0.03643996784193648
J1848.4+3217 282.105 32.295 0.798 LogParabola 1160.5457 1.8496066e-12 2.4087 2.2036732e-12 2.3062162 0.17610675 FSRQ LSP 649.74146 1.1179153 0.24168858 2.1087403e-09 9.381747e-11 2.7731668972612424e-08 1.9756044158556887 0.10720162477511055 1.405561957316606 0.038134791645816846
J1848.5+3243 282.1456 32.7309 0.981 LogParabola 1330.0416 1.226774e-12 2.458897 1.4254758e-12 2.4932618 0.11851115 fsrq LSP 579.0758 1.0701126 0.23137107 1.8363608e-09 8.46492e-11 3.808449496201394e-08 1.220178488641232 0.07619885914494677 1.1046168967751815 0.03449107983383276
J1849.2+6705 282.3192 67.0909 0.657 LogParabola 907.976 5.9179332e-12 2.3023942 6.5624897e-12 2.2414339 0.09357257 FSRQ LSP 2199.98 0.9129095 0.19530798 3.813952e-09 8.204557e-11 5.876999829569233e-08 2.2300995685214424 0.042248096550335616 1.4933517899414868 0.014145393213742022
J1849.4-4313 282.3623 -43.2214 -inf LogParabola 1386.4177 7.527755e-13 2.166464 8.416035e-13 2.111228 0.084407814 bll LSP 82.341835 0.39688632 0.09782069 1.4008016e-09 6.9889025e-11 1.4388723239755344e-08 0.1851252363476157 0.048625882262696034 0.4302618230189796 0.05650731677924288
J1852.4+4856 283.116 48.935 1.25 LogParabola 789.26355 2.3752966e-12 2.2876499 2.521899e-12 2.2148993 0.05946312 fsrq LSP 566.03723 0.9899803 0.21453604 1.1203924e-09 5.212533e-11 1.7716532710252335e-08 0.6467289736663345 0.058228629932316485 0.8041946118113044 0.0362030714189734
J1858.3-2511 284.5752 -25.1991 -inf LogParabola 991.7099 1.7001694e-12 2.3883169 2.0738953e-12 2.2557824 0.20277384 bcu LSP 85.79193 0.48289028 0.11889754 1.3586531e-09 8.182837e-11 1.7239215396625377e-08 0.5430557951914783 0.08403052399247814 0.7369231949066866 0.0570144382571094
J1902.9-6748 285.7432 -67.8068 0.255 LogParabola 637.3739 6.9623834e-12 2.399328 7.893121e-12 2.2645922 0.13966331 fsrq LSP 693.7701 0.72034883 0.15597454 1.7798814e-09 6.38392e-11 3.28741727991305e-08 0.9640970505418367 0.03930654051580784 0.9818844384864426 0.020015868963356918
J1911.2-2006 287.8078 -20.1137 1.119 LogParabola 684.42096 1.4282856e-11 2.4587893 1.6570191e-11 2.3624082 0.14720164 fsrq LSP 749.2769 0.5579502 0.120726325 4.042426e-09 1.11005434e-10 8.718438085935788e-08 0.5949918262590902 0.029957019028802406 0.7713571327595864 0.019418384660312264
J1912.1-0803 288.0284 -8.0589 -inf LogParabola 1257.9811 1.102576e-12 2.3255405 1.2115503e-12 2.2639098 0.07592308 bcu "" 133.6426 0.6351745 0.14909105 1.5191889e-09 9.3477726e-11 2.266082763094351e-08 0.1520371663228498 0.04650631756619855 0.38991943568235965 0.059635803335646026
J1912.4-1222 288.1185 -12.3678 -inf LogParabola 1546.4744 5.550954e-13 2.3936477 7.059267e-13 2.3432589 0.24719863 bcu "" 57.84915 0.45652297 0.121355064 1.3127157e-09 9.389343e-11 1.221382953714734e-08 0.4156604970364758 0.061370216681410794 0.644717377644248 0.047594666135457105
J1913.0-8009 288.27 -80.1574 1.756 LogParabola 786.6042 3.9011303e-12 2.4059813 4.4970885e-12 2.2893286 0.1412144 fsrq LSP 458.53406 0.8094883 0.1762631 1.6877023e-09 7.122953e-11 2.9045728427678933e-08 0.5461593987642105 0.037842958543901184 0.7390259797626945 0.025603266718751065
J1913.4-3629 288.3507 -36.4885 -inf LogParabola 2116.3345 1.4159751e-13 2.2656736 1.7823217e-13 2.0791783 0.23650979 bcu LSP 64.9846 0.8275854 0.21360807 6.8770545e-10 8.286653e-11 3.298084137917362e-09 0.7541823044349116 0.09408285775709845 0.8684367014555013 0.054167942003956894
J1917.7-1921 289.4384 -19.3628 0.137 LogParabola 1499.9037 1.4887736e-12 1.9406775 1.5255611e-12 1.898122 0.02227992 bll HSP 58.466263 0.1870167 0.050907712 3.51201e-09 1.0363151e-10 2.666519907763379e-08 0.11144834281424584 0.024359310016866295 0.3338387976467772 0.03648364148890808
J1921.8-1607 290.4633 -16.1231 -999.0 LogParabola 3218.7366 1.03386754e-13 1.809284 1.1609676e-13 1.6721773 0.08986123 bll ISP 49.990486 0.40499413 0.111309245 1.0615773e-09 7.164874e-11 3.469362225885714e-09 0.20666895728046547 0.061776509240565 0.45460857589850356 0.06794472488609332
J1923.5-2104 290.8763 -21.071 0.874 LogParabola 906.2486 2.9978732e-12 2.2820444 3.4623923e-12 2.1243875 0.15309693 fsrq LSP 1972.9419 1.9104341 0.40871298 2.0693076e-09 8.359182e-11 2.3333823327721695e-08 2.2875322661451167 0.0928866769518593 1.5124590130463427 0.030707171616098924
J1924.8-2914 291.2136 -29.2468 0.353 LogParabola 718.8823 5.2595883e-12 2.367729 5.5736566e-12 2.3110087 0.054426722 fsrq LSP 295.6829 0.61988395 0.13672334 1.8193574e-09 7.6989345e-11 3.6470760407982775e-08 0.37152900017429225 0.04015637202233424 0.6095317876651654 0.03294034276387352
J1925.7+1227 291.4312 12.4639 -inf LogParabola 2043.8362 3.1095582e-13 2.4553835 3.755612e-13 2.473097 0.14238311 bcu "" 97.93377 0.8777852 0.20832613 1.4134647e-09 1.4289728e-10 2.0353218905915766e-08 0.30451336448792676 0.060037484036151396 0.5518272958887833 0.054398798757729
J1926.8+6154 291.7097 61.9146 -999.0 LogParabola 2804.2817 1.7990394e-13 1.8920426 1.9463662e-13 1.7959372 0.06655854 bll HSP 85.756355 0.39580816 0.096651375 1.4284032e-09 6.314609e-11 6.531763368856108e-09 0.11974227569147544 0.0360400756092914 0.34603796856916647 0.05207531959327125
J1931.1+0937 292.784 9.6314 -999.0 LogParabola 3648.4365 2.2228455e-13 1.8450919 2.4678572e-13 1.6634564 0.10391236 bll HSP 94.3155 0.37579548 0.090937674 2.7398988e-09 1.2483178e-10 8.08132039786083e-09 0.1504187754904306 0.035533293999014594 0.387838594637551 0.04580938371053779
J1934.3+6541 293.5952 65.6888 1.687 LogParabola 420.19092 5.6175086e-12 2.853057 6.8318073e-12 2.756748 0.2059227 fsrq LSP 394.98602 1.2963719 0.28348455 2.35021e-10 3.111195e-11 1.6465560711830033e-08 0.6599363764672322 0.06239787730337939 0.812364681942311 0.03840508991244555
J1939.5-1525 294.8772 -15.4256 1.657 LogParabola 1290.4475 2.5992435e-13 2.3705597 3.2719828e-13 2.2970195 0.1908095 fsrq LSP 97.80358 1.394043 0.3303973 4.0479986e-10 5.4167722e-11 4.484439304846609e-09 0.5944369877071358 0.14275490081014677 0.7709973979898608 0.09257806912340844
J1941.3-6210 295.3468 -62.1753 -inf LogParabola 600.13556 1.4649173e-11 2.4073725 1.615155e-11 2.3313482 0.0934447 bll LSP 1230.7968 0.6338519 0.13630345 3.1123635e-09 7.995229e-11 6.817887581570513e-08 0.6369979547539251 0.025155691338430302 0.7981215162830313 0.015759311599306353
J1954.6-1122 298.6693 -11.3815 0.683 LogParabola 876.8071 2.0932754e-12 2.4143467 2.2971655e-12 2.3730087 0.07516682 bll LSP 200.85562 0.7145216 0.16184022 1.1285627e-09 6.9491725e-11 2.385696640428163e-08 0.2880597957047965 0.04280377046475013 0.5367120230671161 0.039875919138295045
J1955.2+1358 298.8201 13.9824 0.743 LogParabola 1014.61084 9.765838e-13 2.419295 1.1483364e-12 2.2920566 0.159714 fsrq LSP 214.89293 1.1309234 0.25281814 8.014629e-10 6.822809e-11 1.1588955992201203e-08 0.6510843299156673 0.10477350579883103 0.8068979674752362 0.0649236396806555
J1955.4+5132 298.8575 51.5434 1.214 LogParabola 990.0417 9.92239e-13 2.4758635 1.1417875e-12 2.4107182 0.12773404 fsrq LSP 132.50438 0.74761087 0.17199881 7.128834e-10 5.1096103e-11 1.4137495057891304e-08 0.3050417633975741 0.04078706128016907 0.5523058603686676 0.036924342295538426
J1957.1-3231 299.2864 -32.5246 1.242 PowerLaw 890.0519 7.1210843e-13 2.5218308 7.9295115e-13 2.5003264 0.07512354 fsrq LSP 25.94886 0.43544108 0.16278999 3.4866002e-10 4.5353287e-11 1.1603511687238784e-08 0.4590543096611719 0.06832119373663688 0.6775354674562594 0.05041890573872251
