4LAC_variability_analysis/resulting_catalogs/selected_sources_monthly.ecsv
# %ECSV 1.0
# ---
# datatype:
# - {name: Source_Name, datatype: string}
# - {name: Bright_Ratio_x, datatype: float64}
# - {name: Norm_Excess_Var(monthly), datatype: float64}
# - {name: Unc_Norm_Excess_Var(monthly), datatype: float64}
# - {name: Frac_Variability(monthly), datatype: float64}
# - {name: Unc_Frac_Variability(monthly), datatype: float64}
# - {name: Bright_Ratio_y, datatype: float64}
# - {name: Norm_Excess_Var(3_days), datatype: float64}
# - {name: Unc_Norm_Excess_Var(3_days), datatype: float64}
# - {name: Frac_Variability(3_days), datatype: float64}
# - {name: Unc_Frac_Variability(3_days), datatype: float64}
# schema: astropy-2.0
Source_Name Bright_Ratio_x Norm_Excess_Var(monthly) Unc_Norm_Excess_Var(monthly) Frac_Variability(monthly) Unc_Frac_Variability(monthly) Bright_Ratio_y Norm_Excess_Var(3_days) Unc_Norm_Excess_Var(3_days) Frac_Variability(3_days) Unc_Frac_Variability(3_days)
[from data line 218]
J1223.9+5000 0.5409836065573771 0.465769884372993 0.10108391116633207 0.6824733579950159 0.07405703825809293 "" "" "" "" ""
J1224.4+2436 0.6936936936936937 0.7379521117083658 0.18022356634157566 0.8590413911496732 0.10489806905600828 "" "" "" "" ""
J1224.9+2122 0.06818181818181818 3.529310645439046 0.021957123990208757 1.8786459606426769 0.005843869587513264 0.573109243697479 5.285318388671536 0.033125328668808476 2.2989820331336945 0.007204347009109948
J1229.0+0202 0.0 1.460033113387698 0.01763212598699904 1.2083182996990893 0.007296142908449708 0.2677006068779501 2.2864915632088563 0.031742184728914366 1.5121149305554973 0.010495956387803608
J1230.2+2517 0.08045977011494253 1.3844099617999641 0.040276825980551254 1.1766095196793047 0.017115629827442264 0.8128031037827352 1.1976024229720355 0.0761568608832089 1.094350228661755 0.03479546990013363
J1231.7+2847 0.20512820512820512 0.46923473985292724 0.06764718178079228 0.6850071093448061 0.04937699248515485 "" "" "" "" ""
J1233.7-0144 0.41353383458646614 0.42650811902149516 0.1240995791203955 0.6530758907060459 0.09501160652725245 "" "" "" "" ""
J1238.5-1201 0.7407407407407407 0.4425320000525169 0.14525709395165332 0.6652307870600375 0.10917797009486857 "" "" "" "" ""
J1239.5+0443 0.044444444444444446 1.5729735574614665 0.03229814141361997 1.2541824259099896 0.012876173651606383 0.6456692913385826 1.60940017602942 0.05218198340552588 1.26862136826928 0.0205664135536024
J1246.7-2548 0.016216216216216217 0.7719881919034876 0.018264547766545666 0.8786285858674799 0.010393781889370735 0.4789515488482923 1.1419914885924634 0.038022525697422115 1.0686400182439657 0.01779014684472622
J1248.3+5820 0.0053475935828877 0.07064900367247508 0.008399974592246348 0.26579880299293124 0.015801377767058155 0.25371120107962214 -0.14472040016258225 0.022861024226722922 0.0 0.1
J1253.2+5301 0.010752688172043012 0.11464115872704572 0.013773935215871832 0.33858700318684076 0.02034031886373239 0.5028294260307195 -0.2660110887663405 0.04179060632638967 0.0 0.1
J1256.1-0547 0.0 1.6740780994047444 0.00870468878710075 1.2938617002619501 0.0033638405037178364 0.07347876004592423 3.118066582147466 0.021497524163890763 1.7658047972942723 0.006087174583745393
J1257.8+3228 0.4461538461538462 1.5580428175989658 0.09295829519105223 1.2482158537684762 0.03723646631726506 "" "" "" "" ""
J1258.6-1759 0.8431372549019608 1.1042524915803886 0.16251073981258046 1.0508341884333554 0.07732463484789208 "" "" "" "" ""
J1258.8-2219 0.3925925925925926 1.4439538256891724 0.1339081872429536 1.2016462980799185 0.055718636780607685 "" "" "" "" ""
J1303.0+2434 0.49206349206349204 1.2230818350176438 0.12136256889967895 1.105930302965627 0.054868995168247496 "" "" "" "" ""
J1304.3-4353 0.14634146341463414 0.16733334293517052 0.04670726133385964 0.4090639839134833 0.05709041026664693 "" "" "" "" ""
J1308.5+3547 0.8613861386138614 1.0105406998297588 0.2243108665744409 1.0052565343382547 0.11156896718015435 "" "" "" "" ""
J1310.5+3221 0.16049382716049382 1.602306440541914 0.04194878112777639 1.2658224364190713 0.016569773105952656 0.946875 2.3716207667823017 0.06994325384564645 1.5400067424470263 0.022708749227457484
J1312.4-2156 0.22875816993464052 0.43108379812578795 0.06981397622450178 0.6565697206891191 0.05316569895366693 "" "" "" "" ""
J1312.6+4828 0.9381443298969072 11.00037927649405 0.27129153312661053 3.3166819679453816 0.040898032393300324 "" "" "" "" ""
J1312.8-0425 0.41353383458646614 1.2492454490559475 0.09108547713471551 1.1176964923698864 0.04074696384775449 "" "" "" "" ""
J1315.1-5333 0.09941520467836257 0.5990805191660238 0.032393428270330614 0.774002919352391 0.02092590832695711 "" "" "" "" ""
J1316.1-3338 0.34285714285714286 2.1760585978204063 0.09157356728240894 1.4751469749894097 0.03103879438286696 "" "" "" "" ""
J1321.1+2216 0.24503311258278146 1.280288370267035 0.06566146094348493 1.1314982855784779 0.02901527195417515 "" "" "" "" ""
J1322.6-0936 0.9893617021276596 1.2206890995458486 0.17979806654124592 1.1048479983897552 0.08136778398625422 "" "" "" "" ""
J1326.8-5256 0.11242603550295859 0.5760685559906474 0.040019552667533216 0.7589918023211103 0.026363626422016315 "" "" "" "" ""
J1326.9+2210 0.3925925925925926 0.7103698105313465 0.08137557827162008 0.8428343909282218 0.048274951252285966 "" "" "" "" ""
J1329.0-5607 0.16149068322981366 0.8449899632786531 0.040062737594064306 0.9192333562695889 0.0217913858982696 "" "" "" "" ""
J1330.2-7003 0.21428571428571427 1.0578752365595931 0.06480954086067758 1.028530620137093 0.031505887910288514 "" "" "" "" ""
J1332.0-0509 0.36496350364963503 3.372886773707855 0.11013243899231918 1.836542069680914 0.029983641760913737 "" "" "" "" ""
J1332.6-1256 0.48412698412698413 0.8283343017160366 0.09461749044701277 0.9101287281017101 0.05198027901193716 "" "" "" "" ""
J1333.7+5056 0.504 0.84767824112773 0.12861765145575207 0.9206944341787507 0.06984817474783454 "" "" "" "" ""
J1337.6-1257 0.13333333333333333 0.5800774774507779 0.04935545615992267 0.76162817532624 0.03240128041401663 "" "" "" "" ""
J1344.2-1723 0.5327868852459017 1.0723354198181019 0.11055689962320392 1.0355362957511929 0.05338147010240928 "" "" "" "" ""
J1345.5+4453 0.08045977011494253 1.1274784707964407 0.018186740108600333 1.0618278913253507 0.008563883213643991 0.3832468495181616 1.1829643649836972 0.0247973695678038 1.0876416528359407 0.01139960459547802
J1408.9-0751 0.1910828025477707 2.462540785007798 0.038115138109945886 1.569248477777754 0.012144392251991076 0.896969696969697 2.7067619872602644 0.06391051252043402 1.6452239930356791 0.019423042938521023
J1416.1+1320 0.5284552845528455 1.7285484740621038 0.09848499438671453 1.3147427406386787 0.03745409323913524 "" "" "" "" ""
J1418.4-0233 0.056179775280898875 0.08461544444295323 0.026818969173626066 0.29088733977771053 0.046098550033357444 "" "" "" "" ""
J1418.4+3543 0.7570093457943925 2.931599680252216 0.1599189491074415 1.712191484692123 0.04670007722185269 "" "" "" "" ""
J1419.4-0838 0.40601503759398494 1.2061699711064258 0.08011277689385929 1.0982576979499965 0.03647266804657845 "" "" "" "" ""
J1419.8+5423 0.2702702702702703 0.4875612189489511 0.06860142816312799 0.6982558406121292 0.049123418790874875 "" "" "" "" ""
J1424.8-6808 0.35507246376811596 0.43060441513341363 0.08585914477960331 0.6562045528136891 0.06542102185321215 "" "" "" "" ""
J1427.0+2348 0.0 0.12123581998421125 0.007578556246696408 0.3481893450182117 0.01088280895887268 0.10716400236826525 0.09213145769300946 0.012359833682473712 0.30353164199636495 0.020360041544897206
J1427.6-3305 0.6785714285714286 1.0024658864480542 0.17875462764003489 1.0012321840852172 0.08926732004892318 "" "" "" "" ""
J1427.9-4206 0.0 0.9430951670249388 0.0067696858679843165 0.9711308701843119 0.003485465283736419 0.10971973762671437 1.1782221143697849 0.013309703705144112 1.0854594024512316 0.006130908109086144
J1434.7+1950 0.40298507462686567 1.0050934558479172 0.09945360005521586 1.0025434932450148 0.04960064113194043 "" "" "" "" ""
J1438.9+3710 0.8252427184466019 2.0088654195335494 0.17174059421758073 1.4173444957149794 0.060585339251254575 "" "" "" "" ""
J1443.9-3908 0.010810810810810811 0.39590674286505245 0.029282504808357934 0.6292112068813241 0.023269217464749418 0.8914807302231237 -0.7107398281616712 0.08257208790136375 0.0 0.1
J1443.9+2501 0.09941520467836257 3.525979398977684 0.06307090400750637 1.8777591429620797 0.016794194357646654 "" "" "" "" ""
J1454.4+5124 0.021739130434782608 0.3742154642390303 0.02656756789088144 0.6117315295446445 0.02171505522255619 0.6265270506108203 -0.20015124364621126 0.04877268340444741 0.0 0.1
J1457.4-3539 0.40601503759398494 2.565928651989238 0.07049982438358535 1.6018516323271759 0.02200572854589627 "" "" "" "" ""
J1504.4+1029 0.005376344086021506 1.188409618671109 0.011714225744796941 1.0901420176615104 0.005372798018521204 0.20153550863723607 1.4023719994521344 0.015219869434612418 1.1842178851259317 0.006426127161976577
J1505.0+0326 0.07471264367816093 0.31693411510037306 0.03687658432726785 0.5629690178867511 0.03275187723979339 "" "" "" "" ""
J1506.1+3731 0.2129032258064516 1.9603367784824959 0.08023862363411936 1.4001202728631907 0.028654189639735216 "" "" "" "" ""
J1512.2+0202 0.0446927374301676 0.10493228575928498 0.02831841869198222 0.32393253272754957 0.043710365324436305 "" "" "" "" ""
J1512.8-0906 0.0 1.2033474858836741 0.008825964867351797 1.0969719622140186 0.00402287623173994 0.12552552552552554 2.039963708643994 0.019794879815426835 1.428272981136307 0.006929655631964136
J1512.9-5639 0.07471264367816093 0.29960209461884035 0.025616039448410007 0.5473592007254837 0.02339966096711069 "" "" "" "" ""
J1517.7-2422 0.0 0.2513168988477727 0.012296773208892576 0.5013151691778065 0.012264513388912789 0.32647267565649396 0.13347511316096886 0.027379653736014364 0.36534246011238397 0.03747121772759733
J1522.1+3144 0.09302325581395349 0.905495170263301 0.013517371059620803 0.9515750996444269 0.007102629663529349 0.3663003663003663 1.0766932965297982 0.018855433114258854 1.0376383264557059 0.009085744345365476
J1522.6-2730 0.25333333333333335 0.486758220172623 0.06460141769712596 0.6976806003986517 0.04629727246265196 "" "" "" "" ""
J1532.7-1319 0.48412698412698413 2.754384468824463 0.08196346986263922 1.6596338357675355 0.02469323898326444 "" "" "" "" ""
J1543.0+6130 0.016216216216216217 0.37606062217653075 0.023262950965996915 0.6132378186124293 0.018967315990584124 0.40468986384266264 0.2882129728818315 0.029108855495451422 0.5368547036972215 0.02711055272030214
J1548.3+1456 0.10650887573964497 0.6677911499770705 0.04428282808359832 0.8171848933852549 0.027094742231561022 "" "" "" "" ""
J1549.5+0236 0.9278350515463918 0.9614740057899149 0.1661103797871411 0.9805478090281549 0.08470284582644531 "" "" "" "" ""
J1553.6+1257 0.35507246376811596 0.8839935889753853 0.0953253594191616 0.9402093325294029 0.0506936892248836 "" "" "" "" ""
J1553.6-2422 0.6068376068376068 0.7582949305100127 0.13897956366640643 0.8708013151747147 0.07979981268087658 "" "" "" "" ""
J1555.7+1111 0.0 0.08849456855468578 0.005776570438425698 0.2974803666709549 0.009709162495444955 0.051511758118701005 0.07305471387764664 0.009527568019235839 0.2702863553301325 0.0176249518914832
J1603.8-4903 0.1592356687898089 0.36706938497624664 0.03529532808784706 0.6058625132620821 0.029128166304439367 "" "" "" "" ""
J1604.5-4441 0.5289256198347108 1.0354019865113104 0.12810629900495296 1.0175470438811713 0.06294858786888341 "" "" "" "" ""
J1604.6+5714 0.14634146341463414 0.6638969402259349 0.04619323365558216 0.8147987114778318 0.028346408140361264 "" "" "" "" ""
J1608.7+1029 0.34532374100719426 1.1832636166192383 0.07010174785251712 1.0877792131766622 0.03222241563515342 "" "" "" "" ""
J1613.6+3411 0.23841059602649006 0.4547093077671527 0.0721242799522408 0.6743213683156961 0.05347915944914449 "" "" "" "" ""
J1617.9-7718 0.5537190082644629 1.9655996135497484 0.16661374409450969 1.4019984356445439 0.05942008915934061 "" "" "" "" ""
J1625.7-2527 0.3262411347517731 2.276024752790965 0.0752825098771279 1.5086499768968828 0.024950290335726266 "" "" "" "" ""
J1626.0-2950 0.3076923076923077 0.7029890398423051 0.0728520507008254 0.8384444166683354 0.04344477060883308 "" "" "" "" ""
J1628.6+7706 0.36231884057971014 0.5276074723752461 0.08021492644697839 0.7263659355829168 0.055216608129210386 "" "" "" "" ""
J1630.7+5221 0.1393939393939394 0.2843033424775709 0.05226539867223822 0.5332010338301783 0.04901096899306133 "" "" "" "" ""
J1635.2+3808 0.0 1.2251215299795493 0.013042347601482143 1.106852081345809 0.005891639823102695 0.15389369592089 1.4627957956137094 0.023007934526273616 1.209460952496487 0.009511648341677423
J1637.7+4717 0.7090909090909091 2.2528615526063183 0.17923064582134063 1.5009535477843137 0.05970559384929613 "" "" "" "" ""
J1640.4+3945 0.36231884057971014 1.1235872500720194 0.10328033657218443 1.0599939858659668 0.04871741630109773 "" "" "" "" ""
J1642.9+3948 0.08045977011494253 1.4741558045804708 0.05502661335672087 1.2141481806519625 0.022660583870073078 0.918724279835391 2.6168586066327513 0.09076970820727917 1.6176707349249881 0.02805568100095728
J1645.6+6329 0.6491228070175439 0.5312073513778265 0.12439711839885793 0.7288397295550144 0.08533914477659398 "" "" "" "" ""
J1647.5+4950 0.09941520467836257 0.24312943313868493 0.03651236510190459 0.4930815684434827 0.03702467039800703 "" "" "" "" ""
J1649.4+5235 0.49206349206349204 0.4612921570898613 0.10048465487575682 0.6791849211296297 0.0739744447717047 "" "" "" "" ""
J1650.3-5045 0.11688311688311688 0.19839636101038594 0.039354517483254546 0.44541706412124127 0.044177155135374825 "" "" "" "" ""
J1653.8+3945 0.0 0.11160929786232099 0.007261615768551214 0.33407977769137864 0.010868086387526664 0.11602870813397129 0.07677372329107643 0.012361474591679076 0.277080716202114 0.022306631008312594
J1657.7+4808 0.2876712328767123 1.0792246127095806 0.06832831534443753 1.038857359173809 0.03288628354078284 "" "" "" "" ""
J1700.0+6830 0.13253012048192772 1.3997268135170875 0.04290986826129549 1.1831005086285304 0.01813449827311684 0.9272349272349273 2.28371459632214 0.06034101618812186 1.5111964122251416 0.019964650425312196
J1703.6-6213 0.47244094488188976 1.12973556601786 0.09984757469421998 1.0628901947133862 0.04696984467014694 "" "" "" "" ""
J1709.7+4318 0.6206896551724138 4.207531201522311 0.1397049117445729 2.051226755266787 0.034053990224596736 "" "" "" "" ""
J1723.6-7714 0.22077922077922077 1.2582574166383422 0.05964753551753794 1.1217207391496078 0.026587515696089192 "" "" "" "" ""
J1724.2+4005 0.9183673469387755 0.9730966620380473 0.17491087834419614 0.9864566194405344 0.08865614305644594 "" "" "" "" ""
J1725.0+1152 0.027472527472527472 0.07625655619345915 0.019657195346327785 0.27614589657182875 0.03559204679547849 "" "" "" "" ""
J1727.4+4530 0.05027932960893855 0.7823490803437955 0.026776505817599567 0.8845049917008923 0.015136435672402864 0.6780575539568345 0.9708415521215437 0.05009043153935153 0.9853129209147435 0.025418539875052406
J1728.3+5013 0.07428571428571429 0.2803699997978188 0.04311772716330104 0.5294997637372644 0.040715530125048256 "" "" "" "" ""
J1733.0-1305 0.2896551724137931 1.3044076896624914 0.06589016424541193 1.1421066892644012 0.028845888420393512 "" "" "" "" ""
J1734.3+3858 0.22077922077922077 1.9746989572455225 0.06759481969503613 1.4052398219683082 0.024050990670174927 "" "" "" "" ""
J1739.5+4955 0.5284552845528455 1.279065345539309 0.13707874433637124 1.1309577116494272 0.06060294868870514 "" "" "" "" ""
J1740.5+5211 0.10588235294117647 1.288273816974769 0.04841657376010795 1.1350215050714982 0.021328483003966545 "" "" "" "" ""
J1748.6+7005 0.016216216216216217 0.6754269602704641 0.023906085752989685 0.8218436349272678 0.014544181360670481 0.37928464977645304 0.8900022937801261 0.04503629828370661 0.9433993289059125 0.02386915959328512
J1751.5+0938 0.02197802197802198 1.9041114210341064 0.04178432028830147 1.3798954384423867 0.01514039365745974 0.8049951969260326 2.5787398036720988 0.08667414946829921 1.6058455105246265 0.0269870759360852
J1754.2+3212 0.23684210526315788 1.4536666557982891 0.08365998744603573 1.205680992550803 0.03469408075723256 "" "" "" "" ""
J1800.6+7828 0.0053475935828877 0.9880295408414222 0.014780163070971802 0.9939967509209586 0.0074347139753111234 0.1488833746898263 2.0639044606773074 0.025059204869680034 1.4366295488668286 0.008721526328567448
J1801.5+4404 0.5798319327731093 5.119783304483593 0.18236431929266647 2.2626938158937 0.04029805491394727 "" "" "" "" ""
J1802.6-3940 0.9468085106382979 3.3782016553322265 0.29917664312153674 1.8379884807398077 0.08138697447143829 "" "" "" "" ""
J1806.8+6949 0.0053475935828877 0.17536644101785362 0.013712680548742551 0.4187677650176212 0.01637265531668315 0.47217806041335453 -0.12797171531163112 0.032235234822245946 0.0 0.1
J1813.5+3144 0.2808219178082192 1.5767940423318891 0.0985520018690089 1.2557045999485266 0.03924171412330922 "" "" "" "" ""
