4LAC_variability_analysis/resulting_catalogs/selected_sources_monthly.ecsv
# %ECSV 1.0
# ---
# datatype:
# - {name: Source_Name, datatype: string}
# - {name: SpectrumType, datatype: string}
# - {name: CLASS, datatype: string}
# - {name: SED_class, datatype: string}
# - {name: Variability_Index, datatype: float32}
# - {name: Frac_Variability, datatype: float32}
# - {name: Unc_Frac_Variability, datatype: float32}
# - {name: Spectrum_Flux_Estimated, datatype: float64}
# - {name: Bright_Ratio_x, datatype: float64}
# - {name: Norm_Excess_Var(3_days), datatype: float64}
# - {name: Unc_Norm_Excess_Var(3_days), datatype: float64}
# - {name: Frac_Variability(3_days), datatype: float64}
# - {name: Unc_Frac_Variability(3_days), datatype: float64}
# - {name: Bright_Ratio_y, datatype: float64}
# - {name: Norm_Excess_Var(weekly), datatype: float64}
# - {name: Unc_Norm_Excess_Var(weekly), datatype: float64}
# - {name: Frac_Variability(weekly), datatype: float64}
# - {name: Unc_Frac_Variability(weekly), datatype: float64}
# - {name: Bright_Ratio, datatype: float64}
# - {name: Norm_Excess_Var(monthly), datatype: float64}
# - {name: Unc_Norm_Excess_Var(monthly), datatype: float64}
# - {name: Frac_Variability(monthly), datatype: float64}
# - {name: Unc_Frac_Variability(monthly), datatype: float64}
# schema: astropy-2.0
Source_Name SpectrumType CLASS SED_class Variability_Index Frac_Variability Unc_Frac_Variability Spectrum_Flux_Estimated Bright_Ratio_x Norm_Excess_Var(3_days) Unc_Norm_Excess_Var(3_days) Frac_Variability(3_days) Unc_Frac_Variability(3_days) Bright_Ratio_y Norm_Excess_Var(weekly) Unc_Norm_Excess_Var(weekly) Frac_Variability(weekly) Unc_Frac_Variability(weekly) Bright_Ratio Norm_Excess_Var(monthly) Unc_Norm_Excess_Var(monthly) Frac_Variability(monthly) Unc_Frac_Variability(monthly)
[from data line 235]
J1709.7+4318 LogParabola fsrq LSP 2017.4603 1.1331018 0.24259438 3.756734696723819e-08 "" "" "" "" "" "" "" "" "" "" 0.898989898989899 4.311899363685117 0.04639937037618527 2.076511344463381 0.050030288925483356
J1723.6-7714 LogParabola bcu LSP 943.7254 0.8640727 0.18600476 3.703184694628749e-08 "" "" "" "" "" "" "" "" "" "" 0.36231884057971014 1.2582767750917436 0.024591766003681775 1.1217293680258815 0.037144028357821074
J1725.0+1152 LogParabola bll HSP 37.120796 0.15504327 0.045627125 1.87111480210183e-08 "" "" "" "" "" 0.6611570247933884 -0.7106311238197551 0.08573165663226195 0.0 0.1 0.05056179775280899 0.07242666285705389 0.015819404806955328 0.2691220222446574 0.040675957690470464
J1727.4+4530 LogParabola fsrq LSP 685.2486 0.55945164 0.1210843 4.688372183466363e-08 "" "" "" "" "" 0.5141776937618148 1.1094223609350444 0.022329330832754655 1.0532912042427034 0.025866380375173203 0.08045977011494253 0.7869456176313895 0.0058821040997515716 0.8870995533937494 0.017679370144153696
J1728.3+5013 PowerLaw bll HSP 198.58339 0.50673234 0.1136946 1.0237436590466834e-08 "" "" "" "" "" "" "" "" "" "" 0.15337423312883436 0.28704333524296 0.030121992200978095 0.535764253420252 0.04815525624623877
J1733.0-1305 LogParabola FSRQ LSP 1106.7451 0.81917524 0.17609413 8.816803418266071e-08 "" "" "" "" "" "" "" "" "" "" 0.39552238805970147 1.3590196159705874 0.019879472295919833 1.1657699670048922 0.03307544371757373
J1734.3+3858 LogParabola fsrq LSP 1370.9286 0.80035585 0.17178711 4.92264845592345e-08 "" "" "" "" "" "" "" "" "" "" 0.296551724137931 2.0200787587956004 0.012879363052236924 1.421294747332727 0.02609399378468934
J1739.5+4955 LogParabola fsrq LSP 242.14487 0.5688052 0.12691325 1.8945844266785037e-08 "" "" "" "" "" "" "" "" "" "" 0.88 1.3420520709085455 0.09630845515792916 1.1584697108291375 0.0814555386246256
J1740.5+5211 LogParabola fsrq LSP 923.37177 0.6933175 0.14942622 4.539763503832207e-08 "" "" "" "" "" 0.9925373134328358 1.7753565367636155 0.04274767059808341 1.3324250585918953 0.036371733468656776 0.22077922077922077 1.3778411388112832 0.011481300913135265 1.1738147804535788 0.02474893829160003
J1748.6+7005 LogParabola bll ISP 538.252 0.39159352 0.08511287 3.9279650903646074e-08 0.5915735167669819 0.8373056069920753 0.0363659464458128 0.9150440464764936 0.03148509285592253 0.18452380952380953 1.0294269639773441 0.014021927953579363 1.0146068026468895 0.01996347185653231 0.016216216216216217 0.6754269602704641 0.004009412251211729 0.8218436349272678 0.014544181360670481
J1751.5+0938 LogParabola bll LSP 939.7106 0.60481155 0.13030782 6.821950087414627e-08 "" "" "" "" "" 0.608 2.7393387296397798 0.032747931567857415 1.655094779654561 0.03021796163091694 0.06896551724137931 1.9428812743884394 0.005690952970207398 1.3938727611903603 0.017250768080488154
J1754.2+3212 LogParabola bll ISP 529.3083 0.7857984 0.17047593 1.111583248210328e-08 "" "" "" "" "" "" "" "" "" "" 0.3055555555555556 1.4484010019234659 0.029534435928957117 1.2034953269221556 0.04078139738617928
J1800.6+7828 LogParabola bll LSP 1270.2676 0.40755156 0.08758694 8.914258709885908e-08 0.23714094856379425 2.1529811586809178 0.00564927085812747 1.467304044389205 0.009822060284808413 0.07629427792915532 1.852867092905646 0.003121688507866412 1.361200607150043 0.008930016199276756 0.0053475935828877 0.9880295408414222 0.001071929510556151 0.9939967509209586 0.0074347139753111234
J1801.5+4404 LogParabola fsrq LSP 1395.0703 1.1319674 0.24275456 3.375270410390951e-08 "" "" "" "" "" "" "" "" "" "" 0.9381443298969072 5.60749187827824 0.0488634679948669 2.3680143323633494 0.05110157034779426
J1806.8+6949 LogParabola bll LSP 133.38974 0.18745932 0.043599475 5.698711699169055e-08 0.8669354838709677 -0.6177127795354007 0.06122443720181155 0.0 0.1 0.26424050632911394 0.15585756660765782 0.02002916745731005 0.3947880021070268 0.03375573989850898 0.010752688172043012 0.17126305022215899 0.0052690139348026644 0.41383940148584086 0.017610256319184375
J1813.5+3144 LogParabola bll HSP 303.69852 0.9961169 0.21849352 1.4408623615458594e-08 "" "" "" "" "" "" "" "" "" "" 0.39552238805970147 1.7298255099581932 0.03179392064928056 1.3152283109628506 0.04217759806761699
J1821.6+6819 LogParabola bcu LSP 690.2911 1.1264535 0.24337307 2.3533502272793678e-08 "" "" "" "" "" "" "" "" "" "" 0.8613861386138614 1.1302744717349449 0.07485968134822199 1.0631436740793527 0.07110666762328177
J1824.1+5651 LogParabola bll LSP 305.14993 0.41760546 0.09217024 3.975181779253688e-08 "" "" "" "" "" 0.9851116625310173 -0.20229931143517924 0.1073055419578877 0.0 0.1 0.10588235294117647 0.4647592728471753 0.014378090110691268 0.6817325522865806 0.029100893387234445
J1829.2-5813 LogParabola fsrq "" 2803.7007 1.0819348 0.2314499 7.818556398486563e-08 "" "" "" "" "" "" "" "" "" "" 0.5583333333333333 3.470139152474292 0.011913881464311892 1.8628309511263474 0.024956888788334387
J1829.5+4845 LogParabola css LSP 83.62836 0.23906766 0.058336657 3.394336460144482e-08 "" "" "" "" "" "" "" "" "" "" 0.1393939393939394 0.3037996410468717 0.02057675232310567 0.5511802255586385 0.03738093450460422
J1833.6-2103 LogParabola FSRQ LSP 39822.453 1.4218992 0.3032021 6.847659524212621e-07 0.188212927756654 2.9592792714718303 0.018722074324074377 1.7202555831828683 0.01830651565642449 0.07343124165554073 2.9974015207809286 0.008972898509521945 1.7313005287300436 0.015171542769772306 0.0 2.6883082521335107 0.0003101226929739534 1.6396061271334377 0.004005604023048268
J1838.8+4802 LogParabola bll HSP 259.66443 0.4606858 0.10240048 1.3902299998424718e-08 "" "" "" "" "" 0.797752808988764 -0.45491282947659106 0.08585812408933109 0.0 0.1 0.12574850299401197 0.20269091582955856 0.019482491410467637 0.4502120787246368 0.03818371609268599
J1844.4+1547 LogParabola bll HSP 93.75865 0.4556122 0.109152526 1.346094825691294e-08 "" "" "" "" "" "" "" "" "" "" 0.5203252032520326 0.40477068793468973 0.07138878157129847 0.6362159129844912 0.0821117410517646
J1848.5+3243 LogParabola fsrq LSP 579.0758 1.0701126 0.23137107 3.808449496201394e-08 "" "" "" "" "" "" "" "" "" "" 0.8514851485148515 2.0971933541979486 0.06937057496551913 1.4481689660388213 0.06427809786034112
J1849.2+6705 LogParabola FSRQ LSP 2199.98 0.9129095 0.19530798 5.876999829569233e-08 "" "" "" "" "" "" "" "" "" "" 0.25333333333333335 2.6604485432430978 0.006838508305209579 1.6310881469874943 0.018844968867720625
J1902.9-6748 LogParabola fsrq LSP 693.7701 0.72034883 0.15597454 3.28741727991305e-08 "" "" "" "" "" "" "" "" "" "" 0.5284552845528455 1.3753789350256818 0.044698702790260905 1.1727655072629317 0.051476804967329655
J1903.2+5540 LogParabola bll LSP 98.26617 0.17650832 0.042478547 2.5454932769532288e-08 0.6851179673321234 -0.8470634460230756 0.061821968497416564 0.0 0.1 0.18518518518518517 -0.03598564564736485 0.022124882816965608 0.0 0.1 0.010752688172043012 0.0480630142696308 0.006571264532425626 0.21923278557193676 0.02359358325228013
J1911.2-2006 LogParabola fsrq LSP 749.2769 0.5579502 0.120726325 8.718438085935788e-08 "" "" "" "" "" "" "" "" "" "" 0.13333333333333333 0.6615551295148554 0.017685493911757378 0.8133603933772872 0.032028329783361176
J1913.0-8009 LogParabola fsrq LSP 458.53406 0.8094883 0.1762631 2.9045728427678933e-08 "" "" "" "" "" "" "" "" "" "" 0.46875 0.7901915362036791 0.04357850258747481 0.8889271827341535 0.05315318441213456
J1917.7-1921 LogParabola bll HSP 58.466263 0.1870167 0.050907712 2.666519907763379e-08 "" "" "" "" "" "" "" "" "" "" 0.1625 0.11685136326452049 0.031137763780338282 0.3418352867457081 0.0601664647746159
J1924.8-2914 LogParabola fsrq LSP 295.6829 0.61988395 0.13672334 3.6470760407982775e-08 "" "" "" "" "" "" "" "" "" "" 0.5666666666666667 0.5401590130786743 0.07217998392103585 0.7349551095670227 0.07784731312805376
J1941.3-6210 LogParabola bll LSP 1230.7968 0.6338519 0.13630345 6.817887581570513e-08 "" "" "" "" "" 0.7396963123644251 1.2331292969838792 0.04048230044515203 1.1104635504976645 0.03660977659945241 0.16770186335403728 0.7392578985557827 0.008600056539645401 0.8598010808063588 0.02158187771649364
J1958.0-3845 LogParabola fsrq LSP 303.4907 0.36052603 0.08003966 4.6913249203448335e-08 "" "" "" "" "" 0.6983122362869199 3.7562284908317585 0.020178271211830506 1.9380991953023865 0.023005631255052547 0.16049382716049382 3.174058515737934 0.002793369859276351 1.781588761678164 0.011995905065991836
J2000.0+6508 LogParabola bll HSP 1529.9316 0.52541703 0.1127198 5.353535565389509e-08 0.2660738714090287 0.2649887424378379 0.015276533112016856 0.5147705726222488 0.021692150278162636 0.0740242261103634 0.3362178838082127 0.007172148987995952 0.5798429820289392 0.014744116184913048 0.0053475935828877 0.28107394509540856 0.0037017875944967754 0.530164073750201 0.014208666514337132
J2000.9-1748 LogParabola fsrq LSP 560.7281 1.1026232 0.23799455 2.7728592468608655e-08 "" "" "" "" "" "" "" "" "" "" 0.3262411347517731 1.2167910726573505 0.028829349716655336 1.1030825321150501 0.04062858285339855
J2001.2+4353 LogParabola bll HSP 1363.4725 1.1811723 0.2534595 1.9416991765264947e-08 "" "" "" "" "" "" "" "" "" "" 0.7155963302752294 2.0979774468981827 0.038479144898431517 1.4484396593915063 0.04639653489244993
J2005.5+7752 LogParabola bll LSP 510.61716 0.5462503 0.1189751 2.9996712367524666e-08 "" "" "" "" "" "" "" "" "" "" 0.13253012048192772 0.8451435080423211 0.01464523260956018 0.919316870313126 0.02852502804287734
J2009.4-4849 LogParabola BLL HSP 160.51767 0.37974763 0.08601614 1.5566365634021577e-08 "" "" "" "" "" 0.7849223946784922 -1.0711332812518986 0.11904539383815747 0.0 0.1 0.03867403314917127 0.16728242781064379 0.014554932370570739 0.40900174548606 0.032510073444448485
J2012.0+4629 LogParabola bll ISP 561.0523 0.5997166 0.13030848 2.700468640403008e-08 "" "" "" "" "" 0.8631090487238979 0.33367889461036615 0.060348323219359706 0.577649456513521 0.06488705064009305 0.23684210526315788 0.644316691745764 0.016559155449267997 0.8026933983444513 0.030887708603845425
J2015.5+3710 LogParabola FSRQ LSP 171.03093 0.41316643 0.094407104 1.1508828286323063e-07 "" "" "" "" "" 0.8227272727272728 1.096416232975839 0.04281652265049309 1.047098960450176 0.03852006465566156 0.1402439024390244 0.9639591824114155 0.010460558929512174 0.9818142300921369 0.02378965007610353
J2022.5+7612 LogParabola bll LSP 123.385056 0.42866638 0.10020196 1.776947125154994e-08 "" "" "" "" "" "" "" "" "" "" 0.34285714285714286 0.21572709019186345 0.05961878407876057 0.46446430454004045 0.084006130668867
J2025.6-0735 LogParabola fsrq LSP 3653.9766 0.7013914 0.14995778 1.463511575046193e-07 0.8967611336032388 2.651851909562774 0.020432987767129554 1.6284507697694683 0.019309905217010186 0.5343511450381679 2.4828914067181516 0.010317065937379858 1.5757193299309848 0.01635974937714302 0.16149068322981366 1.7495820898238177 0.0032523507775467577 1.3227176909015081 0.012991162344214657
J2035.4+1056 LogParabola fsrq LSP 3105.0142 1.3221852 0.2825995 7.825227497610405e-08 "" "" "" "" "" "" "" "" "" "" 0.7247706422018348 4.773499881545054 0.02015820177765202 2.1848340627024867 0.03248132261145238
J2049.9+1002 LogParabola bll LSP 59.07644 0.35726246 0.09276069 2.093538074468378e-08 "" "" "" "" "" "" "" "" "" "" 0.6491228070175439 0.3726939469904169 0.07458115439028744 0.6104866476757841 0.08638117009471846
J2056.2-4714 LogParabola fsrq LSP 2659.6853 0.5755847 0.1232019 1.4490174271529002e-07 0.7153351698806244 1.1830295165654914 0.01942081518355327 1.0876716032725555 0.019927844706653756 0.3784246575342466 1.0885624049697693 0.011754169639820792 1.0433419405783366 0.018005019147373347 0.11242603550295859 0.884753631278075 0.0029905383661782145 0.9406134334986265 0.01248592243846968
J2115.4+2932 LogParabola fsrq LSP 900.98346 0.6645908 0.14334932 6.270046425637618e-08 "" "" "" "" "" "" "" "" "" "" 0.23684210526315788 1.136078302427834 0.017283549442941453 1.065869739896876 0.03084280145867941
J2116.2+3339 LogParabola bll ISP 157.5034 0.35168135 0.080436185 1.534373808395676e-08 "" "" "" "" "" "" "" "" "" "" 0.175 0.24569891159884305 0.030471343289108683 0.49568025137062205 0.049872310262897075
J2134.2-0154 LogParabola bll LSP 115.04185 0.5300528 0.12328252 1.660230093355142e-08 "" "" "" "" "" "" "" "" "" "" 0.8252427184466019 0.7236526755218741 0.12854485712106115 0.8506777742023557 0.11028571244143665
J2139.4-4235 LogParabola bll ISP 850.6859 0.4973295 0.10732325 4.8352355885846617e-08 0.748356807511737 0.0016516761937602378 0.052241124415554646 0.04064081930473644 0.5373998094613632 0.30258899676375406 0.37408148972861693 0.020639164774414517 0.6116220154054438 0.028230693838007696 0.021739130434782608 0.3532003692408506 0.0045133237156940115 0.5943066289726631 0.015675165273212464
J2141.7-6410 LogParabola bcu LSP 2109.9617 1.09208 0.23384175 4.0787664669863724e-08 "" "" "" "" "" "" "" "" "" "" 0.9381443298969072 2.7148940933284615 0.04088194059154381 1.6476935677875488 0.047419050392684646
J2143.5+1743 LogParabola fsrq LSP 1208.7343 0.45293558 0.097647555 1.2172948583642114e-07 "" "" "" "" "" 0.5764705882352941 0.7721169774912732 0.0145220407461618 0.8787018706542471 0.020729071996947686 0.323943661971831 0.6844825284895948 0.005908954881136562 0.8273345928278322 0.0177670891615994
J2147.1+0931 LogParabola FSRQ LSP 670.74304 0.7601166 0.16457844 4.696479468800814e-08 "" "" "" "" "" "" "" "" "" "" 0.6936936936936937 1.2074582276435601 0.0585950772286587 1.098844041547098 0.060859134455587445
J2147.3-7536 LogParabola FSRQ LSP 3458.676 0.9232656 0.19747509 8.930060480545318e-08 "" "" "" "" "" "" "" "" "" "" 0.6347826086956522 2.5748742232758244 0.008382186525169283 1.6046414625316847 0.020897618237741576
J2151.8-3027 LogParabola fsrq LSP 1235.7162 0.89194965 0.19167346 7.282260879765566e-08 "" "" "" "" "" "" "" "" "" "" 0.5537190082644629 2.0017270755870995 0.028249273130846863 1.4148240440376674 0.039334278731183496
J2157.5+3127 LogParabola fsrq LSP 1848.62 1.2112029 0.25942317 3.646450201607297e-08 "" "" "" "" "" "" "" "" "" "" 0.6785714285714286 2.54166406215258 0.02107475067286575 1.5942597223014134 0.033527494987091955
J2158.8-3013 LogParabola bll HSP 745.36664 0.25221577 0.054557394 1.1603640015815858e-07 0.11282660332541568 0.2719050867278767 0.006545858771926819 0.5214451905309673 0.012090610768444414 0.03474903474903475 0.26072436964946244 0.004295491209701054 0.5106117601950257 0.011162710832209757 0.0 0.2041917794537992 0.0012228807669962985 0.45187584517630414 0.008033307387530877
J2201.5-8339 LogParabola fsrq LSP 418.89417 0.6786298 0.14843492 3.858052778842803e-08 "" "" "" "" "" "" "" "" "" "" 0.6347826086956522 0.9557179023250877 0.0650960103265213 0.9776082560643029 0.0665328806530979
J2202.7+4216 LogParabola BLL LSP 4421.8706 0.43420082 0.09280248 3.333168586616739e-07 0.08741258741258741 1.346536498920403 0.0015515002941228586 1.1604035931176717 0.00508227409879425 0.02038216560509554 1.1990754361250748 0.0008828562870130572 1.0950230299519161 0.0047108425226575715 0.0053475935828877 0.9455204045415442 0.0019127714291848122 0.9723787351343838 0.009953650658645383
J2203.4+1725 LogParabola fsrq LSP 1286.9769 1.0170888 0.21838379 4.03459864813274e-08 "" "" "" "" "" "" "" "" "" "" 0.9789473684210527 1.7552858598660908 0.03498873706447454 1.3248720164099212 0.044343302985743745
J2207.5-5346 PowerLaw fsrq LSP 94.27744 0.45985746 0.10921589 1.7912743171408847e-08 "" "" "" "" "" "" "" "" "" "" 0.6347826086956522 0.43246005161770257 0.08604754517687552 0.6576169490042836 0.09265639622393808
J2229.7-0832 LogParabola FSRQ LSP 1000.52563 0.59595615 0.12845342 8.774570339726472e-08 "" "" "" "" "" 0.8108108108108109 0.5352048552390102 0.05438502706279759 0.7315769646722142 0.052225902991127636 0.23684210526315788 0.7791408353832285 0.015553119217565456 0.882689546433642 0.029566486888278815
