4LAC_variability_analysis/resulting_catalogs/selected_rows_monthly.ecsv
# %ECSV 1.0
# ---
# datatype:
# - {name: Source_Name, datatype: string}
# - {name: RAJ2000, datatype: float32}
# - {name: DEJ2000, datatype: float32}
# - {name: Redshift, datatype: float64}
# - {name: SpectrumType, datatype: string}
# - {name: Pivot_Energy, datatype: float32}
# - {name: PL_Flux_Density, datatype: float32}
# - {name: PL_Index, datatype: float32}
# - {name: LP_Flux_Density, datatype: float32}
# - {name: LP_Index, datatype: float32}
# - {name: LP_beta, datatype: float32}
# - {name: CLASS, datatype: string}
# - {name: SED_class, datatype: string}
# - {name: Variability_Index, datatype: float32}
# - {name: Frac_Variability, datatype: float32}
# - {name: Unc_Frac_Variability, datatype: float32}
# - {name: Flux1000, datatype: float32}
# - {name: Unc_Flux1000, datatype: float32}
# - {name: Spectrum_Flux_Estimated, datatype: float64}
# - {name: Norm_Excess_Variance_Estimated, datatype: float64}
# - {name: Unc_Norm_Excess_Variance_Estimated, datatype: float64}
# - {name: Frac_Variability_Estimated, datatype: float64}
# - {name: Unc_Frac_Variability_Estimated, datatype: float64}
# schema: astropy-2.0
Source_Name RAJ2000 DEJ2000 Redshift SpectrumType Pivot_Energy PL_Flux_Density PL_Index LP_Flux_Density LP_Index LP_beta CLASS SED_class Variability_Index Frac_Variability Unc_Frac_Variability Flux1000 Unc_Flux1000 Spectrum_Flux_Estimated Norm_Excess_Variance_Estimated Unc_Norm_Excess_Variance_Estimated Frac_Variability_Estimated Unc_Frac_Variability_Estimated
[from data line 452]
J2236.5-1433 339.1444 -14.5557 -999.0 LogParabola 676.67413 1.4673393e-11 2.1579337 1.6004212e-11 2.0453305 0.08507778 BLL LSP 1812.4861 0.7768129 0.16642071 5.738004e-09 1.1987095e-10 6.602012202725975e-08 1.27391355181447 0.028476972075465144 1.1286777891916142 0.012615191132564514
J2243.9+2021 340.9895 20.3565 -999.0 LogParabola 1504.9337 1.6265456e-12 1.8752682 1.7583603e-12 1.734964 0.075980276 bll HSP 129.26231 0.27767465 0.064156346 4.222431e-09 1.0562758e-10 2.0478083459035123e-08 0.1811365198702623 0.018690854525079025 0.42560136262735615 0.021958170445807734
J2244.2+4057 341.0614 40.9597 1.171 LogParabola 1214.786 4.413877e-12 2.1340513 4.993566e-12 2.0525537 0.10218461 fsrq LSP 4666.583 1.2456656 0.26608893 6.3368493e-09 1.254396e-10 5.8249312525766295e-08 1.0090742886368367 0.02974791974841971 1.004526897916047 0.014806930411785687
J2248.7-3235 342.1928 -32.5926 2.268 PowerLaw 466.03503 4.286584e-12 2.722437 4.5106852e-12 2.6995304 0.045695994 fsrq LSP 101.84926 0.6456214 0.1529195 3.114116e-10 3.2509603e-11 1.6438109123307867e-08 0.17701464015727206 0.0295605070679251 0.4207310781927953 0.03512993049491263
J2249.4-1300 342.3564 -13.0006 0.5 PowerLaw 3265.8618 6.827345e-14 2.4317355 6.0966606e-14 2.378649 -0.039547358 bll "" 279.31964 1.3004855 0.29775217 8.4695656e-10 1.6050193e-10 2.2917594587203983e-08 0.41164147085103425 0.08017497266459964 0.6415929167712454 0.062481185942694376
J2250.7-2806 342.6903 -28.1114 0.525 LogParabola 918.32745 3.0663866e-12 2.1869912 3.307721e-12 2.0569906 0.09298701 bll LSP 742.793 0.9544878 0.20583293 2.287104e-09 8.0361225e-11 2.401937127017074e-08 0.5248265860375604 0.037670730581766156 0.7244491604229798 0.025999568113083026
J2253.9+1609 343.4963 16.1506 0.859 LogParabola 891.9072 1.3022523e-10 2.3908482 1.514771e-10 2.4260006 0.1075784 FSRQ LSP 77426.66 0.96451724 0.20566168 7.406493e-08 4.4924803e-10 1.6250900446069262e-06 2.7233119868467157 0.006898067815077 1.650246038276328 0.002090011930064074
J2258.1-2759 344.5288 -27.9843 0.926 LogParabola 777.0156 9.515136e-12 2.4177337 1.1085753e-11 2.3086855 0.19881581 fsrq LSP 1454.335 0.84668106 0.1816638 3.755879e-09 1.011687e-10 6.40036466120264e-08 1.076988305571553 0.0330596730531398 1.0377804707988838 0.015928066668902747
J2301.0-0158 345.2627 -1.9758 0.778 LogParabola 563.01776 6.5445813e-12 2.3762786 7.288348e-12 2.247102 0.11117898 fsrq LSP 601.0875 0.9494157 0.20575298 1.2790637e-09 6.440538e-11 2.4227844971111062e-08 0.6337331164632809 0.036786612805170794 0.7960735622185181 0.0231050335993152
J2311.0+3425 347.7682 34.4223 1.817 LogParabola 536.1874 2.0537311e-11 2.3611176 2.2574758e-11 2.2552712 0.097671084 FSRQ LSP 2396.9778 0.89476496 0.19153967 3.5570198e-09 8.916538e-11 6.955055231365772e-08 1.0263196461509025 0.027896841704974706 1.0130743537129456 0.013768407818602852
J2321.9+3204 350.4779 32.0737 1.489 LogParabola 865.62915 4.6207066e-12 2.2523553 5.257743e-12 2.1386576 0.12910232 fsrq LSP 1199.3973 0.9342143 0.20085001 2.855906e-09 8.776441e-11 3.490938176946417e-08 1.0010189758037218 0.04708563659531954 1.0005093581789837 0.023530832675578168
J2323.5-0317 350.8884 -3.29 1.393 LogParabola 651.4233 1.273289e-11 2.2587395 1.411143e-11 2.1496959 0.103438266 fsrq LSP 874.44104 0.6045611 0.13038619 4.003194e-09 1.02823416e-10 5.801155707048866e-08 0.767360626605595 0.02868331282051969 0.8759912251875558 0.016371917889005334
J2325.4-4800 351.3501 -48.0022 0.221 PowerLaw 1885.8883 3.5488921e-13 2.092311 3.7173842e-13 2.0526745 0.03814581 bll ISP 133.19888 0.5536882 0.12714717 1.2174656e-09 5.3743666e-11 1.5156065814588678e-08 0.09875523847398752 0.025526734173627146 0.3142534621511552 0.0406148813745588
J2325.4-3559 351.3586 -35.9878 0.36 LogParabola 614.85754 5.760963e-12 2.3140202 6.5902518e-12 2.1422832 0.16009328 fsrq LSP 186.2541 0.42513633 0.096380375 1.501222e-09 6.261349e-11 2.2149571317797807e-08 0.15607360228059372 0.02286898040422008 0.3950615170838508 0.028943568805470617
J2327.5+0939 351.8959 9.6543 1.843 LogParabola 610.0862 6.2518367e-12 2.7058842 7.097789e-12 2.73115 0.12814236 fsrq LSP 434.73053 0.7418971 0.16231701 9.014692e-10 5.5104907e-11 4.5613027976802476e-08 0.31306119524159914 0.03449137745821001 0.5595187175078231 0.030822362486673877
J2328.3-4036 352.0817 -40.6037 1.972 LogParabola 831.8216 3.4859607e-12 2.378362 3.7644254e-12 2.3476765 0.06640905 fsrq LSP 347.1513 0.6122974 0.13438825 1.6713982e-09 6.7580094e-11 3.410642742585484e-08 0.5997928462546461 0.04359335618205969 0.7744629405301755 0.028144249324710685
J2329.3-4955 352.3294 -49.9324 0.518 LogParabola 528.499 5.327771e-11 2.2793596 5.9985746e-11 2.1667185 0.1125623 FSRQ LSP 16384.979 1.1942681 0.25476465 9.905996e-09 1.3645178e-10 1.6372106279411433e-07 1.353820969484094 0.017716217554839694 1.1635381254965795 0.007613079952699744
J2331.0-2147 352.7632 -21.7953 0.563 LogParabola 919.00287 2.0709027e-12 2.3774567 2.4845282e-12 2.3297915 0.1907155 fsrq LSP 289.81918 0.80587757 0.1775244 1.2913246e-09 6.5373026e-11 2.0398081448726366e-08 0.21583991975681355 0.029413384259430256 0.46458575070358493 0.03165549547622328
J2338.0-0230 354.5085 -2.5106 1.071 PowerLaw 800.7169 2.0730813e-12 2.4845111 2.1689274e-12 2.4632387 0.039221 fsrq LSP 136.03596 0.57845163 0.13412176 8.0339896e-10 5.138538e-11 2.4540236942974496e-08 0.1166333451179554 0.03463304748529829 0.3415162442958686 0.05070483185463698
J2345.2-1555 356.303 -15.9182 0.621 LogParabola 874.1344 1.2731453e-11 2.1590528 1.4184541e-11 2.0412886 0.106642656 FSRQ LSP 3702.563 0.89033765 0.19032075 8.766496e-09 1.5357916e-10 8.977744559241804e-08 1.1106886200031436 0.02687370876002155 1.0538921292063737 0.012749743553099034
J2347.0+5141 356.7659 51.6966 0.044 LogParabola 1910.8857 7.1180475e-13 1.810977 7.4948804e-13 1.7369231 0.038917985 bll HSP 58.688427 0.20183285 0.052628208 2.8827012e-09 8.283773e-11 1.4497744907334109e-08 0.05933658406111656 0.01729102997141431 0.2435910180222509 0.035491928462310654
J2348.0-1630 357.016 -16.5161 0.576 LogParabola 847.7117 7.463428e-12 2.2977636 8.195702e-12 2.2411299 0.08130655 fsrq LSP 1646.2932 0.8283717 0.1777093 4.0973283e-09 1.0857139e-10 6.571699116478933e-08 0.6591134014393304 0.02229047911429317 0.8118579933949843 0.013728065311693268
J2358.3-1021 359.5822 -10.3616 1.638 LogParabola 550.99835 4.7781596e-12 2.5574622 5.5384703e-12 2.5085003 0.13912061 fsrq LSP 195.55394 0.6680762 0.15055147 6.5069317e-10 4.819471e-11 2.1649299842458675e-08 0.15142715151785693 0.035572882283711235 0.38913641761965295 0.045707470019524916
