4LAC_variability_analysis/resulting_catalogs/variability_3days_agn_pop_4lac_dr3.ecsv
# %ECSV 1.0
# ---
# datatype:
# - {name: Source_Name, datatype: string}
# - {name: RAJ2000, datatype: float32}
# - {name: DEJ2000, datatype: float32}
# - {name: Redshift, datatype: float64}
# - {name: SpectrumType, datatype: string}
# - {name: Pivot_Energy, datatype: float32}
# - {name: PL_Flux_Density, datatype: float32}
# - {name: PL_Index, datatype: float32}
# - {name: LP_Flux_Density, datatype: float32}
# - {name: LP_Index, datatype: float32}
# - {name: LP_beta, datatype: float32}
# - {name: CLASS, datatype: string}
# - {name: SED_class, datatype: string}
# - {name: Variability_Index, datatype: float32}
# - {name: Frac_Variability, datatype: float32}
# - {name: Unc_Frac_Variability, datatype: float32}
# - {name: Flux1000, datatype: float32}
# - {name: Unc_Flux1000, datatype: float32}
# - {name: Spectrum_Flux_Estimated, datatype: float64}
# - {name: Norm_Excess_Variance_Estimated, datatype: float64}
# - {name: Unc_Norm_Excess_Variance_Estimated, datatype: float64}
# - {name: Frac_Variability_Estimated, datatype: float64}
# - {name: Unc_Frac_Variability_Estimated, datatype: float64}
# schema: astropy-2.0
Source_Name RAJ2000 DEJ2000 Redshift SpectrumType Pivot_Energy PL_Flux_Density PL_Index LP_Flux_Density LP_Index LP_beta CLASS SED_class Variability_Index Frac_Variability Unc_Frac_Variability Flux1000 Unc_Flux1000 Spectrum_Flux_Estimated Norm_Excess_Variance_Estimated Unc_Norm_Excess_Variance_Estimated Frac_Variability_Estimated Unc_Frac_Variability_Estimated
[from data line 2995]
J1806.9-8038 271.7473 -80.6429 -inf PowerLaw 4217.23 6.736028e-15 1.9983956 8.083788e-15 1.9193249 0.124230266 bcu LSP 8.114001 0.0 10.0 1.1853148e-10 3.0336796e-11 1.0652742167251561e-09 "" "" "" ""
J1807.2+6429 271.8087 64.4988 -inf PowerLaw 2956.4712 2.015242e-14 2.0671673 1.9293124e-14 2.0913677 -0.023433011 bll ISP 33.582443 0.5906199 0.20972385 1.7625951e-10 2.4164271e-11 1.8269553148949578e-09 "" "" "" ""
J1807.9-6412 271.9926 -64.209 1.016 PowerLaw 1412.5088 1.5185973e-13 2.4867895 1.684152e-13 2.5143206 0.07869289 fsrq LSP 34.00327 0.8690185 0.275568 2.4093552e-10 3.461621e-11 5.923811191062604e-09 "" "" "" ""
J1807.9+4650 271.9951 46.8378 -inf PowerLaw 6290.5156 3.740653e-15 1.8453234 3.6154958e-15 1.8555816 -0.016284112 bll LSP 12.642392 0.12797071 0.7350869 1.290831e-10 2.6602552e-11 8.450378013928697e-10 "" "" "" ""
J1808.1-5013 272.0322 -50.2207 1.606 PowerLaw 1039.2975 4.627774e-13 2.5451503 5.3327834e-13 2.5572226 0.10554798 fsrq LSP 42.086987 0.6540239 0.18268517 3.3024852e-10 4.1655807e-11 1.1595876568718465e-08 "" "" "" ""
J1808.2+3500 272.0657 35.0104 -inf PowerLaw 2126.0955 1.0359896e-13 2.2587528 1.046789e-13 2.25977 0.005161303 bll ISP 41.34017 0.5218441 0.14808935 4.509687e-10 4.331641e-11 6.9476641518821205e-09 "" "" "" ""
J1808.8+2419 272.211 24.3258 -inf PowerLaw 4216.037 9.235729e-15 2.0899496 9.406209e-15 2.0936236 0.005274352 bcu HSP 17.904612 0.40062526 0.37820956 1.7033228e-10 3.843079e-11 1.8509125741026653e-09 "" "" "" ""
J1808.8+3522 272.2205 35.38 0.1412 LogParabola 2412.2183 3.129474e-14 2.1599987 4.354751e-14 1.9731541 0.3781375 bll "" 6.0808125 0.0 10.0 2.049753e-10 4.2156514e-11 5.397622169772781e-10 "" "" "" ""
J1809.3+2042 272.3383 20.709 -inf PowerLaw 3123.2441 4.0758785e-14 2.0096967 4.3548613e-14 1.9742959 0.042792644 bll "" 15.567385 0.23604707 0.16470891 3.9440715e-10 4.1446173e-11 3.6287139643913685e-09 "" "" "" ""
J1809.7+2910 272.4415 29.1709 -999.0 LogParabola 2174.0735 1.7881858e-13 1.9446095 1.9853093e-13 1.7830362 0.10156294 bll "" 43.38662 0.33894488 0.09898201 8.9478625e-10 5.5334824e-11 3.854321084723596e-09 "" "" "" ""
J1810.7+5335 272.6779 53.5932 -inf LogParabola 2341.0308 5.9980815e-14 2.0118403 6.622015e-14 1.8344908 0.11167116 bll HSP 10.1809845 0.0 10.0 3.366567e-10 3.4661836e-11 1.4968504892417862e-09 "" "" "" ""
J1811.0+1608 272.75 16.1478 -inf PowerLaw 3106.5552 3.1053512e-14 2.0823488 3.7376498e-14 1.9487922 0.14421532 bll ISP 46.096153 1.0036032 0.27774855 3.0196004e-10 4.558613e-11 3.229946719292679e-09 "" "" "" ""
J1811.2-2759 272.8079 -27.9956 -inf PowerLaw 3683.4238 3.486286e-14 2.2243602 3.6039056e-14 2.214135 0.02026285 bcu "" 13.100319 0.0 10.0 5.159061e-10 8.0929985e-11 7.4036876712300886e-09 "" "" "" ""
J1811.3+0340 272.826 3.6794 -999.0 LogParabola 2988.4502 1.3268232e-13 1.8503239 1.5074075e-13 1.7134162 0.09326215 bll HSP 35.390907 0.33613092 0.10113213 1.2116381e-09 7.6903345e-11 4.284861245340345e-09 "" "" "" ""
J1812.9+4249 273.245 42.8261 -inf PowerLaw 990.386 2.4354024e-13 2.5275524 2.824822e-13 2.4853933 0.1149025 bcu LSP 13.277687 0.32611117 0.22795889 1.5551427e-10 2.7331644e-11 4.154242128589571e-09 "" "" "" ""
J1813.5+3144 273.3872 31.7497 0.117 LogParabola 2427.9978 2.860742e-13 2.0448215 3.0392586e-13 2.006638 0.041311547 bll HSP 303.69852 0.9961169 0.21849352 1.7204981e-09 8.7102665e-11 1.4408623615458594e-08 "" "" "" ""
J1813.6+0614 273.4084 6.2408 -inf LogParabola 1933.0286 2.7702745e-13 2.0732179 3.3042278e-13 1.9136853 0.1530392 bll LSP 25.437561 0.25500518 0.09715639 1.1206363e-09 7.4581286e-11 5.509932004841123e-09 "" "" "" ""
J1814.0+3828 273.5019 38.4771 0.2754 PowerLaw 2362.7974 2.5310142e-14 2.211565 2.3942625e-14 2.2190926 -0.026617672 bll HSP 16.143227 0.33924356 0.34469184 1.3940468e-10 2.6421604e-11 1.9484059910484126e-09 "" "" "" ""
J1814.2+4114 273.5578 41.2358 1.564 PowerLaw 1025.5876 1.7179109e-13 2.5276227 2.1001622e-13 2.4779432 0.16045249 fsrq LSP 16.65842 0.32935572 0.34634995 1.1981736e-10 2.51828e-11 3.2011303523009243e-09 "" "" "" ""
J1814.4+2953 273.6152 29.8943 1.351 PowerLaw 856.6838 3.5652265e-13 2.6281524 3.8698228e-13 2.6234412 0.055033833 fsrq "" 38.550037 1.0115136 0.2905423 1.458146e-10 3.1455952e-11 4.7758393013767066e-09 "" "" "" ""
J1815.2-2715 273.8131 -27.2574 -inf LogParabola 2680.1956 8.902963e-14 2.3829484 1.13267306e-13 2.4476128 0.18286645 bcu "" 11.675457 0.0 10.0 7.978927e-10 1.0797654e-10 7.30504879731228e-09 "" "" "" ""
J1816.9-4942 274.2439 -49.7158 1.7 LogParabola 989.823 1.2499593e-12 2.3520217 1.4731446e-12 2.2374973 0.16050942 fsrq LSP 217.22546 0.8293876 0.1853197 9.997543e-10 6.181072e-11 1.3172102468331174e-08 "" "" "" ""
J1818.6+0903 274.6748 9.065 0.354 LogParabola 828.14856 2.3320003e-12 2.4378357 2.7726146e-12 2.28825 0.16612022 fsrq LSP 151.9584 0.6093733 0.14126888 1.159003e-09 7.78362e-11 1.8773134922991902e-08 "" "" "" ""
J1819.1+2133 274.7765 21.5514 -inf PowerLaw 3420.4 2.6939151e-14 2.0548928 2.863966e-14 2.0100768 0.043737136 bll ISP 9.541585 0.0 10.0 3.1721042e-10 4.2422777e-11 3.2052956665496994e-09 "" "" "" ""
J1820.3+3624 275.0963 36.4016 -inf PowerLaw 4678.427 1.0509113e-14 1.8759015 1.0642128e-14 1.8641136 0.008676557 bll HSP 22.596542 0.5593312 0.2161944 2.1303563e-10 3.1531347e-11 1.485523888700078e-09 "" "" "" ""
J1821.6+6819 275.4034 68.3242 1.692 LogParabola 872.1426 2.0212196e-12 2.5058377 2.239994e-12 2.4463127 0.10797053 bcu LSP 690.2911 1.1264535 0.24337307 9.98983e-10 4.79771e-11 2.3533502272793678e-08 "" "" "" ""
J1822.0+1600 275.5151 16.0018 -inf LogParabola 918.0772 5.3452804e-13 2.60232 7.439555e-13 2.545419 0.30617797 bcu "" 13.602129 0.070106186 0.7268084 3.1677785e-10 5.5013043e-11 6.006270116779819e-09 "" "" "" ""
J1823.3-3720 275.8463 -37.3392 -inf LogParabola 782.24475 5.7573895e-13 2.5368803 1.3205224e-12 2.5236783 0.99589485 bcu "" 11.5072 0.0 10.0 2.5293906e-10 5.6113537e-11 3.194209228046689e-09 "" "" "" ""
J1823.5+6858 275.8884 68.9676 -inf LogParabola 1239.4415 5.674766e-13 2.329924 6.1473493e-13 2.135015 0.13599934 bll ISP 32.78228 0.30694684 0.09311077 7.6221074e-10 4.6714615e-11 7.193378100717193e-09 "" "" "" ""
J1823.6-3453 275.9109 -34.8952 -999.0 LogParabola 2768.6943 2.3876436e-13 1.7888397 2.540098e-13 1.7062951 0.04519329 bcu HSP 56.56068 0.3045537 0.081512354 1.872229e-09 8.4720134e-11 7.859812515779584e-09 "" "" "" ""
J1824.1+5651 276.0393 56.8585 0.664 LogParabola 620.9367 7.8246186e-12 2.3958051 8.324446e-12 2.3225002 0.06649002 bll LSP 305.14993 0.41760546 0.09217024 1.8423466e-09 5.950722e-11 3.975181779253688e-08 0.1726424702573106 0.028431671957305307 0.415502671781194 0.0342135849998548
J1824.5+0107 276.125 1.1251 -inf PowerLaw 1168.2842 8.841811e-13 2.6031938 1.0084894e-12 2.5989187 0.091420546 bcu LSP 37.89466 0.41668722 0.16244148 8.266624e-10 8.862292e-11 3.316963059787052e-08 "" "" "" ""
J1824.5+4311 276.1263 43.1958 0.487 PowerLaw 4100.4126 1.30433596e-14 2.0071695 1.3023666e-14 2.0055342 0.00037118234 bcu HSP 8.866308 0.0 10.0 2.1786767e-10 3.2872965e-11 1.9939952033963937e-09 "" "" "" ""
J1824.7-3243 276.1774 -32.7183 0.355 LogParabola 2102.6577 7.6693826e-14 2.3111775 1.0765668e-13 2.419196 0.31954515 agn "" 13.139382 0.0 10.0 4.0766038e-10 6.725015e-11 2.5660610207979093e-09 "" "" "" ""
J1825.1-5231 276.2946 -52.529 -inf LogParabola 854.4386 1.7934984e-12 2.397715 2.0993493e-12 2.298343 0.14459008 bcu LSP 402.6195 1.1779103 0.25678658 9.605836e-10 5.861856e-11 1.5989069483370383e-08 "" "" "" ""
J1826.0-5037 276.5176 -50.6248 -inf PowerLaw 3313.1553 1.7265259e-14 2.052494 2.053916e-14 1.9580424 0.1277392 bcu "" 11.030457 0.0 10.0 1.902872e-10 3.4548548e-11 1.9132411725754644e-09 "" "" "" ""
J1827.5+2015 276.8781 20.2526 -inf PowerLaw 4660.868 7.14402e-15 2.0437932 6.8808764e-15 2.0520175 -0.019053731 bcu LSP 8.002597 0.0 10.0 1.5778187e-10 4.1377495e-11 1.5580452158199722e-09 "" "" "" ""
J1827.6-4029 276.9121 -40.4932 -inf LogParabola 1534.1713 9.894769e-14 2.4088712 1.8788672e-13 2.2980802 0.83115906 bcu "" 6.213676 0.0 10.0 3.0197594e-10 5.277327e-11 9.139195661160579e-10 "" "" "" ""
J1828.0+2634 277.0215 26.5718 -inf PowerLaw 5119.2495 6.569349e-15 1.9433857 8.303581e-15 1.8281336 0.15856178 bcu ISP 16.891489 0.52026665 0.3213891 1.6424445e-10 3.533991e-11 1.3169917850273148e-09 "" "" "" ""
J1828.7+3230 277.1819 32.5132 -inf LogParabola 1341.1289 2.9446394e-13 2.2601006 4.5094237e-13 1.9114715 0.53951263 bcu "" 20.715832 0.22736697 0.12539968 6.080176e-10 5.2996853e-11 2.073793510935261e-09 "" "" "" ""
J1829.0-2417 277.2585 -24.2906 -999.0 PowerLaw 4132.092 3.764361e-14 2.1112025 3.807869e-14 2.1070206 0.0052034548 bll "" 18.91922 0.38568738 0.18797418 6.73355e-10 8.266486e-11 7.64648541638483e-09 "" "" "" ""
J1829.1+2729 277.2778 27.4969 -inf LogParabola 767.291 1.5285926e-12 2.5183706 1.916731e-12 2.4228458 0.21753028 bcu LSP 38.803368 0.36617008 0.11194243 5.644145e-10 5.1528296e-11 1.19130107860415e-08 "" "" "" ""
J1829.2-5813 277.3108 -58.2323 1.531 LogParabola 689.2124 1.0618194e-11 2.5318425 1.2303362e-11 2.5008736 0.1384869 fsrq "" 2803.7007 1.0819348 0.2314499 2.7183698e-09 7.9040656e-11 7.818556398486563e-08 "" "" "" ""
J1829.3+5402 277.3306 54.0464 -999.0 LogParabola 2564.008 6.764671e-14 1.8693244 7.715849e-14 1.6684456 0.123728774 bll HSP 21.650486 0.26611128 0.114888646 4.6700577e-10 3.7112802e-11 1.4766066716226171e-09 "" "" "" ""
J1829.5+4845 277.3997 48.7646 0.695 LogParabola 565.1787 8.053483e-12 2.4239511 8.581936e-12 2.3536656 0.0655033 css LSP 83.62836 0.23906766 0.058336657 1.4516077e-09 5.565983e-11 3.394336460144482e-08 0.06870871011279331 0.026642954300267908 0.2621234634915259 0.050821383834509806
J1829.9+3934 277.4814 39.5827 -inf PowerLaw 1406.2815 1.5178482e-13 2.3510976 1.5506612e-13 2.3173788 0.024222802 bcu "" 33.906662 0.5579476 0.1778046 2.5000796e-10 3.109346e-11 4.6574297810766285e-09 "" "" "" ""
J1830.0-5225 277.5117 -52.4188 -inf LogParabola 2276.546 4.347319e-14 2.1358857 6.60881e-14 1.7035288 0.55290693 bll LSP 19.273632 0.47765398 0.23712926 2.5914762e-10 4.5823075e-11 4.4550004662807767e-10 "" "" "" ""
J1830.0+1324 277.512 13.4138 -inf PowerLaw 3194.8557 4.429191e-14 2.0881598 4.8794864e-14 2.0235376 0.06743992 bll ISP 37.732994 0.6078868 0.18622549 4.572943e-10 5.3926592e-11 4.950777630756135e-09 "" "" "" ""
J1830.1+0617 277.5363 6.2878 0.745 LogParabola 1788.172 2.405178e-13 2.3252792 2.7781924e-13 2.2447546 0.12560433 fsrq LSP 252.85811 1.9994402 0.44317445 7.696914e-10 8.186781e-11 7.645460125823435e-09 "" "" "" ""
J1830.2-4443 277.5504 -44.72 -inf LogParabola 606.37115 4.2526985e-12 2.5712907 5.3611824e-12 2.4387836 0.25641817 bcu LSP 423.6002 1.0725873 0.23447472 7.674852e-10 5.622014e-11 2.0229520817068458e-08 "" "" "" ""
J1830.7-2713 277.6924 -27.2281 -inf LogParabola 1763.7714 2.6048488e-13 2.235673 2.9879932e-13 2.0932894 0.13114859 bcu "" 10.352023 0.0 10.0 8.2031437e-10 7.820313e-11 6.119904904841197e-09 "" "" "" ""
J1831.9+3820 277.9871 38.3469 0.216 PowerLaw 4368.6504 7.645672e-15 1.9565309 9.0339266e-15 1.8936937 0.09636273 bll "" 10.579666 0.0 10.0 1.4135443e-10 2.9192183e-11 1.1647549283338152e-09 "" "" "" ""
J1832.6-5658 278.1569 -56.9776 -inf PowerLaw 2118.3767 2.1266879e-13 2.130158 2.2675191e-13 2.0845718 0.050031655 bll ISP 33.438347 0.29911065 0.091912396 9.262144e-10 5.2237707e-11 1.2567004186088963e-08 "" "" "" ""
J1833.6-2103 278.4101 -21.0574 2.507 LogParabola 629.90094 1.2871261e-10 2.48788 1.4677841e-10 2.3814874 0.12858963 FSRQ LSP 39822.453 1.4218992 0.3032021 2.8880303e-08 2.928293e-10 6.847659524212621e-07 2.457275971585396 0.012175553942205245 1.567570085063311 0.0038835756238973836
J1834.2+3136 278.5631 31.6035 0.594 PowerLaw 4114.095 2.2672048e-14 2.092878 2.149936e-14 2.1174126 -0.034126345 fsrq LSP 37.74758 0.6286706 0.18573594 3.9789916e-10 5.0535916e-11 4.3500899712212125e-09 "" "" "" ""
J1834.7-5858 278.6874 -58.9818 -inf PowerLaw 1489.7043 1.2152249e-13 2.501559 1.41862e-13 2.4471056 0.14801508 bll LSP 26.518602 0.69994396 0.28079644 2.1921961e-10 3.4347136e-11 5.5544517351148614e-09 "" "" "" ""
J1835.5+1349 278.8835 13.8176 -inf PowerLaw 2829.2515 3.4323266e-14 2.2172332 4.2621275e-14 2.0645578 0.18676059 bll "" 16.62687 0.31766054 0.39553323 2.819629e-10 5.052759e-11 3.987294062576101e-09 "" "" "" ""
J1836.4+3137 279.1053 31.618 -inf PowerLaw 1834.8281 1.4904706e-13 2.4152908 1.4817187e-13 2.4153342 -0.0024961515 bll ISP 24.603437 0.34759322 0.1427577 4.5567175e-10 4.9123577e-11 1.1873101741842125e-08 "" "" "" ""
J1836.5+1948 279.1259 19.8109 -inf PowerLaw 3355.74 3.517351e-14 2.0548398 3.4653842e-14 2.0607882 -0.007786619 bcu LSP 11.953252 0.086070545 0.5327746 3.9823572e-10 4.8956447e-11 4.023585306756508e-09 "" "" "" ""
J1837.0+5347 279.2555 53.7951 -inf PowerLaw 727.0861 9.524267e-13 2.627085 9.681928e-13 2.6204894 0.012359564 bcu LSP 16.755095 0.19603004 0.11840357 2.5337332e-10 2.8177852e-11 1.0740680112204053e-08 "" "" "" ""
J1837.3+1052 279.3296 10.8785 -inf PowerLaw 1813.6346 9.990667e-14 2.4446082 1.1530486e-13 2.481291 0.09748318 bcu "" 36.795067 0.77768373 0.2836506 2.9614194e-10 5.3725288e-11 6.680920826216158e-09 "" "" "" ""
J1837.4-1646 279.351 -16.7732 -inf LogParabola 975.90186 7.7115533e-13 2.7446759 1.3035603e-12 2.639155 0.73394024 bcu "" 12.997303 0.30221787 0.29200497 5.4861976e-10 9.554078e-11 6.178974673194087e-09 "" "" "" ""
J1838.0-5959 279.5237 -59.991 -inf LogParabola 4319.721 1.446095e-14 1.8741044 1.814853e-14 1.6133581 0.2076891 bll ISP 14.123436 0.2932192 0.2414468 2.3742036e-10 4.2565142e-11 4.4589059843392436e-10 "" "" "" ""
J1838.4-6023 279.6009 -60.3932 0.12 PowerLaw 5320.8984 6.3726147e-15 1.9744467 6.12738e-15 1.9787608 -0.01688255 bll "" 21.76625 0.3529396 0.3340658 1.7544444e-10 3.7624154e-11 1.5003641166341375e-09 "" "" "" ""
J1838.5+5733 279.6498 57.5551 0.146 PowerLaw 5480.3745 2.815907e-15 2.000837 3.3596605e-15 1.9253991 0.12974939 bll "" 12.638099 0.0 10.0 8.37962e-11 2.560393e-11 7.569224511047449e-10 "" "" "" ""
J1838.8+4802 279.7141 48.0412 -999.0 LogParabola 1630.6211 8.4471715e-13 1.8574708 8.8122153e-13 1.7764575 0.039924625 bll HSP 259.66443 0.4606858 0.10240048 2.4937463e-09 7.3542936e-11 1.3902299998424718e-08 -0.11133860420058983 0.011161311135134022 0.0 0.1
J1838.9-3457 279.7354 -34.9535 0.5 LogParabola 1047.4452 6.1946455e-13 2.407994 9.464704e-13 2.2998 0.46346265 bcu LSP 16.153055 0.17454787 0.1559318 6.1582245e-10 6.323494e-11 5.332255128175542e-09 "" "" "" ""
J1839.6-7107 279.9142 -71.1243 1.356 LogParabola 486.46713 2.895339e-12 2.8339286 3.681697e-12 2.7785661 0.24332356 fsrq LSP 79.26127 0.82008 0.20219372 1.88691e-10 3.5692553e-11 1.229712290581616e-08 "" "" "" ""
J1840.3-3037 280.0891 -30.6171 -inf LogParabola 1360.7814 1.608973e-13 2.5267544 2.4303517e-13 2.6839514 0.412085 bcu "" 12.999014 0.31420833 0.3246968 2.939708e-10 5.6388616e-11 3.574554846798789e-09 "" "" "" ""
J1840.5+3707 280.1475 37.1172 -inf LogParabola 374.7773 3.230883e-12 2.9764283 5.385487e-12 2.7119863 0.657755 bcu LSP 11.138716 0.0 10.0 5.9486194e-11 2.6413394e-11 6.657662290356056e-09 "" "" "" ""
J1840.6-5545 280.1748 -55.7518 -inf LogParabola 859.89813 4.2002803e-13 2.6054404 5.7035984e-13 2.5600753 0.3004479 bcu "" 130.47386 1.8049515 0.41467378 1.9965336e-10 3.7486146e-11 4.194865855931747e-09 "" "" "" ""
J1841.0+6115 280.2531 61.2522 -inf PowerLaw 1414.0692 1.5650545e-13 2.5003872 1.5798638e-13 2.4983647 0.0075329193 bcu "" 70.8828 0.8836349 0.2302471 2.4791547e-10 2.9432748e-11 6.266563099609757e-09 "" "" "" ""
J1841.3+2909 280.3441 29.1527 0.288 PowerLaw 6588.342 1.1569965e-14 1.7802216 1.2986753e-14 1.7198559 0.0628461 bll HSP 10.484912 0.0 10.0 4.1366421e-10 4.803065e-11 2.3686213084633374e-09 "" "" "" ""
