4LAC_variability_analysis/resulting_catalogs/variability_3days_agn_pop_4lac_dr3.ecsv
# %ECSV 1.0
# ---
# datatype:
# - {name: Source_Name, datatype: string}
# - {name: RAJ2000, datatype: float32}
# - {name: DEJ2000, datatype: float32}
# - {name: Redshift, datatype: float64}
# - {name: SpectrumType, datatype: string}
# - {name: Pivot_Energy, datatype: float32}
# - {name: PL_Flux_Density, datatype: float32}
# - {name: PL_Index, datatype: float32}
# - {name: LP_Flux_Density, datatype: float32}
# - {name: LP_Index, datatype: float32}
# - {name: LP_beta, datatype: float32}
# - {name: CLASS, datatype: string}
# - {name: SED_class, datatype: string}
# - {name: Variability_Index, datatype: float32}
# - {name: Frac_Variability, datatype: float32}
# - {name: Unc_Frac_Variability, datatype: float32}
# - {name: Flux1000, datatype: float32}
# - {name: Unc_Flux1000, datatype: float32}
# - {name: Spectrum_Flux_Estimated, datatype: float64}
# - {name: Norm_Excess_Variance_Estimated, datatype: float64}
# - {name: Unc_Norm_Excess_Variance_Estimated, datatype: float64}
# - {name: Frac_Variability_Estimated, datatype: float64}
# - {name: Unc_Frac_Variability_Estimated, datatype: float64}
# schema: astropy-2.0
Source_Name RAJ2000 DEJ2000 Redshift SpectrumType Pivot_Energy PL_Flux_Density PL_Index LP_Flux_Density LP_Index LP_beta CLASS SED_class Variability_Index Frac_Variability Unc_Frac_Variability Flux1000 Unc_Flux1000 Spectrum_Flux_Estimated Norm_Excess_Variance_Estimated Unc_Norm_Excess_Variance_Estimated Frac_Variability_Estimated Unc_Frac_Variability_Estimated
[from data line 1127]
J0656.3-0322 104.0765 -3.3686 0.634 LogParabola 945.26385 3.3228847e-12 2.562752 4.3208284e-12 2.5930908 0.20622602 fsrq LSP 135.8164 0.5096463 0.11851711 2.0484268e-09 1.1428516e-10 5.172932834453581e-08 "" "" "" ""
J0656.3+4235 104.0918 42.5936 0.059 PowerLaw 5281.9575 8.642927e-15 2.002091 9.5547654e-15 1.9827547 0.062494844 bll ISP 13.326933 0.0 10.0 2.3911711e-10 4.6599693e-11 2.165544884006206e-09 "" "" "" ""
J0656.3-2404 104.097 -24.0682 0.371 PowerLaw 2874.4956 2.572261e-14 2.157202 2.6904589e-14 2.1469188 0.02455854 bll HSP 9.488654 0.0 10.0 2.1582915e-10 4.0353693e-11 2.6958586558930926e-09 "" "" "" ""
J0658.1-5840 104.5389 -58.6719 0.421 PowerLaw 2333.8704 3.0573312e-14 2.2044854 3.1461545e-14 2.1995459 0.016377581 bcu LSP 10.427711 0.0 10.0 1.6382397e-10 2.8406784e-11 2.2564606731992428e-09 "" "" "" ""
J0658.2+2709 104.5735 27.1501 -inf PowerLaw 2564.6675 2.10624e-14 2.1580942 3.089828e-14 1.3511282 0.9521178 bcu LSP 15.46102 0.0 10.0 1.3819569e-10 3.0457862e-11 1.729351758864372e-09 "" "" "" ""
J0658.6+0636 104.6599 6.611 -inf PowerLaw 4722.8584 1.5015782e-14 1.9361806 1.8223634e-14 1.7865108 0.14046897 bcu "" 13.771414 0.21650739 0.361546 3.1972258e-10 5.0071402e-11 2.5256988524502563e-09 "" "" "" ""
J0659.6-2742 104.9066 -27.7013 1.727 LogParabola 1311.7821 2.8406067e-13 2.4668193 3.6424146e-13 2.6045883 0.2132948 fsrq LSP 34.627018 0.54082495 0.16455257 4.245724e-10 5.159579e-11 7.67107613222399e-09 "" "" "" ""
J0659.6-6742 104.9243 -67.7123 -inf PowerLaw 10634.021 1.3738415e-15 1.6711787 1.5437067e-15 1.6289245 0.0525665 bcu HSP 11.30801 0.0 10.0 1.0155991e-10 2.6792851e-11 4.658200464302562e-10 "" "" "" ""
J0659.9+1709 104.9847 17.1522 1.08 PowerLaw 855.08014 6.754713e-13 2.5892851 7.0431736e-13 2.561333 0.037297744 fsrq "" 42.116932 0.55186373 0.17101216 2.8330946e-10 3.9092285e-11 1.1009954628259958e-08 "" "" "" ""
J0700.1-6311 105.0499 -63.1863 -inf PowerLaw 3161.8655 2.266884e-14 2.03264 2.6636455e-14 1.9259664 0.12025243 bcu "" 20.287941 0.3712059 0.20605008 2.2595179e-10 3.1780436e-11 2.180177835211521e-09 "" "" "" ""
J0700.2+1304 105.075 13.0674 -999.0 PowerLaw 2827.7546 6.284317e-14 2.0475802 7.156524e-14 1.9546349 0.10093469 bll HSP 6.4698305 0.0 10.0 5.0005455e-10 4.911068e-11 4.976815708015948e-09 "" "" "" ""
J0700.5-6610 105.1293 -66.1803 -999.0 LogParabola 1008.0341 4.3173846e-12 2.0713737 4.64774e-12 1.9621602 0.07380093 bll ISP 424.4349 0.36702892 0.08045604 4.3456403e-09 9.548531e-11 3.725207790964879e-08 -0.07943216102554698 0.007360758495105301 0.0 0.1
J0701.5+2511 105.3765 25.196 -inf PowerLaw 7301.169 3.6459182e-15 1.7829721 3.405572e-15 1.8195097 -0.031770248 bcu "" 7.051725 0.0 10.0 1.5687404e-10 3.5148544e-11 9.033341504394512e-10 "" "" "" ""
J0701.5-4634 105.3906 -46.5729 0.822 LogParabola 659.38074 4.481318e-12 2.437965 5.300518e-12 2.311514 0.1708513 fsrq LSP 397.77115 0.7874476 0.17175063 1.1964144e-09 5.8617416e-11 2.356718556679919e-08 "" "" "" ""
J0702.7-1951 105.678 -19.8517 -inf LogParabola 1343.3657 1.2395074e-12 2.1550884 1.3499372e-12 2.0670092 0.07224847 bll LSP 165.17406 0.5501567 0.124994725 2.1623083e-09 9.597284e-11 2.114898000916139e-08 "" "" "" ""
J0703.2+6809 105.8104 68.151 -inf PowerLaw 5387.448 2.7677932e-15 1.905562 3.2201842e-15 1.8240036 0.100507535 bcu HSP 16.024328 0.0 10.0 7.450993e-11 2.096594e-11 5.524391821076229e-10 "" "" "" ""
J0703.2-3914 105.8237 -39.2479 -999.0 PowerLaw 1854.5098 1.8953376e-13 2.1681244 2.0497474e-13 2.1309574 0.054631963 bll LSP 16.667667 0.19723101 0.11455678 6.1638417e-10 4.6138676e-11 7.875053283931489e-09 "" "" "" ""
J0703.3-1042 105.8287 -10.7092 -inf PowerLaw 5050.47 1.1089402e-14 2.267211 1.072469e-14 2.2562256 -0.021964781 bcu "" 3.954691 0.0 10.0 3.4317527e-10 9.902497e-11 5.379968681649677e-09 "" "" "" ""
J0703.3-0050 105.8367 -0.8436 -inf LogParabola 1633.9291 4.0184433e-13 2.2704892 4.812857e-13 2.1840246 0.143439 bll ISP 40.775215 0.33467096 0.11199546 1.0901325e-09 8.53349e-11 1.0062363761066438e-08 "" "" "" ""
J0704.7+4508 106.1893 45.1358 -inf PowerLaw 1438.6433 8.7974414e-14 2.3748767 9.437336e-14 2.3444505 0.04955249 bcu LSP 12.998525 0.0 10.0 1.5156065e-10 2.979268e-11 2.9645686637074095e-09 "" "" "" ""
J0704.8+4907 106.2067 49.1318 -inf LogParabola 681.8891 1.742645e-12 2.4927828 2.0066726e-12 2.3660316 0.15287042 bcu LSP 85.463486 0.63517505 0.15437756 4.799786e-10 4.162461e-11 1.0418099997664723e-08 "" "" "" ""
J0705.7-4848 106.4472 -48.8071 -inf LogParabola 1103.5312 7.044751e-13 2.337046 8.5838514e-13 2.252349 0.17399935 bcu ISP 11.072655 0.045065887 0.25113317 7.4628215e-10 5.4626935e-11 9.19529175706317e-09 "" "" "" ""
J0705.9+5309 106.4933 53.1652 -inf PowerLaw 2830.1875 2.0449928e-14 2.090639 2.1183525e-14 2.0801768 0.02051313 bcu LSP 15.823696 0.39238477 0.2785016 1.6398949e-10 2.6616142e-11 1.7845374421040634e-09 "" "" "" ""
J0706.1+0246 106.5454 2.7772 -999.0 PowerLaw 16068.393 1.0740268e-15 1.6067189 1.1723427e-15 1.5975252 0.03412056 bcu "" 10.7485485 0.0 10.0 1.4397947e-10 4.1822126e-11 5.804885736581566e-10 "" "" "" ""
J0706.5+3744 106.63 37.7383 -999.0 LogParabola 1874.053 2.9447446e-13 1.8732549 3.161205e-13 1.7643487 0.060353108 bll HSP 19.517246 0.16187482 0.074464135 1.1336073e-09 5.826566e-11 5.474311958763564e-09 "" "" "" ""
J0706.8+7742 106.7249 77.7002 -999.0 LogParabola 1288.5658 5.8011267e-13 2.0472667 6.4622613e-13 1.8725287 0.11462929 bll ISP 218.61331 0.66560566 0.14879626 1.0192709e-09 4.635249e-11 6.091839453518124e-09 "" "" "" ""
J0706.9+6109 106.7319 61.1595 -inf PowerLaw 955.2885 5.420333e-13 2.4384692 5.543035e-13 2.430514 0.015704388 bll LSP 31.57772 0.39697304 0.1238555 3.3672024e-10 3.073638e-11 7.501709454697306e-09 "" "" "" ""
J0708.9+4839 107.2472 48.6558 0.01933 PowerLaw 9716.879 1.5607572e-15 1.7155974 1.7855692e-15 1.5941914 0.09831888 rdg "" 13.115783 0.0 10.0 1.038743e-10 2.750162e-11 5.212549728035908e-10 "" "" "" ""
J0709.0+4304 107.2562 43.0755 -inf PowerLaw 4457.6797 3.9810057e-15 2.1042695 3.8870634e-15 2.1146665 -0.00882367 bcu "" 12.592229 0.0 10.0 8.321814e-11 2.7887687e-11 9.31529461839318e-10 "" "" "" ""
J0709.1+2241 107.2769 22.6847 0.297 LogParabola 1310.5944 5.8094897e-13 2.0396986 6.1886753e-13 1.9431303 0.05863186 bll ISP 93.697525 0.55525154 0.13346992 1.0218816e-09 6.170466e-11 7.523789059801521e-09 "" "" "" ""
J0709.2-1527 107.3095 -15.4512 0.142 PowerLaw 7829.5215 7.829399e-15 1.7850308 9.0221875e-15 1.7497371 0.07176586 bll HSP 22.788382 0.5229701 0.21489157 3.8228498e-10 6.079211e-11 2.2106429844860554e-09 "" "" "" ""
J0709.3+0540 107.3392 5.6788 -inf PowerLaw 2406.6985 6.533737e-14 2.13545 7.092941e-14 2.092607 0.05643459 bcu "" 22.140509 0.4559583 0.19504273 3.7348033e-10 4.8197963e-11 4.459627751555468e-09 "" "" "" ""
J0709.7-0255 107.4451 -2.9301 1.472 LogParabola 941.107 2.8962388e-12 2.318745 3.1419036e-12 2.2506595 0.07007084 fsrq LSP 270.02664 0.6769121 0.1501978 2.019922e-09 9.264949e-11 3.2448628188127495e-08 "" "" "" ""
J0710.4+5908 107.6234 59.1352 0.125 LogParabola 3382.1746 4.2558147e-14 1.6911384 4.7123167e-14 1.553631 0.07253964 bll HSP 35.25338 0.41293478 0.12213288 4.771978e-10 3.6484774e-11 1.3456949748736282e-09 "" "" "" ""
J0710.8-3851 107.7245 -38.8513 0.129 LogParabola 1001.71204 8.029102e-13 2.515443 9.880365e-13 2.5539331 0.17860949 fsrq LSP 118.98386 0.7906334 0.1843933 5.702412e-10 5.2347238e-11 1.3495370516822349e-08 "" "" "" ""
J0710.9+4733 107.7323 47.553 1.292 LogParabola 610.79047 1.7004295e-12 2.615015 1.9729164e-12 2.5025735 0.14962403 bll LSP 80.649185 0.7356531 0.18060951 3.0718864e-10 3.6300005e-11 9.477006080632828e-09 "" "" "" ""
J0712.4+5724 108.1247 57.4098 0.095 PowerLaw 9774.084 1.1242608e-15 1.8266602 1.4554424e-15 1.696093 0.16338798 bll "" 16.149748 0.8523539 0.5090277 8.55793e-11 3.024675e-11 5.390983341161763e-10 "" "" "" ""
J0712.5+3311 108.1476 33.1893 -inf PowerLaw 3925.1396 6.100378e-15 2.0754073 6.707537e-15 0.68789005 0.80063504 bcu "" 10.366653 0.0 10.0 9.6224535e-11 2.7511129e-11 1.0145687002442705e-09 "" "" "" ""
J0712.7+5033 108.1876 50.5506 0.502 LogParabola 820.387 2.2617132e-12 2.2157116 2.344793e-12 2.1674109 0.034783106 bll LSP 137.799 0.41072485 0.09570941 1.232473e-09 5.4868502e-11 1.961227165094812e-08 "" "" "" ""
J0713.0+5738 108.2598 57.6345 -inf LogParabola 687.83295 1.1303603e-12 2.4472177 1.2575646e-12 2.3413517 0.09593728 bcu ISP 164.48378 1.7756547 0.39081246 3.3764894e-10 3.9145756e-11 6.296388863772307e-09 "" "" "" ""
J0713.5+2537 108.3756 25.6317 -inf LogParabola 1883.4048 5.766465e-14 2.2019043 7.513953e-14 1.8781394 0.30223098 bcu "" 9.939978 0.0 10.0 2.2620891e-10 3.9892954e-11 7.594067560637413e-10 "" "" "" ""
J0713.8+1935 108.4647 19.5879 0.54 LogParabola 611.7157 6.4760593e-12 2.371873 7.2270033e-12 2.238047 0.11638894 fsrq LSP 819.04095 1.117072 0.24108285 1.5638894e-09 7.214031e-11 2.7989191422254052e-08 "" "" "" ""
J0714.4+1110 108.621 11.1811 -inf PowerLaw 2161.559 4.5802144e-14 2.1705565 5.523572e-14 2.0469146 0.1535251 bcu "" 17.529713 0.35278133 0.32972515 2.0760942e-10 3.557792e-11 2.6658405457681805e-09 "" "" "" ""
J0715.3-6828 108.8281 -68.4827 -inf PowerLaw 2418.1875 2.7312892e-14 2.2341313 2.9039447e-14 2.2140033 0.037342116 bcu "" 15.604732 0.45042136 0.3418703 1.5863992e-10 2.9837834e-11 2.32299971401774e-09 "" "" "" ""
J0715.6-4528 108.9168 -45.4784 -inf PowerLaw 1342.499 2.6981e-13 2.3144364 2.7779688e-13 2.309245 0.017750552 bll ISP 16.04823 0.21371837 0.14588746 4.0502385e-10 3.9890587e-11 6.99784555787285e-09 "" "" "" ""
J0717.7-5519 109.4359 -55.3198 -inf LogParabola 3430.874 1.7541942e-14 1.962552 2.2294891e-14 1.7062161 0.21657458 bcu HSP 10.295144 0.0 10.0 2.0531905e-10 3.628666e-11 4.6430963213855406e-10 "" "" "" ""
J0718.0+4536 109.5159 45.6163 0.94 LogParabola 643.1043 3.0184058e-12 2.4261918 3.6113857e-12 2.2529738 0.19151476 fsrq LSP 230.27907 0.76387745 0.17070132 7.8810297e-10 4.914652e-11 1.3977854921975952e-08 "" "" "" ""
J0718.6-4319 109.6719 -43.3287 -999.0 LogParabola 1464.124 9.87162e-13 1.9614308 1.0849222e-12 1.826972 0.08703472 bll ISP 15.420535 0.07203071 0.05186632 2.3179154e-09 8.004158e-11 1.3212047610271924e-08 "" "" "" ""
J0719.1-7055 109.78 -70.9268 0.339 PowerLaw 3097.6257 1.800554e-14 2.0918965 2.2943309e-14 1.9601003 0.18365723 bll "" 10.032558 0.0 10.0 1.7443996e-10 3.141794e-11 1.9032139655884702e-09 "" "" "" ""
J0719.3+3307 109.84 33.1232 0.779 LogParabola 723.9595 8.185278e-12 2.1892316 9.1607095e-12 2.0636249 0.10781891 fsrq LSP 1061.2396 0.7156194 0.1539528 3.6174272e-09 9.242215e-11 4.199950464513983e-08 0.3762006645437943 0.02111879339709368 0.6133519907392445 0.017215883958932116
J0719.7-4012 109.9252 -40.2141 3.7e-05 PowerLaw 1840.9896 1.7213223e-13 2.2211504 1.8339133e-13 2.1931484 0.04155461 bll "" 3.434742 0.0 10.0 5.449509e-10 4.797616e-11 7.768847655989587e-09 "" "" "" ""
J0720.0-3507 110.0044 -35.1226 -inf PowerLaw 1371.7484 1.815638e-13 2.4091005 1.9817905e-13 2.4304388 0.053741116 bcu LSP 70.12745 1.3634502 0.33969596 2.7560693e-10 4.2650404e-11 5.78235982161678e-09 "" "" "" ""
J0720.0-6237 110.0183 -62.6173 -inf LogParabola 461.4901 2.4829127e-12 2.9554098 3.4725066e-12 3.204185 0.40515867 bcu LSP 21.121565 0.29036593 0.17219807 7.446092e-11 4.374097e-11 1.2687080587189383e-08 "" "" "" ""
J0721.3-0222 110.3253 -2.3687 -inf PowerLaw 5795.6963 6.287971e-15 1.8751018 6.53792e-15 1.8475282 0.023565665 bll "" 9.859727 0.0 10.0 1.9038111e-10 4.1986012e-11 1.325358916774544e-09 "" "" "" ""
J0721.3+0405 110.3475 4.0914 0.665 LogParabola 501.77975 8.128071e-12 2.5444343 9.425712e-12 2.4065804 0.147207 fsrq LSP 136.42732 0.5775843 0.13298795 9.479052e-10 6.485181e-11 2.7030798168116274e-08 "" "" "" ""
J0721.9+7120 110.4882 71.3405 -999.0 LogParabola 1510.6252 1.0229489e-11 2.064255 1.1306767e-11 2.0564187 0.058452565 BLL ISP 2863.5242 0.31229538 0.066829555 2.3663423e-08 1.9332673e-10 2.270481918296998e-07 0.4336582140757044 0.006753309408158945 0.6585273070083764 0.0051275849431654955
J0722.7+3606 110.6803 36.1137 0.365 PowerLaw 794.57104 4.2933203e-13 2.575578 5.0994956e-13 2.480831 0.14200035 bcu LSP 16.812986 0.43103522 0.262813 1.5066941e-10 2.77417e-11 4.43685328988125e-09 "" "" "" ""
J0723.0-0732 110.7523 -7.5441 -inf PowerLaw 2589.2542 8.570472e-14 2.129503 8.54036e-14 2.1304963 -0.001373063 bll HSP 13.246231 0.15794829 0.19759575 5.723678e-10 5.8096652e-11 6.75083478157532e-09 "" "" "" ""
J0723.4+5841 110.856 58.6986 -inf LogParabola 15457.051 4.0222122e-16 1.6497614 8.5937554e-16 1.5766776 0.8487839 bll "" 13.660012 0.0 10.0 2.8103287e-11 1.0361238e-11 2.812871280124321e-11 "" "" "" ""
J0723.5+2900 110.8852 29.0075 0.966 PowerLaw 587.6555 8.5090084e-13 2.6767676 1.0103738e-12 2.479246 0.17093271 fsrq LSP 52.20106 1.0729648 0.30273977 1.2230077e-10 2.8639624e-11 4.418425196615859e-09 "" "" "" ""
J0723.7+2050 110.949 20.8373 -999.0 PowerLaw 4704.781 1.4118678e-14 1.8411038 1.40581635e-14 1.8413852 -0.0025613776 bll HSP 15.220042 0.2622388 0.22070825 2.8450625e-10 3.852429e-11 1.8463710599550993e-09 "" "" "" ""
J0725.2+1425 111.324 14.4212 1.038 LogParabola 588.163 1.5515447e-11 2.28147 1.6799824e-11 2.1870177 0.077004954 FSRQ LSP 2349.627 1.1580906 0.24773538 3.748372e-09 9.9281854e-11 6.068982079323168e-08 0.9703747306890194 0.03372841037919675 0.9850760024937261 0.017119699542884545
J0725.5+0216 111.3901 2.2749 -inf LogParabola 1985.8585 1.4347391e-13 2.0604784 1.6305597e-13 1.9301447 0.10761638 bcu "" 24.516922 0.35129607 0.13815588 5.9763183e-10 5.8041277e-11 3.3857335930810883e-09 "" "" "" ""
J0725.5-0504 111.3911 -5.0747 -inf PowerLaw 5602.4917 6.497403e-15 1.9981827 6.16694e-15 2.0021813 -0.022716004 bcu "" 9.059374 0.0 10.0 2.0165478e-10 4.806344e-11 1.811525445800069e-09 "" "" "" ""
J0725.6-3530 111.4194 -35.5009 -inf PowerLaw 5085.8545 6.7324724e-15 2.0611691 6.702379e-15 2.0560203 0.0005317663 bcu "" 19.63464 0.655901 0.39195982 1.7993869e-10 4.3964075e-11 1.8420355674292936e-09 "" "" "" ""
J0725.8-0054 111.4698 -0.9134 0.128 PowerLaw 2081.5244 2.228687e-13 2.066964 2.1709705e-13 2.0799809 -0.014597616 bcu LSP 29.109297 0.28814206 0.09418227 9.437768e-10 5.7645354e-11 1.1092158597490723e-08 "" "" "" ""
J0726.1+8114 111.5495 81.2398 -inf PowerLaw 6091.9614 1.665477e-15 1.8308798 2.2238261e-15 1.8547672 0.19517271 bcu "" 9.309329 0.0 10.0 5.3614585e-11 1.7658324e-11 3.406885867033573e-10 "" "" "" ""
J0726.4-4727 111.6131 -47.4589 1.686 LogParabola 1086.8484 1.0563038e-12 2.4813964 1.2361507e-12 2.4753249 0.12302325 fsrq LSP 107.271484 0.5768305 0.13590081 9.504075e-10 6.6233276e-11 2.074430562206927e-08 "" "" "" ""
J0727.1+3734 111.7785 37.5719 0.57 PowerLaw 5418.4663 3.2127487e-15 1.9296122 2.7337387e-15 -0.048980314 0.9990477 bll ISP 12.706378 0.0 10.0 8.885705e-11 2.6675473e-11 6.924528063327941e-10 "" "" "" ""
J0727.4+5325 111.8687 53.4307 -inf PowerLaw 785.87006 4.0421502e-13 2.619487 4.587756e-13 2.5521827 0.1194678 bcu LSP 6.7531404 0.0 10.0 1.327585e-10 2.4414101e-11 4.2727415376203115e-09 "" "" "" ""
J0728.0-4740 112.0165 -47.6699 2.282 PowerLaw 5028.513 5.75565e-15 2.158262 7.796832e-15 1.5072556 0.53368396 fsrq LSP 7.0867553 0.0 10.0 1.6150374e-10 4.990839e-11 2.0217260583642107e-09 "" "" "" ""
J0728.0+6735 112.0212 67.5991 0.846 PowerLaw 481.47787 2.09103e-12 2.8425 2.272703e-12 2.8114562 0.08009012 bcu LSP 18.91664 0.28260195 0.1439431 1.4218442e-10 2.2863081e-11 7.1604852882755065e-09 "" "" "" ""
J0728.2+4827 112.0512 48.4594 -inf PowerLaw 1614.0374 9.153823e-14 2.3351107 9.060336e-14 2.3375769 -0.0035687925 bll ISP 14.966939 0.26792538 0.26058424 2.093134e-10 3.038818e-11 3.773405822148529e-09 "" "" "" ""
J0728.5+6128 112.1421 61.4796 -inf LogParabola 657.9821 8.327035e-13 2.5744002 1.1022808e-12 2.4204648 0.29220185 bcu "" 12.318249 0.1407189 0.2688923 1.9656453e-10 3.0432885e-11 4.294224730415437e-09 "" "" "" ""
