4LAC_variability_analysis/resulting_catalogs/variability_3days_agn_pop_4lac_dr3.ecsv
# %ECSV 1.0
# ---
# datatype:
# - {name: Source_Name, datatype: string}
# - {name: RAJ2000, datatype: float32}
# - {name: DEJ2000, datatype: float32}
# - {name: Redshift, datatype: float64}
# - {name: SpectrumType, datatype: string}
# - {name: Pivot_Energy, datatype: float32}
# - {name: PL_Flux_Density, datatype: float32}
# - {name: PL_Index, datatype: float32}
# - {name: LP_Flux_Density, datatype: float32}
# - {name: LP_Index, datatype: float32}
# - {name: LP_beta, datatype: float32}
# - {name: CLASS, datatype: string}
# - {name: SED_class, datatype: string}
# - {name: Variability_Index, datatype: float32}
# - {name: Frac_Variability, datatype: float32}
# - {name: Unc_Frac_Variability, datatype: float32}
# - {name: Flux1000, datatype: float32}
# - {name: Unc_Flux1000, datatype: float32}
# - {name: Spectrum_Flux_Estimated, datatype: float64}
# - {name: Norm_Excess_Variance_Estimated, datatype: float64}
# - {name: Unc_Norm_Excess_Variance_Estimated, datatype: float64}
# - {name: Frac_Variability_Estimated, datatype: float64}
# - {name: Unc_Frac_Variability_Estimated, datatype: float64}
# schema: astropy-2.0
Source_Name RAJ2000 DEJ2000 Redshift SpectrumType Pivot_Energy PL_Flux_Density PL_Index LP_Flux_Density LP_Index LP_beta CLASS SED_class Variability_Index Frac_Variability Unc_Frac_Variability Flux1000 Unc_Flux1000 Spectrum_Flux_Estimated Norm_Excess_Variance_Estimated Unc_Norm_Excess_Variance_Estimated Frac_Variability_Estimated Unc_Frac_Variability_Estimated
[from data line 2172]
J1300.4+1416 195.1195 14.2701 1.108552 LogParabola 390.84073 8.214186e-12 2.653706 9.296393e-12 2.520974 0.13885656 fsrq LSP 55.930813 0.44091162 0.11611943 4.0174203e-10 4.0892553e-11 1.6757323141113197e-08 "" "" "" ""
J1301.5+4413 195.3982 44.2279 0.435 PowerLaw 2380.145 2.7665089e-14 2.100191 2.7044734e-14 2.1121461 -0.0135950195 bll ISP 23.66419 0.45121387 0.23114279 1.54437e-10 2.457015e-11 1.7141914697679456e-09 "" "" "" ""
J1301.6+4056 195.4014 40.9484 0.652 PowerLaw 2840.8682 1.8223492e-14 1.9715917 2.3027426e-14 1.8388314 0.16792455 bll LSP 22.198612 0.5960776 0.2835938 1.4529936e-10 2.391644e-11 1.2352356750488217e-09 "" "" "" ""
J1301.6+3336 195.4176 33.6097 1.0084 PowerLaw 916.76764 3.71167e-13 2.5578847 4.0877474e-13 2.4917936 0.103350826 fsrq LSP 39.586395 0.629681 0.18601178 1.9070182e-10 2.6398727e-11 5.417819133266866e-09 "" "" "" ""
J1302.3+6901 195.5882 69.033 0.567 PowerLaw 580.6503 6.6256625e-13 2.7360368 7.4050217e-13 2.6788995 0.10261656 bcu "" 35.860893 0.801782 0.25308147 8.6262435e-11 1.754837e-11 3.5108624696250767e-09 "" "" "" ""
J1302.7+4750 195.687 47.8495 0.14 PowerLaw 537.5984 7.4835613e-13 2.8365884 6.7561413e-13 2.8602498 -0.08205474 bll "" 8.432811 0.0 10.0 7.009525e-11 2.2228924e-11 3.4886574830275275e-09 "" "" "" ""
J1302.8+5748 195.7209 57.8146 1.088 PowerLaw 1440.5267 1.7624136e-13 2.247641 1.7386536e-13 2.2571385 -0.009691011 bll LSP 41.866257 0.44242293 0.12738004 3.199252e-10 2.7013948e-11 4.81714772284709e-09 "" "" "" ""
J1303.0+2434 195.7571 24.5821 0.993 LogParabola 860.2145 2.7233038e-12 2.186331 2.9098072e-12 2.0807223 0.076983474 bll LSP 264.0485 0.5345164 0.11881581 1.7390461e-09 6.71408e-11 1.992409835304492e-08 "" "" "" ""
J1303.6-4622 195.9238 -46.3675 1.664 LogParabola 1672.9215 1.5106602e-13 2.2154686 1.8834493e-13 2.0974817 0.1745891 fsrq LSP 69.66454 0.8999967 0.2266229 4.5139345e-10 5.0475582e-11 3.1018158742538524e-09 "" "" "" ""
J1304.0-5539 196.0049 -55.6515 -inf PowerLaw 957.86926 6.449488e-13 2.707878 6.161391e-13 2.6929262 -0.026516307 bcu LSP 30.61255 0.45933962 0.15358862 3.3613168e-10 5.084134e-11 1.7158593343303553e-08 "" "" "" ""
J1304.0+3704 196.0075 37.071 0.425 PowerLaw 987.48975 3.0077308e-13 2.4827483 3.2053692e-13 2.4544337 0.055245373 bll LSP 24.188059 0.42741853 0.17891724 1.9647127e-10 2.7575645e-11 4.790971660492647e-09 "" "" "" ""
J1304.2-2412 196.0517 -24.2103 -inf LogParabola 2139.7747 1.2746161e-13 1.9969305 1.4042034e-13 1.8570014 0.08976358 bll "" 7.9895144 0.0 10.0 6.1047106e-10 5.425576e-11 3.1139753792200883e-09 "" "" "" ""
J1304.3-4353 196.0883 -43.8957 -999.0 LogParabola 1900.6392 6.163118e-13 1.8871831 6.7579547e-13 1.7504214 0.08159507 bll HSP 109.63452 0.3618383 0.08537886 2.4492341e-09 8.5882725e-11 1.1267843864416075e-08 "" "" "" ""
J1304.6-0348 196.1718 -3.8139 1.25 LogParabola 1989.2683 2.969723e-14 2.1895556 4.7972114e-14 1.8922684 0.586088 fsrq LSP 33.063316 1.6615753 0.58328646 1.4531301e-10 3.7096434e-11 3.0669415597995457e-10 "" "" "" ""
J1304.9-2107 196.2262 -21.1311 -inf PowerLaw 1749.4039 1.1776715e-13 2.3058887 1.205073e-13 2.2919927 0.016275803 bcu "" 2.919446 0.0 10.0 3.2678796e-10 4.14284e-11 5.547726519354269e-09 "" "" "" ""
J1305.3+5118 196.3258 51.3097 0.787552 PowerLaw 494.09637 1.0584735e-12 2.8119774 1.3310997e-12 2.8037026 0.2619994 nlsy1 LSP 17.960268 0.5378914 0.2674039 8.0479685e-11 2.0762071e-11 3.81345490866586e-09 "" "" "" ""
J1305.6+7853 196.4126 78.8923 -inf PowerLaw 1578.2427 1.4618368e-13 2.2370713 1.5407066e-13 2.1909285 0.045307413 bll LSP 12.42509 0.07780685 0.22867748 3.2695865e-10 2.73709e-11 4.81686228024735e-09 "" "" "" ""
J1305.9+3858 196.4776 38.9759 -inf PowerLaw 2086.0771 2.1976576e-14 2.179418 2.409795e-14 2.1355553 0.06046758 bll HSP 17.81698 0.30301765 0.5540384 9.21405e-11 2.1521904e-11 1.2050289418881272e-09 "" "" "" ""
J1306.3+1113 196.5992 11.229 0.085704 PowerLaw 5618.1387 4.8440883e-15 1.8633472 4.8027403e-15 1.8615328 -0.0012950905 rdg "" 14.378947 0.0 10.0 1.372808e-10 3.1657794e-11 9.327660478550692e-10 "" "" "" ""
J1306.7-2148 196.6988 -21.8094 0.126 LogParabola 1918.5636 1.3189863e-13 2.126639 1.618875e-13 1.8556293 0.23941186 rdg LSP 16.954947 0.27384537 0.15371278 5.2203847e-10 5.4729436e-11 1.912491773351181e-09 "" "" "" ""
J1307.6-4259 196.9096 -42.995 -999.0 PowerLaw 2770.2307 2.2130041e-13 1.9261792 2.3288457e-13 1.8923177 0.030950833 bll HSP 29.009914 0.18054658 0.06136651 1.6771611e-09 6.9083975e-11 1.4298508460920077e-08 "" "" "" ""
J1308.4-6706 197.1104 -67.1081 -inf LogParabola 1588.5967 3.97376e-13 2.3403757 4.5475814e-13 2.235572 0.12619895 bcu LSP 133.70279 0.86048394 0.19981207 9.627625e-10 7.6310985e-11 1.0555088705370504e-08 "" "" "" ""
J1308.5+3547 197.1286 35.7918 1.055 LogParabola 712.50256 2.572277e-12 2.333917 3.080821e-12 2.1571 0.21009248 fsrq LSP 326.32715 0.8273898 0.18181135 9.396103e-10 4.944632e-11 1.2705121893847733e-08 "" "" "" ""
J1309.4+4305 197.3626 43.085 0.694 LogParabola 1375.566 7.3629546e-13 1.9079357 8.0983793e-13 1.7641357 0.086652815 bll ISP 37.28269 0.18465349 0.056750983 1.5966605e-09 6.0672356e-11 7.982481618060375e-09 "" "" "" ""
J1309.6+3718 197.4205 37.3098 -inf PowerLaw 6865.257 1.7799972e-15 1.8110223 1.6888223e-15 1.8068625 -0.022892453 bcu "" 6.501697 0.0 10.0 7.016932e-11 2.2067487e-11 4.28023221887289e-10 "" "" "" ""
J1309.7+1153 197.4377 11.8969 -inf PowerLaw 1427.1921 2.920908e-13 2.2143896 3.1684022e-13 2.1744852 0.059337694 bll LSP 10.891691 0.0 10.0 5.2691246e-10 4.3269735e-11 7.407544626210839e-09 "" "" "" ""
J1310.1-0450 197.5428 -4.8433 -inf PowerLaw 1722.3158 4.918768e-14 2.5111 4.8282193e-14 2.5149856 -0.008511335 bcu LSP 19.72884 0.46512628 0.42328098 1.2741831e-10 3.0662684e-11 3.2917378800023683e-09 "" "" "" ""
J1310.2-1158 197.5732 -11.9734 0.14 PowerLaw 2491.3992 7.019491e-14 2.025376 7.3656745e-14 1.9984311 0.028252512 bll HSP 9.264915 0.0 10.0 4.310923e-10 4.1320693e-11 4.0973486047368925e-09 "" "" "" ""
J1310.5+3221 197.6324 32.3547 0.997 LogParabola 2158.7446 6.789641e-13 2.3017867 7.637574e-13 2.4003425 0.06768679 fsrq LSP 897.96747 0.76263285 0.16440342 3.3516097e-09 1.2258368e-10 5.851141797881423e-08 0.6191197717505958 0.022110500959681385 0.7868416433759692 0.014050159359140916
J1310.6+2449 197.6525 24.8323 0.226 PowerLaw 3295.2004 2.3393805e-14 1.9549481 2.2669116e-14 1.9743565 -0.015914906 bll "" 13.812729 0.22257484 0.23056056 2.490274e-10 3.1609614e-11 2.0452542779162003e-09 "" "" "" ""
J1310.7-5553 197.6837 -55.8867 0.104 LogParabola 872.6784 6.7042194e-13 2.718759 1.0094784e-12 2.4857264 0.5947276 bcu HSP 75.72479 1.1295857 0.28269354 3.352171e-10 6.288776e-11 4.411747780555037e-09 "" "" "" ""
J1310.9+5514 197.7291 55.2497 0.9245 PowerLaw 870.14746 4.620644e-13 2.498202 4.720314e-13 2.481083 0.022936063 fsrq "" 21.629261 0.31309924 0.13413145 2.1775116e-10 2.45397e-11 5.479671518021792e-09 "" "" "" ""
J1311.0+0034 197.751 0.5675 0.002307 PowerLaw 3488.203 3.2382517e-14 2.0765436 3.131333e-14 2.0866644 -0.018824022 bll ISP 16.32512 0.26380002 0.20992766 3.9998369e-10 5.18503e-11 4.227280999052761e-09 "" "" "" ""
J1311.0+3233 197.7598 32.5565 1.639 LogParabola 2097.7502 1.7967743e-13 2.4578788 2.3074479e-13 2.2472072 0.2575464 fsrq LSP 88.06266 0.8843892 0.21625602 8.717132e-10 1.028911e-10 5.1293533223838235e-09 "" "" "" ""
J1311.8+3954 197.9598 39.901 -inf PowerLaw 3365.4084 8.800141e-15 2.0322993 9.205133e-15 1.9984474 0.028610796 bll LSP 8.772559 0.0 10.0 9.956508e-11 2.2551414e-11 9.600111618717224e-10 "" "" "" ""
J1311.8+2057 197.9666 20.9585 -inf PowerLaw 241.28203 8.553043e-12 3.152549 7.665135e-12 3.2011342 -0.08826207 bcu "" 14.082189 0.3391501 0.29573524 4.4966433e-11 2.2369512e-11 4.1787763004007165e-09 "" "" "" ""
J1312.4-2156 198.1108 -21.938 1.491 LogParabola 1330.636 1.1475336e-12 2.0417125 1.3177665e-12 1.8674401 0.13206457 bll HSP 289.9716 0.6903063 0.15214363 2.1897255e-09 8.593339e-11 1.2802665839677419e-08 "" "" "" ""
J1312.6-1900 198.1587 -19.0164 0.63 PowerLaw 5106.195 5.931622e-15 1.9029381 5.957531e-15 1.9051366 0.004132072 bcu "" 14.55418 0.0 10.0 1.4394633e-10 3.5305828e-11 1.0614815346834753e-09 "" "" "" ""
J1312.6+4828 198.1694 48.4701 0.638 LogParabola 824.5931 3.3597521e-12 2.1601832 3.5340834e-12 2.0695424 0.0599869 bcu LSP 3892.9688 2.291977 0.4893227 1.9908144e-09 6.3790605e-11 2.283535747557497e-08 "" "" "" ""
J1312.8-2350 198.2043 -23.8456 -999.0 LogParabola 3070.9507 6.0499484e-14 1.8382043 6.736161e-14 1.6798275 0.091462076 bll HSP 10.764534 0.013833928 1.6043046 5.683832e-10 5.411694e-11 1.897108828107467e-09 "" "" "" ""
J1312.8-0425 198.217 -4.4196 0.8249 LogParabola 871.3989 2.9221439e-12 2.3649096 3.4733102e-12 2.267123 0.18303515 fsrq LSP 544.1315 0.82578754 0.17955302 1.6546534e-09 7.171002e-11 2.4317818624373606e-08 "" "" "" ""
J1314.7-0901 198.6865 -9.0322 -inf PowerLaw 6079.3853 3.3529306e-15 1.8387039 4.4160685e-15 1.7090852 0.1751037 bcu HSP 21.204617 0.546802 0.35664162 1.08126334e-10 3.0394933e-11 6.982478040294262e-10 "" "" "" ""
J1314.7+2348 198.6879 23.8124 -inf LogParabola 1171.1335 9.351977e-13 2.0362117 1.008137e-12 1.9096957 0.07935248 bll ISP 37.45344 0.23154698 0.068399355 1.3264831e-09 6.080792e-11 9.694187197530212e-09 "" "" "" ""
J1315.0-4236 198.7678 -42.6113 0.105 PowerLaw 6729.241 1.0501669e-14 1.7647128 1.1272493e-14 1.72222 0.035975065 bll HSP 16.414032 0.3271756 0.16408323 3.8539028e-10 4.726655e-11 2.137719767952777e-09 "" "" "" ""
J1315.1-5333 198.7978 -53.5649 -inf LogParabola 1317.4684 1.1725869e-12 2.4118388 1.3629627e-12 2.3598938 0.14638534 bll LSP 277.10663 0.84847236 0.18729804 1.7693794e-09 8.8540786e-11 2.578537160309946e-08 0.10663435964262961 0.017494096036720735 0.32654916879794627 0.026786312305001277
J1315.4+8453 198.8673 84.8871 -inf PowerLaw 1013.542 1.9000082e-13 2.5371032 2.0564967e-13 2.458023 0.073326714 bcu LSP 12.28687 0.18649192 0.39067802 1.2784752e-10 2.5082169e-11 3.482100494250287e-09 "" "" "" ""
J1315.5+1135 198.891 11.593 0.73 LogParabola 3108.0413 2.6098567e-14 1.8773526 3.1414382e-14 1.6363956 0.16001597 bll HSP 14.0096855 0.19372877 0.3294457 2.55274e-10 3.9992416e-11 6.449345672947002e-10 "" "" "" ""
J1315.9-0732 198.9866 -7.546 -inf LogParabola 2089.8103 1.0881841e-13 1.9429656 1.3083111e-13 1.7501317 0.14933132 bll HSP 70.68979 0.8358144 0.20572384 5.3349286e-10 5.0234913e-11 1.9565379651320816e-09 "" "" "" ""
J1315.9-6349 198.9926 -63.8294 -inf PowerLaw 2588.1365 9.0303246e-14 2.524254 8.874049e-14 2.5176275 -0.008324308 bcu "" 27.71793 0.74508536 0.26018247 6.5301603e-10 1.2182862e-10 2.1853936999176037e-08 "" "" "" ""
J1316.1-3338 199.0252 -33.6365 1.21 LogParabola 842.20624 4.13175e-12 2.3241017 4.3934322e-12 2.2587929 0.061241537 fsrq LSP 677.63403 0.88829917 0.19193487 2.1796933e-09 8.0882516e-11 3.717341681624876e-08 "" "" "" ""
J1316.5+3013 199.1447 30.2261 0.375 PowerLaw 3056.282 8.4743885e-15 2.0391107 1.1687269e-14 1.3274745 0.66361463 bcu "" 5.959256 0.0 10.0 7.8931764e-11 2.0885528e-11 7.71892529400074e-10 "" "" "" ""
J1317.1+6613 199.2822 66.222 -inf PowerLaw 1258.9944 6.819941e-14 2.501649 6.2678256e-14 2.5066466 -0.04281205 bcu LSP 11.337759 0.0 10.0 8.0757324e-11 1.7964807e-11 2.0465536308764115e-09 "" "" "" ""
J1317.6+3428 199.4008 34.4676 1.05 PowerLaw 826.3955 9.293037e-13 2.508091 9.930667e-13 2.4725385 0.065731354 fsrq LSP 142.31038 0.82928675 0.190344 3.817591e-10 3.303413e-11 1.2310193992813843e-08 "" "" "" ""
J1317.6+7450 199.4106 74.8383 -inf PowerLaw 1893.3032 3.22794e-14 2.2103145 4.049491e-14 2.0057375 0.20046754 bcu ISP 12.013063 0.09862577 0.728404 1.0895163e-10 1.9134494e-11 1.5188471727307097e-09 "" "" "" ""
J1318.1-1740 199.5372 -17.6777 -inf LogParabola 1771.9336 7.120234e-14 2.218831 9.4341635e-14 2.1366322 0.21547757 bcu "" 15.2268915 0.258352 0.40624827 2.502655e-10 4.3929336e-11 1.5864665370624073e-09 "" "" "" ""
J1318.2+6754 199.5558 67.9152 -inf LogParabola 1647.0779 6.661129e-14 2.1647806 8.044647e-14 1.9713173 0.19542019 bcu LSP 88.06897 1.0520401 0.25693622 1.9034947e-10 2.4385235e-11 1.016472519954913e-09 "" "" "" ""
J1318.7-1234 199.6936 -12.581 -inf LogParabola 1544.5978 2.568064e-13 2.115933 2.8670932e-13 2.0166352 0.092402846 bcu LSP 18.834553 0.20927453 0.12303364 6.215184e-10 5.2526854e-11 4.701337318177012e-09 "" "" "" ""
J1319.5-0045 199.8773 -0.7613 0.890996 PowerLaw 964.2347 4.3106122e-13 2.4216313 4.5866083e-13 2.3938398 0.042984102 bcu LSP 51.715122 0.6946251 0.19243106 2.7732122e-10 3.564337e-11 5.969380209790375e-09 "" "" "" ""
J1319.5+1404 199.8979 14.0708 0.573 PowerLaw 3089.1553 2.5007818e-14 2.013389 2.9244263e-14 1.8233677 0.13817225 bll ISP 22.931824 0.567346 0.23300914 2.368729e-10 3.3688913e-11 2.1960873508247847e-09 "" "" "" ""
J1319.8+7759 199.9658 77.9882 -999.0 PowerLaw 2277.1091 7.006124e-14 2.0496154 6.9118146e-14 2.0556457 -0.007826055 bll ISP 35.318623 0.4214771 0.12742528 3.5773687e-10 2.7909949e-11 3.5754518667148786e-09 "" "" "" ""
J1320.7+3314 200.1854 33.2378 0.923783 PowerLaw 916.7181 2.891462e-13 2.5958824 3.4554103e-13 2.5065699 0.20149244 fsrq ISP 49.919716 0.98437804 0.2706116 1.4454571e-10 2.5388719e-11 4.435214355169731e-09 "" "" "" ""
J1321.1+2216 200.2958 22.2808 0.943 LogParabola 680.3629 6.2329955e-12 2.3481383 6.633851e-12 2.2720602 0.069264926 fsrq LSP 366.49 0.57659274 0.1259572 1.930576e-09 6.9873676e-11 3.576802436646402e-08 "" "" "" ""
J1321.3-2641 200.3318 -26.6996 2.027 PowerLaw 1037.71 2.2637626e-13 2.5272639 2.05126e-13 2.5483136 -0.057794724 fsrq LSP 10.874801 0.0 10.0 1.6268385e-10 3.16834e-11 4.343215917678977e-09 "" "" "" ""
J1321.9+3219 200.4801 32.3313 -inf PowerLaw 2018.5677 4.845755e-14 2.1696088 4.977387e-14 2.1555147 0.018235324 bll "" 36.76794 0.84802383 0.25865272 1.8934741e-10 2.911837e-11 2.4265822746907097e-09 "" "" "" ""
J1322.0+8317 200.5015 83.2845 1.024 PowerLaw 1191.8658 2.0145435e-13 2.403438 2.3239334e-13 2.2817385 0.13264264 fsrq LSP 109.10944 1.1547818 0.2726449 2.1860862e-10 2.6762965e-11 4.533668862567769e-09 "" "" "" ""
J1322.2+0842 200.551 8.7036 0.32549 PowerLaw 1790.4749 9.53709e-14 2.1484103 1.0802957e-13 2.0450866 0.096389614 fsrq LSP 34.532482 0.6099185 0.19527215 2.8887068e-10 3.477401e-11 3.5431358763104147e-09 "" "" "" ""
J1322.3-0606 200.5867 -6.1057 -inf LogParabola 2265.2273 5.3142596e-14 2.026203 7.409423e-14 1.7635505 0.31797928 bcu LSP 10.5542 0.0 10.0 3.1705608e-10 4.2224124e-11 7.841475134598635e-10 "" "" "" ""
J1322.6-0936 200.6637 -9.6075 1.864 LogParabola 438.41354 8.040046e-12 2.60988 9.151308e-12 2.4359677 0.16331188 fsrq LSP 429.5244 1.0314845 0.22553174 5.886084e-10 4.750893e-11 1.9698650743550453e-08 "" "" "" ""
J1322.6-1418 200.6681 -14.3078 -inf PowerLaw 3316.3845 1.0839043e-14 2.0749464 1.3252423e-14 2.023639 0.1217768 bcu "" 7.212368 0.0 10.0 1.204925e-10 3.1334157e-11 1.2692310115966525e-09 "" "" "" ""
J1322.6-1617 200.6738 -16.2904 -inf PowerLaw 2806.0608 2.5310896e-14 2.066998 3.1223762e-14 1.9190097 0.17067963 bcu LSP 13.142626 0.28417927 0.35378563 1.9872251e-10 3.4123534e-11 2.0590648967589757e-09 "" "" "" ""
J1322.9+0437 200.7372 4.6308 0.224 LogParabola 3853.4226 1.1223226e-14 1.8959392 1.7669981e-14 1.4604847 0.5406157 bll HSP 14.167965 0.18717112 0.9389145 1.5051047e-10 3.9341107e-11 1.809686907102312e-10 "" "" "" ""
J1323.0+2941 200.7616 29.6871 -999.0 LogParabola 1029.3147 1.4406277e-12 2.1846976 1.5292251e-12 2.132108 0.051345035 bcu LSP 16.506138 0.09531115 0.05960031 1.3433912e-09 5.9606535e-11 1.6863284048164402e-08 "" "" "" ""
J1323.9+1405 200.9762 14.0871 0.47 LogParabola 2472.0933 7.938369e-14 1.87747 9.208695e-14 1.6675606 0.13326083 bll HSP 27.918558 0.42172167 0.14313927 5.196757e-10 4.728986e-11 1.6232657682218662e-09 "" "" "" ""
J1324.0-4330e 201.0 -43.5 -inf LogParabola 773.10583 1.1205058e-11 2.5172162 1.2108199e-11 2.5431106 0.0904851 RDG "" 12.9651 0.036074355 0.059326064 3.7002106e-09 1.7694883e-10 1.158828903902106e-07 "" "" "" ""
