4LAC_variability_analysis/resulting_catalogs/variability_3days_agn_pop_4lac_dr3.ecsv
# %ECSV 1.0
# ---
# datatype:
# - {name: Source_Name, datatype: string}
# - {name: RAJ2000, datatype: float32}
# - {name: DEJ2000, datatype: float32}
# - {name: Redshift, datatype: float64}
# - {name: SpectrumType, datatype: string}
# - {name: Pivot_Energy, datatype: float32}
# - {name: PL_Flux_Density, datatype: float32}
# - {name: PL_Index, datatype: float32}
# - {name: LP_Flux_Density, datatype: float32}
# - {name: LP_Index, datatype: float32}
# - {name: LP_beta, datatype: float32}
# - {name: CLASS, datatype: string}
# - {name: SED_class, datatype: string}
# - {name: Variability_Index, datatype: float32}
# - {name: Frac_Variability, datatype: float32}
# - {name: Unc_Frac_Variability, datatype: float32}
# - {name: Flux1000, datatype: float32}
# - {name: Unc_Flux1000, datatype: float32}
# - {name: Spectrum_Flux_Estimated, datatype: float64}
# - {name: Norm_Excess_Variance_Estimated, datatype: float64}
# - {name: Unc_Norm_Excess_Variance_Estimated, datatype: float64}
# - {name: Frac_Variability_Estimated, datatype: float64}
# - {name: Unc_Frac_Variability_Estimated, datatype: float64}
# schema: astropy-2.0
Source_Name RAJ2000 DEJ2000 Redshift SpectrumType Pivot_Energy PL_Flux_Density PL_Index LP_Flux_Density LP_Index LP_beta CLASS SED_class Variability_Index Frac_Variability Unc_Frac_Variability Flux1000 Unc_Flux1000 Spectrum_Flux_Estimated Norm_Excess_Variance_Estimated Unc_Norm_Excess_Variance_Estimated Frac_Variability_Estimated Unc_Frac_Variability_Estimated
[from data line 2396]
J1418.7-3504 214.6792 -35.0721 1.544 LogParabola 477.04352 3.2770774e-12 2.7258198 4.257292e-12 2.5297585 0.31622323 fsrq LSP 24.103584 0.3410423 0.13306923 2.4445052e-10 4.1545618e-11 1.0094260122264972e-08 "" "" "" ""
J1418.9+7731 214.7364 77.5318 -999.0 LogParabola 3078.13 3.2177687e-14 1.7894161 4.0921564e-14 1.4568616 0.22577307 bll HSP 31.569378 0.39390346 0.13378523 3.1311395e-10 2.920127e-11 5.61087236659792e-10 "" "" "" ""
J1419.3+0444 214.8371 4.7428 0.143 PowerLaw 4192.6084 1.2863067e-14 1.9111605 1.5672557e-14 1.6373684 0.20553432 bll ISP 6.3115706 0.0 10.0 2.1522566e-10 3.3911027e-11 1.6143483815883401e-09 "" "" "" ""
J1419.4-0838 214.86 -8.6417 0.903 LogParabola 708.21375 7.0087686e-12 2.243127 7.601577e-12 2.1349716 0.08603288 fsrq LSP 624.98157 0.62961584 0.13672969 2.73807e-09 8.794296e-11 3.732360876462018e-08 "" "" "" ""
J1419.5+3821 214.8944 38.3657 1.831 PowerLaw 1087.0458 4.939101e-13 2.4600582 5.146688e-13 2.4396327 0.04098115 fsrq LSP 45.017815 0.46747458 0.12941913 4.1504394e-10 3.4274025e-11 1.1985274769094277e-08 "" "" "" ""
J1419.6-5153 214.9222 -51.8901 -inf LogParabola 1001.2718 1.0155658e-12 2.4857085 1.1337273e-12 2.4264345 0.094466716 bcu "" 4.5629363 0.0 10.0 7.3811723e-10 6.6809065e-11 1.6114924024828645e-08 "" "" "" ""
J1419.8+5423 214.955 54.3937 0.153 LogParabola 733.23145 2.9202398e-12 2.3270116 3.0739354e-12 2.2571166 0.05944592 bll LSP 335.24088 0.6450191 0.14164077 1.1024067e-09 4.6746326e-11 1.9435667570870996e-08 "" "" "" ""
J1420.3+0612 215.0892 6.2004 -inf PowerLaw 978.4614 2.7165176e-13 2.5237777 2.4494634e-13 2.5486927 -0.05412451 bll ISP 23.272804 0.47821534 0.23914658 1.6866215e-10 3.0401518e-11 4.471027206369312e-09 "" "" "" ""
J1420.9-7920 215.2366 -79.3494 -inf LogParabola 1076.8737 5.3172164e-13 2.5012472 6.0055525e-13 2.4544554 0.114064716 bcu LSP 16.730925 0.21216847 0.12481345 4.579286e-10 4.518743e-11 9.829050044334002e-09 "" "" "" ""
J1421.1-4614 215.2851 -46.2445 0.005515 LogParabola 1043.2728 4.958075e-13 2.4733908 6.3951015e-13 2.3367212 0.2518529 bcu "" 13.9951 0.17221212 0.2086681 4.4329326e-10 5.1983348e-11 5.562435210283273e-09 "" "" "" ""
J1421.1-1120 215.2872 -11.3393 -inf LogParabola 957.182 5.987802e-13 2.345343 7.111437e-13 2.1758683 0.16458488 bcu "" 37.030888 0.56352377 0.17089003 4.619191e-10 5.0605665e-11 5.193282538300229e-09 "" "" "" ""
J1421.1+3859 215.2922 38.9966 0.489 PowerLaw 916.1245 2.179143e-13 2.6485305 2.3129166e-13 1.6180642 0.73384005 fsrq "" 30.472248 0.747864 0.26615646 1.0481361e-10 2.296574e-11 3.577123649133553e-09 "" "" "" ""
J1421.6-4819 215.4125 -48.3317 -inf LogParabola 674.292 1.0959035e-12 2.780357 1.6025811e-12 2.7962358 0.42309073 bcu "" 15.491556 0.28975925 0.21810985 2.0430911e-10 5.2018397e-11 8.359765728469523e-09 "" "" "" ""
J1422.5+3223 215.6371 32.385 0.681889 LogParabola 579.01245 1.9379423e-11 2.2072682 2.0429798e-11 2.1367557 0.052046355 fsrq LSP 9817.706 2.0407574 0.43529674 4.9192743e-09 9.635626e-11 7.083622749580863e-08 "" "" "" ""
J1422.6+5801 215.6625 58.0245 -999.0 LogParabola 4172.4346 1.17169144e-14 1.6986274 1.513612e-14 1.4293051 0.18305765 bll HSP 7.887967 0.0 10.0 1.875272e-10 2.5307853e-11 3.14928979869816e-10 "" "" "" ""
J1422.6+8150 215.668 81.8435 -inf LogParabola 2669.074 1.169486e-14 2.0952458 1.9606124e-14 1.6070391 0.63837975 bcu "" 7.1674037 0.0 10.0 9.606473e-11 2.385956e-11 1.3394734397883581e-10 "" "" "" ""
J1423.1+3738 215.7921 37.6452 -inf LogParabola 1492.6228 2.4088698e-13 2.0876298 2.7542215e-13 1.9153479 0.14023465 bll ISP 251.81818 1.4530227 0.3192711 5.606229e-10 4.167741e-11 3.238388267031794e-09 "" "" "" ""
J1423.5+4524 215.8762 45.4034 -inf PowerLaw 2068.6206 3.0839507e-14 2.1563706 3.522323e-14 2.062095 0.1138378 bcu LSP 13.491943 0.0 10.0 1.2726854e-10 2.1677797e-11 1.5869416549060134e-09 "" "" "" ""
J1423.5-7829 215.8833 -78.4984 0.788 LogParabola 1160.7877 5.931212e-13 2.3768096 6.5351e-13 2.2750065 0.112783276 fsrq LSP 212.26099 1.0844114 0.24342726 6.5845523e-10 5.035448e-11 9.44458799333266e-09 "" "" "" ""
J1424.1-1750 216.0294 -17.8447 0.082244 PowerLaw 4263.727 1.3659294e-14 1.922887 1.5138381e-14 1.8754988 0.05730172 bll HSP 32.47223 0.7256705 0.27997515 2.372035e-10 3.9280842e-11 1.8229286220897288e-09 "" "" "" ""
J1424.1+2917 216.0295 29.2917 0.335 PowerLaw 6571.9053 1.2217687e-15 1.7984214 1.6793657e-15 1.6992395 0.17777656 bll "" 11.832772 0.0 10.0 4.407885e-11 1.7239696e-11 2.6199959505467776e-10 "" "" "" ""
J1424.2+0433 216.0508 4.5628 0.6654 LogParabola 1287.2242 5.076411e-13 2.112514 6.0040433e-13 1.9361933 0.15902124 bll LSP 216.26183 0.9646206 0.21512368 8.7941254e-10 5.7506354e-11 5.4981578426444185e-09 "" "" "" ""
J1424.5+3433 216.1304 34.5555 0.576178 LogParabola 6815.6885 1.5988454e-15 1.7262828 3.252786e-15 1.161646 0.7537609 bll "" 7.88039 0.0 10.0 4.5044413e-11 1.511647e-11 4.563866476700219e-11 "" "" "" ""
J1424.5+3705 216.1447 37.0954 0.289567 PowerLaw 12655.435 5.086558e-16 1.587459 6.457751e-16 1.4586804 0.13744408 bll ISP 5.3397517 0.0 10.0 4.5419876e-11 1.7910081e-11 1.7627453678277196e-10 "" "" "" ""
J1424.6+1447 216.1695 14.784 -inf PowerLaw 3470.3623 2.3819236e-14 2.0039608 2.7981196e-14 1.8834307 0.12197127 bll "" 46.68829 0.8798516 0.24454212 2.84377e-10 3.948439e-11 2.585445382431419e-09 "" "" "" ""
J1424.8-6808 216.2169 -68.1489 -inf LogParabola 1067.7168 1.7669979e-12 2.4818034 2.210139e-12 2.442508 0.21234578 bcu LSP 145.98521 0.5199333 0.119698234 1.5752527e-09 7.994151e-11 2.643251315124296e-08 "" "" "" ""
J1425.0+3615 216.252 36.257 -999.0 LogParabola 2974.6477 7.4108146e-14 1.8830113 8.391915e-14 1.7196401 0.11379397 bll ISP 9.351342 0.0 10.0 6.578244e-10 5.0649866e-11 2.196985152140909e-09 "" "" "" ""
J1425.4-0119 216.3593 -1.3333 -inf LogParabola 5730.859 3.630353e-15 1.840304 6.223138e-15 1.5039548 0.516699 bll ISP 18.718569 0.44546872 0.4237589 8.9412665e-11 2.7487549e-11 9.940458248452696e-11 "" "" "" ""
J1425.8+1423 216.4644 14.3863 0.78 PowerLaw 1545.7614 7.54895e-14 2.355404 9.0775416e-14 2.107129 0.24304043 fsrq LSP 17.390806 0.32404593 0.41648275 1.551038e-10 3.375441e-11 2.9150965991229265e-09 "" "" "" ""
J1426.1+3403 216.5394 34.0627 -inf PowerLaw 1877.2574 1.1389373e-13 2.1137657 1.2217488e-13 2.0672827 0.051386338 bll ISP 21.102896 0.24841096 0.12072717 3.8493628e-10 3.3125995e-11 4.3945375459552444e-09 "" "" "" ""
J1426.4+3625 216.6189 36.4327 1.091 PowerLaw 1185.4299 1.4643056e-13 2.5881128 1.6213134e-13 2.5684423 0.07404767 fsrq LSP 19.520931 0.5865123 0.28284982 1.4317178e-10 3.142728e-11 4.3244950631805426e-09 "" "" "" ""
J1427.0+2348 216.7558 23.8013 0.604 LogParabola 1254.4047 5.724844e-12 1.8168526 6.14432e-12 1.7068207 0.05678581 BLL HSP 370.87347 0.25119606 0.05507706 1.1100593e-08 1.5873146e-10 5.501397201225569e-08 0.021389164131220807 0.0068181426667206215 0.14625034745675242 0.023309834080007263
J1427.4-1823 216.8669 -18.3955 -inf PowerLaw 3648.6436 2.3696199e-14 1.9572158 2.6908505e-14 1.8706445 0.08256338 bcu ISP 15.265496 0.27649382 0.21748464 3.0805758e-10 4.0740952e-11 2.541988581548465e-09 "" "" "" ""
J1427.6-3305 216.913 -33.094 -inf LogParabola 906.68414 2.6378578e-12 2.293874 3.008522e-12 2.204957 0.119364284 bll LSP 288.66898 0.6012469 0.13328755 1.7479462e-09 7.281437e-11 2.4133204185065794e-08 "" "" "" ""
J1427.7-3215 216.9461 -32.2537 -999.0 PowerLaw 2923.9866 4.865476e-14 2.0908947 4.932275e-14 2.0836272 0.008514216 bll ISP 44.520958 0.6074474 0.17610054 4.1770923e-10 4.5288988e-11 4.547930730565067e-09 "" "" "" ""
J1427.9-4206 216.9866 -42.106 1.522 LogParabola 1367.4917 2.1246904e-11 2.2033215 2.4387228e-11 2.2236695 0.09191795 FSRQ LSP 15236.898 0.7041836 0.15022291 3.7604487e-08 3.0425776e-10 4.7603426665634055e-07 0.8623242259991099 0.006668102999073631 0.9286141426874296 0.003590351843972565
J1428.1+1629 217.0469 16.4908 -inf PowerLaw 791.0217 7.993699e-13 2.5609736 8.709113e-13 2.52516 0.07179413 bcu "" 28.487288 0.40020913 0.14241128 2.8085237e-10 3.4719238e-11 1.0226722050107343e-08 "" "" "" ""
J1428.3+5635 217.0828 56.5947 2.129 PowerLaw 886.8514 2.1781108e-13 2.5378454 2.419752e-13 2.4433405 0.09781628 fsrq LSP 20.421019 0.6033644 0.25728115 1.04385695e-10 2.0886674e-11 2.8473749954752768e-09 "" "" "" ""
J1428.5+4240 217.1286 42.6776 0.129 PowerLaw 5134.745 2.7382007e-14 1.6502669 2.848918e-14 1.630036 0.016615227 bll HSP 18.563412 0.18697956 0.096250996 5.951823e-10 3.8486783e-11 2.617479016312556e-09 "" "" "" ""
J1428.7-1017 217.1991 -10.2964 -inf LogParabola 16434.742 7.577597e-16 1.5889026 1.2444291e-15 1.6066726 0.3444052 bcu "" 9.54091 0.0 10.0 7.515416e-11 2.4497104e-11 7.962715611659893e-11 "" "" "" ""
J1428.8+7429 217.2026 74.485 -inf PowerLaw 4246.6074 5.4392725e-15 2.0236568 4.1456287e-15 2.0877168 -0.09769759 bcu "" 20.79513 0.6740391 0.29779345 9.828742e-11 2.2160326e-11 9.308544906358866e-10 "" "" "" ""
J1428.9+5406 217.2289 54.1114 3.013 PowerLaw 660.538 7.350872e-13 2.720737 7.5031886e-13 2.710377 0.025515983 fsrq LSP 37.562023 0.5689959 0.17440236 1.3825736e-10 2.299505e-11 5.456805419353625e-09 "" "" "" ""
J1429.8-3058 217.4507 -30.9712 -inf PowerLaw 5488.942 4.323178e-15 1.9734182 4.5937417e-15 1.9341009 0.04267252 bcu "" 9.9902315 0.0 10.0 1.2646248e-10 3.6616456e-11 1.0791770238851997e-09 "" "" "" ""
J1430.5+3647 217.6397 36.7963 0.567 PowerLaw 1190.5963 1.0932018e-13 2.5566707 1.13076195e-13 2.537414 0.03325064 fsrq LSP 22.87361 0.52996 0.27998188 1.0966389e-10 2.2976777e-11 3.107875648342527e-09 "" "" "" ""
J1431.0-4458 217.7661 -44.98 -inf PowerLaw 1359.1018 1.2529063e-13 2.5153399 1.6388793e-13 2.5220451 0.21617521 bll LSP 23.321735 0.5295234 0.26312688 1.7879587e-10 3.8765022e-11 4.659037191352759e-09 "" "" "" ""
J1431.1-3120 217.7962 -31.3468 -inf PowerLaw 2860.9785 6.759892e-14 2.0356388 7.29715e-14 1.9974525 0.05132848 bll LSP 96.8524 1.0122861 0.23631093 5.500637e-10 4.912478e-11 5.3406055055268135e-09 "" "" "" ""
J1432.2+5051 218.0682 50.8596 -inf PowerLaw 1835.945 4.3811207e-14 2.2395961 4.4988583e-14 2.2255783 0.017818471 bcu ISP 25.25687 0.7146441 0.25734693 1.3737929e-10 2.2863015e-11 2.034488174963449e-09 "" "" "" ""
J1432.8+7648 218.2073 76.805 -inf PowerLaw 1944.7855 4.2764684e-14 2.2000656 4.3734425e-14 2.1714876 0.01934948 bcu "" 15.295015 0.05293873 1.0932435 1.5339029e-10 2.231158e-11 2.0935435251364654e-09 "" "" "" ""
J1433.0-1801 218.2535 -18.0196 2.331 LogParabola 942.6333 4.7778394e-13 2.562876 6.907531e-13 2.6784382 0.39592654 fsrq LSP 127.453224 1.3571756 0.31561023 2.855238e-10 4.541901e-11 5.827222162904644e-09 "" "" "" ""
J1433.7-7304 218.4321 -73.0795 -inf LogParabola 24835.873 1.9500054e-16 1.7172661 4.52284e-16 1.4570006 0.9804923 bll ISP 11.887969 0.0 10.0 2.0964034e-11 7.752591e-12 2.096509587041862e-11 "" "" "" ""
J1434.2+4204 218.5574 42.0689 1.24 PowerLaw 783.8402 9.260675e-13 2.4899876 9.21133e-13 2.4926138 -0.0037990734 fsrq LSP 62.673386 0.53758067 0.13825728 3.3869327e-10 3.0534523e-11 1.047654578592741e-08 "" "" "" ""
J1434.7+1950 218.675 19.8478 1.382 LogParabola 1061.7644 2.0984035e-12 2.3106105 2.493189e-12 2.2885466 0.14510848 fsrq LSP 634.57086 0.77724755 0.1686912 1.9690043e-09 7.53374e-11 2.830488823515364e-08 "" "" "" ""
J1434.8+6640 218.7093 66.6767 -inf PowerLaw 6312.1533 3.0913166e-15 1.7037905 3.8533075e-15 1.6144886 0.12217033 bll ISP 16.778328 0.32805207 0.31375515 9.744108e-11 1.8065688e-11 4.773912538387942e-10 "" "" "" ""
J1435.3+7120 218.8465 71.3354 -inf LogParabola 2125.8535 1.5620523e-14 2.2149198 3.2000058e-14 2.2768407 0.820424 bcu ISP 14.7679615 0.2728083 0.5589365 1.0670624e-10 2.3131084e-11 2.1730170468886238e-10 "" "" "" ""
J1435.5+2021 218.8839 20.3646 0.748 PowerLaw 2764.6807 5.1959535e-14 2.1686997 5.988798e-14 2.03108 0.13346247 bll LSP 10.430135 0.0 10.0 4.0166406e-10 4.6192983e-11 5.137855362105248e-09 "" "" "" ""
J1435.7+6148 218.9474 61.8054 -inf PowerLaw 2440.8933 1.0660842e-14 2.1633682 1.2387478e-14 2.0208118 0.17011079 bcu "" 11.0104 0.0 10.0 6.2883906e-11 1.6631453e-11 7.955509728524471e-10 "" "" "" ""
J1435.9-8348 218.9778 -83.8017 -inf LogParabola 867.4881 1.0709289e-12 2.4191377 1.1761879e-12 2.3361058 0.091799855 bcu "" 197.28296 1.0793695 0.24211991 5.698584e-10 4.8597053e-11 1.0927922208463775e-08 "" "" "" ""
J1436.9+2321 219.2266 23.3611 1.547438 LogParabola 1055.7657 3.9987908e-13 2.3312943 4.635818e-13 2.0914345 0.20691445 fsrq LSP 14.956372 0.2458075 0.1890054 3.8845882e-10 4.298509e-11 3.3583202601325093e-09 "" "" "" ""
J1436.9+5638 219.229 56.649 -999.0 PowerLaw 2557.2593 8.457273e-14 1.9308976 8.583537e-14 1.9178482 0.00907652 bll "" 26.284048 0.26348197 0.09554752 5.492322e-10 3.357695e-11 4.291516521723905e-09 "" "" "" ""
J1437.3-3239 219.3259 -32.6569 -inf LogParabola 788.2977 4.074218e-13 2.68873 6.5721376e-13 2.6347384 0.5674779 bcu LSP 49.882187 0.9708346 0.2695203 1.4609165e-10 3.8419636e-11 3.0165817613876016e-09 "" "" "" ""
J1438.0-3128 219.5079 -31.4679 1.287 LogParabola 1248.6241 1.6110098e-13 2.3971682 2.2682878e-13 2.274398 0.3702796 fsrq "" 33.42147 0.9536109 0.3021178 2.4348673e-10 4.2295306e-11 1.878182296195977e-09 "" "" "" ""
J1438.1-2201 219.5402 -22.0305 1.187 PowerLaw 706.14185 5.6993033e-13 2.630136 6.715502e-13 2.534807 0.13797866 fsrq LSP 21.579609 0.49662775 0.29508248 1.4000147e-10 3.2974925e-11 4.6038546849789884e-09 "" "" "" ""
J1438.5-4207 219.6295 -42.1287 -inf PowerLaw 4888.6123 6.453124e-15 2.0107028 6.9118905e-15 1.9905059 0.041891158 bcu "" 11.312115 0.0 10.0 1.5375173e-10 3.8090333e-11 1.4175369319616636e-09 "" "" "" ""
J1438.6+1205 219.6598 12.0855 0.848 PowerLaw 3446.798 1.0563653e-14 2.0444608 1.1232031e-14 1.9983076 0.036993764 bll HSP 7.8746424 0.0 10.0 1.2594463e-10 2.8690808e-11 1.2453859071381536e-09 "" "" "" ""
J1438.9+3710 219.7402 37.1752 2.401 LogParabola 558.70966 5.546924e-12 2.426326 6.115224e-12 2.3188167 0.10816328 fsrq LSP 379.58456 0.719489 0.15765841 9.720217e-10 4.7139216e-11 2.1440518739928703e-08 "" "" "" ""
J1439.3+3932 219.8299 39.538 0.344 PowerLaw 2421.3643 9.085221e-14 1.9628578 9.440052e-14 1.9396528 0.025007779 bll HSP 25.179514 0.27091378 0.103319414 5.290753e-10 3.677598e-11 4.417117741477821e-09 "" "" "" ""
J1439.5-2525 219.8817 -25.42 0.16 PowerLaw 4823.9355 8.19345e-15 1.8979964 9.635539e-15 1.7697359 0.115679525 bll "" 4.700061 0.0 10.0 1.7796961e-10 3.4181834e-11 1.299022662635294e-09 "" "" "" ""
J1439.7+4958 219.9411 49.9775 -inf PowerLaw 1094.3734 5.939546e-13 2.322654 6.135003e-13 2.3086064 0.025492053 bll LSP 49.25403 0.3561917 0.09728731 5.526217e-10 3.5410855e-11 1.1642670723268827e-08 "" "" "" ""
J1439.9-3953 219.9816 -39.8976 0.3 PowerLaw 3103.9307 3.4045534e-14 2.1093314 3.2804065e-14 2.1167064 -0.01996679 bll HSP 16.499342 0.2590743 0.22435462 3.3271141e-10 4.43276e-11 3.763585362436701e-09 "" "" "" ""
J1440.0-2343 220.0031 -23.7233 -inf PowerLaw 2869.1733 4.9441865e-14 1.9964937 5.2444157e-14 1.9674202 0.033491094 bll "" 21.294193 0.344874 0.17389283 4.0287504e-10 4.2591722e-11 3.6064915476288145e-09 "" "" "" ""
J1440.0-1530 220.0072 -15.5154 -inf PowerLaw 2001.037 1.7441936e-13 2.2639453 1.8320343e-13 2.2578602 0.03161736 bll LSP 100.02586 0.9609521 0.22814675 6.618e-10 5.986281e-11 1.2188450283816604e-08 "" "" "" ""
J1440.6-3846 220.1549 -38.7797 -999.0 PowerLaw 6829.82 1.728552e-14 1.7277161 1.8386404e-14 1.692638 0.03208888 bll HSP 17.16416 0.24271524 0.11718693 6.3371414e-10 5.6237483e-11 3.259426697976565e-09 "" "" "" ""
J1440.9+0609 220.242 6.1631 0.435 PowerLaw 2915.7844 7.566792e-14 2.106335 8.2419274e-14 2.046292 0.06666692 bll ISP 27.914637 0.45392784 0.14518131 6.4771205e-10 5.6150484e-11 7.281475697552629e-09 "" "" "" ""
J1441.6-1522 220.4144 -15.3755 2.638 LogParabola 2299.1265 5.6533876e-14 2.3185573 7.010327e-14 2.3660643 0.17664321 fsrq LSP 32.951195 0.9165342 0.28064746 3.4007122e-10 5.5347733e-11 3.0517703897581448e-09 "" "" "" ""
