4LAC_catalog_generator_v3/resulting_catalogs/old/agn_pop_4lac_dr3_with_z.ecsv
# %ECSV 1.0
# ---
# datatype:
# - {name: Source_Name, datatype: string}
# - {name: RAJ2000, datatype: float32}
# - {name: DEJ2000, datatype: float32}
# - {name: Redshift, datatype: float64}
# - {name: SpectrumType, datatype: string}
# - {name: Pivot_Energy, datatype: float32}
# - {name: PL_Flux_Density, datatype: float32}
# - {name: PL_Index, datatype: float32}
# - {name: LP_Flux_Density, datatype: float32}
# - {name: LP_Index, datatype: float32}
# - {name: LP_beta, datatype: float32}
# - {name: CLASS, datatype: string}
# - {name: SED_class, datatype: string}
# schema: astropy-2.0
Source_Name RAJ2000 DEJ2000 Redshift SpectrumType Pivot_Energy PL_Flux_Density PL_Index LP_Flux_Density LP_Index LP_beta CLASS SED_class
[from data line 1180]
J1402.6+1600 210.6584 16.0016 0.2442 PowerLaw 3346.0686 1.5543597e-14 2.0569344 1.5635393e-14 2.0502114 0.0068399976 bll ISP
J1402.6-3330 210.6652 -33.5045 2.14 LogParabola 581.3386 1.5567681e-12 2.775352 2.5927674e-12 3.084686 0.85769796 fsrq ""
J1403.4+4319 210.8684 43.3225 0.493249 PowerLaw 15546.501 3.3653146e-16 1.4860786 4.693328e-16 1.4917786 0.1527251 bll ISP
J1404.8+6554 211.2158 65.9048 0.363 LogParabola 1705.2999 1.4489514e-13 1.9454489 1.5798991e-13 1.8112887 0.08207985 bll LSP
J1406.5-0054 211.6411 -0.9007 0.25526 PowerLaw 1113.0107 1.3761274e-13 2.5277677 1.3026128e-13 2.5333683 -0.029898843 bll HSP
J1406.6-3934 211.6655 -39.5727 0.37 LogParabola 11863.779 1.0666635e-15 1.6068168 1.6804906e-15 1.1931834 0.43973604 bll ISP
J1406.9+1643 211.742 16.7206 0.54 LogParabola 3948.0063 1.4339197e-14 1.8098128 1.7780733e-14 1.5689014 0.17648043 bll HSP
J1408.9-0751 212.2356 -7.8575 1.493 LogParabola 1113.4492 3.0238637e-12 2.2590778 3.380175e-12 2.2130103 0.10310179 fsrq LSP
J1409.7+5940 212.4382 59.672 0.496089 PowerLaw 1795.3337 3.0254882e-14 2.2834911 3.1865156e-14 2.2221591 0.044174105 bll ISP
J1410.3+1438 212.5908 14.6434 0.14425 LogParabola 1463.4613 1.7694118e-13 2.1211991 1.9854577e-13 1.9982334 0.09748296 bll ""
J1410.3+6058 212.5967 60.977 0.384 PowerLaw 11458.862 5.711916e-16 1.6112192 8.108603e-16 1.398739 0.26446906 bll HSP
J1410.4+2820 212.6229 28.342 0.522091 PowerLaw 1970.1155 6.574098e-14 2.0918505 7.107687e-14 2.0395372 0.057584304 bll HSP
J1411.8+5249 212.9692 52.8278 0.07649 PowerLaw 1558.5682 1.1020548e-13 2.205771 1.1244308e-13 2.197938 0.013114995 bll HSP
J1412.0+3836 213.013 38.6102 0.64552 PowerLaw 4085.5618 7.698174e-15 1.8762361 9.208993e-15 1.7669405 0.11438248 bcu ISP
J1412.1+7427 213.0383 74.45 0.46 PowerLaw 2056.0334 6.351928e-14 2.1829603 6.595666e-14 2.1669497 0.023589432 bll ISP
J1412.9+5018 213.2409 50.301 1.529 PowerLaw 737.91437 3.1983576e-13 2.6313362 3.412491e-13 2.5955582 0.05822559 bcu ""
J1413.1-6519 213.2944 -65.3321 0.001448 PowerLaw 3794.6072 3.3546503e-14 2.2338784 3.3787392e-14 2.2346835 0.0052074236 sey ""
J1415.9-1002 213.976 -10.0483 2.001 LogParabola 774.78485 4.3622744e-13 2.8636029 7.6951976e-13 2.6073325 0.9999619 fsrq LSP
J1416.1+1320 214.0285 13.347 0.247 LogParabola 976.38416 2.078551e-12 2.0571856 2.1471e-12 2.0017138 0.031765103 bcu LSP
J1416.1-2417 214.0334 -24.2982 0.136 PowerLaw 4758.618 1.1983811e-14 1.8597337 1.4035982e-14 1.7823086 0.08446085 bll HSP
J1417.9+4613 214.4818 46.2327 1.554 PowerLaw 370.7577 1.8028445e-12 2.9651415 2.0742026e-12 2.8959413 0.13682333 fsrq LSP
J1417.9+2543 214.494 25.7238 0.237 LogParabola 8154.5957 5.658272e-15 1.4981695 6.986387e-15 1.2794547 0.13773416 bll HSP
J1418.4+3543 214.6229 35.7192 0.819 LogParabola 819.44904 3.3542722e-12 2.1400502 3.5135102e-12 2.0651817 0.048797082 FSRQ ""
J1418.7-3504 214.6792 -35.0721 1.544 LogParabola 477.04352 3.2770774e-12 2.7258198 4.257292e-12 2.5297585 0.31622323 fsrq LSP
J1419.3+0444 214.8371 4.7428 0.143 PowerLaw 4192.6084 1.2863067e-14 1.9111605 1.5672557e-14 1.6373684 0.20553432 bll ISP
J1419.4-0838 214.86 -8.6417 0.903 LogParabola 708.21375 7.0087686e-12 2.243127 7.601577e-12 2.1349716 0.08603288 fsrq LSP
J1419.5+3821 214.8944 38.3657 1.831 PowerLaw 1087.0458 4.939101e-13 2.4600582 5.146688e-13 2.4396327 0.04098115 fsrq LSP
J1419.8+5423 214.955 54.3937 0.153 LogParabola 733.23145 2.9202398e-12 2.3270116 3.0739354e-12 2.2571166 0.05944592 bll LSP
J1421.1-4614 215.2851 -46.2445 0.005515 LogParabola 1043.2728 4.958075e-13 2.4733908 6.3951015e-13 2.3367212 0.2518529 bcu ""
J1421.1+3859 215.2922 38.9966 0.489 PowerLaw 916.1245 2.179143e-13 2.6485305 2.3129166e-13 1.6180642 0.73384005 fsrq ""
J1422.5+3223 215.6371 32.385 0.681889 LogParabola 579.01245 1.9379423e-11 2.2072682 2.0429798e-11 2.1367557 0.052046355 fsrq LSP
J1423.5-7829 215.8833 -78.4984 0.788 LogParabola 1160.7877 5.931212e-13 2.3768096 6.5351e-13 2.2750065 0.112783276 fsrq LSP
J1424.1-1750 216.0294 -17.8447 0.082244 PowerLaw 4263.727 1.3659294e-14 1.922887 1.5138381e-14 1.8754988 0.05730172 bll HSP
J1424.1+2917 216.0295 29.2917 0.335 PowerLaw 6571.9053 1.2217687e-15 1.7984214 1.6793657e-15 1.6992395 0.17777656 bll ""
J1424.2+0433 216.0508 4.5628 0.6654 LogParabola 1287.2242 5.076411e-13 2.112514 6.0040433e-13 1.9361933 0.15902124 bll LSP
J1424.5+3433 216.1304 34.5555 0.576178 LogParabola 6815.6885 1.5988454e-15 1.7262828 3.252786e-15 1.161646 0.7537609 bll ""
J1424.5+3705 216.1447 37.0954 0.289567 PowerLaw 12655.435 5.086558e-16 1.587459 6.457751e-16 1.4586804 0.13744408 bll ISP
J1425.8+1423 216.4644 14.3863 0.78 PowerLaw 1545.7614 7.54895e-14 2.355404 9.0775416e-14 2.107129 0.24304043 fsrq LSP
J1426.4+3625 216.6189 36.4327 1.091 PowerLaw 1185.4299 1.4643056e-13 2.5881128 1.6213134e-13 2.5684423 0.07404767 fsrq LSP
J1427.0+2348 216.7558 23.8013 0.604 LogParabola 1254.4047 5.724844e-12 1.8168526 6.14432e-12 1.7068207 0.05678581 BLL HSP
J1427.9-4206 216.9866 -42.106 1.522 LogParabola 1367.4917 2.1246904e-11 2.2033215 2.4387228e-11 2.2236695 0.09191795 FSRQ LSP
J1428.3+5635 217.0828 56.5947 2.129 PowerLaw 886.8514 2.1781108e-13 2.5378454 2.419752e-13 2.4433405 0.09781628 fsrq LSP
J1428.5+4240 217.1286 42.6776 0.129 PowerLaw 5134.745 2.7382007e-14 1.6502669 2.848918e-14 1.630036 0.016615227 bll HSP
J1428.9+5406 217.2289 54.1114 3.013 PowerLaw 660.538 7.350872e-13 2.720737 7.5031886e-13 2.710377 0.025515983 fsrq LSP
J1430.5+3647 217.6397 36.7963 0.567 PowerLaw 1190.5963 1.0932018e-13 2.5566707 1.13076195e-13 2.537414 0.03325064 fsrq LSP
J1433.0-1801 218.2535 -18.0196 2.331 LogParabola 942.6333 4.7778394e-13 2.562876 6.907531e-13 2.6784382 0.39592654 fsrq LSP
J1434.2+4204 218.5574 42.0689 1.24 PowerLaw 783.8402 9.260675e-13 2.4899876 9.21133e-13 2.4926138 -0.0037990734 fsrq LSP
J1434.7+1950 218.675 19.8478 1.382 LogParabola 1061.7644 2.0984035e-12 2.3106105 2.493189e-12 2.2885466 0.14510848 fsrq LSP
J1435.5+2021 218.8839 20.3646 0.748 PowerLaw 2764.6807 5.1959535e-14 2.1686997 5.988798e-14 2.03108 0.13346247 bll LSP
J1436.9+2321 219.2266 23.3611 1.547438 LogParabola 1055.7657 3.9987908e-13 2.3312943 4.635818e-13 2.0914345 0.20691445 fsrq LSP
J1438.0-3128 219.5079 -31.4679 1.287 LogParabola 1248.6241 1.6110098e-13 2.3971682 2.2682878e-13 2.274398 0.3702796 fsrq ""
J1438.1-2201 219.5402 -22.0305 1.187 PowerLaw 706.14185 5.6993033e-13 2.630136 6.715502e-13 2.534807 0.13797866 fsrq LSP
J1438.6+1205 219.6598 12.0855 0.848 PowerLaw 3446.798 1.0563653e-14 2.0444608 1.1232031e-14 1.9983076 0.036993764 bll HSP
J1438.9+3710 219.7402 37.1752 2.401 LogParabola 558.70966 5.546924e-12 2.426326 6.115224e-12 2.3188167 0.10816328 fsrq LSP
J1439.3+3932 219.8299 39.538 0.344 PowerLaw 2421.3643 9.085221e-14 1.9628578 9.440052e-14 1.9396528 0.025007779 bll HSP
J1439.5-2525 219.8817 -25.42 0.16 PowerLaw 4823.9355 8.19345e-15 1.8979964 9.635539e-15 1.7697359 0.115679525 bll ""
J1439.9-3953 219.9816 -39.8976 0.3 PowerLaw 3103.9307 3.4045534e-14 2.1093314 3.2804065e-14 2.1167064 -0.01996679 bll HSP
J1440.9+0609 220.242 6.1631 0.435 PowerLaw 2915.7844 7.566792e-14 2.106335 8.2419274e-14 2.046292 0.06666692 bll ISP
J1441.6-1522 220.4144 -15.3755 2.638 LogParabola 2299.1265 5.6533876e-14 2.3185573 7.010327e-14 2.3660643 0.17664321 fsrq LSP
J1442.0+4348 220.513 43.8096 0.6725 PowerLaw 2014.89 6.583441e-14 2.0882933 7.293651e-14 2.0053294 0.07560579 bll ISP
J1442.2+0622 220.5608 6.3755 0.698 LogParabola 1299.863 2.2296749e-13 2.5112019 3.0952617e-13 2.6670687 0.2903264 bcu ISP
J1442.6-4623 220.6605 -46.3869 0.102552 PowerLaw 3573.3438 3.860081e-14 2.0127568 4.1133133e-14 1.9855438 0.037567068 bll HSP
J1442.7+1200 220.698 12.0126 0.163 LogParabola 3052.0896 5.539253e-14 1.7469068 6.051216e-14 1.6178652 0.06779525 bll HSP
J1443.1+5201 220.7789 52.0294 0.141186 PowerLaw 2370.2498 2.8645187e-14 2.145121 3.2127987e-14 2.0549784 0.090280704 rdg LSP
J1443.1+4728 220.7863 47.4794 0.705472 LogParabola 641.2477 8.9237856e-13 2.556894 1.1750679e-12 2.3202658 0.35126117 nlsy1 LSP
J1443.6+2515 220.9028 25.2631 0.529022 PowerLaw 17298.791 5.5116354e-16 1.7164963 7.4830194e-16 1.7135084 0.19640021 bll ISP
J1443.9-3908 220.9908 -39.1481 0.138 LogParabola 1869.902 1.052068e-12 1.8453245 1.1293455e-12 1.7476867 0.056658365 bll HSP
J1443.9+2501 220.9933 25.0291 0.939 LogParabola 823.50037 7.109731e-12 2.0995898 7.887834e-12 1.9715945 0.0951436 fsrq LSP
J1446.7+1719 221.6884 17.3237 1.024 PowerLaw 798.3775 5.088197e-13 2.566734 5.664181e-13 2.56333 0.082989186 fsrq LSP
J1449.5+2746 222.3956 27.7686 0.030588 PowerLaw 14613.923 5.4574587e-16 1.4604453 8.3478845e-16 1.3663455 0.1986019 rdg ISP
J1449.6-2137 222.422 -21.6271 0.938 PowerLaw 1616.0503 1.286728e-13 2.25013 1.4764988e-13 2.195616 0.09992972 fsrq LSP
J1450.4+0910 222.6235 9.1818 2.611 LogParabola 900.3073 4.974585e-13 2.3802748 5.940133e-13 2.1343515 0.21577542 fsrq LSP
J1450.8+5201 222.7239 52.028 2.471 LogParabola 1544.8601 2.8999437e-13 2.1732938 3.2913196e-13 1.9984732 0.15417351 bll LSP
J1451.4+6355 222.8554 63.9172 0.65 PowerLaw 3509.8745 2.224623e-14 1.8906709 2.2035054e-14 1.8951366 -0.006659208 bll LSP
J1451.5+1415 222.8878 14.2612 0.529 PowerLaw 1130.4579 2.9476278e-13 2.3743947 3.3714606e-13 2.3290126 0.10994487 bcu ""
J1453.5+3505 223.392 35.0884 0.721 PowerLaw 1020.7456 2.9012293e-13 2.4220495 3.036584e-13 2.3885863 0.039925825 fsrq LSP
J1454.0+4927 223.5246 49.4589 2.085 PowerLaw 1066.3511 9.394251e-14 2.5414076 1.2193645e-13 2.4467533 0.2407968 bcu ""
J1454.1+1622 223.5443 16.3747 1.2763 LogParabola 963.00903 6.2852566e-13 2.3298101 8.185197e-13 2.1318674 0.28596196 fsrq LSP
J1454.4-3744 223.6158 -37.7499 0.314 LogParabola 1396.3289 2.6519637e-13 2.5550017 3.011569e-13 2.618215 0.11172454 fsrq LSP
J1454.8-2456 223.7199 -24.9468 1.216 LogParabola 659.5632 7.9362303e-13 2.5892935 1.4485884e-12 2.3589544 0.82843417 fsrq LSP
J1455.4-3654 223.8548 -36.9132 0.094659 PowerLaw 1799.0608 1.0661473e-13 2.3897018 1.0649608e-13 2.3861923 -0.0012238267 bcu ""
J1456.0+5051 224.0181 50.85 0.49 PowerLaw 6822.689 2.9018961e-15 1.8635494 2.8854052e-15 1.8634853 -0.0023991212 bll LSP
J1457.4-3539 224.3657 -35.6527 1.424 LogParabola 719.12274 8.723991e-12 2.3435314 1.0157251e-11 2.1986632 0.1635934 FSRQ LSP
J1457.8-4642 224.4722 -46.7023 0.112 PowerLaw 4452.076 1.0719842e-14 2.0693383 9.771824e-15 2.1019561 -0.04621753 bll ""
J1458.6+3722 224.6733 37.3726 0.333 PowerLaw 1655.6498 1.3631814e-13 2.1993194 1.4818108e-13 2.1489077 0.061497107 bll LSP
J1459.0+7140 224.7531 71.6733 0.91 PowerLaw 821.6307 6.181624e-13 2.4857817 6.5875875e-13 2.4524412 0.051519997 css ISP
J1459.5+1527 224.8875 15.4643 0.3711 PowerLaw 2147.3442 3.7494923e-14 2.1806166 4.261983e-14 2.1175437 0.08434477 fsrq LSP
J1500.7+4752 225.1837 47.8716 1.059 PowerLaw 1744.2898 1.1453807e-13 2.3163612 1.2750051e-13 2.2766523 0.095902614 bll LSP
J1501.0+2238 225.2567 22.6364 0.235 LogParabola 1298.5743 7.0497975e-13 2.0076168 7.4610343e-13 1.9172324 0.05260573 bll ISP
J1502.5+5552 225.6257 55.8797 0.065419 LogParabola 1434.8551 1.2425902e-13 2.3982515 1.5421746e-13 2.3944814 0.1875937 bcu LSP
J1503.3+1651 225.8281 16.8614 1.57 PowerLaw 3315.5469 1.5033246e-14 2.0633662 1.4744064e-14 2.0640824 -0.007485789 bll ""
J1503.5+4759 225.8955 47.9959 0.3445 PowerLaw 1687.7512 2.2850447e-13 2.2459288 2.4235637e-13 2.2190576 0.049538236 bll LSP
J1504.4+1029 226.1033 10.4978 1.839 LogParabola 518.219 1.0277302e-10 2.246488 1.13776655e-10 2.1219308 0.10057087 FSRQ LSP
J1505.0+0326 226.2726 3.4472 0.409 LogParabola 460.08505 1.1997888e-11 2.523493 1.311592e-11 2.4251924 0.097043164 NLSY1 LSP
J1506.1+3731 226.5347 37.5183 0.673 LogParabola 461.00723 1.641315e-11 2.487468 1.8330629e-11 2.3813086 0.12116338 fsrq LSP
J1506.4-0540 226.6188 -5.6761 0.518 PowerLaw 14494.464 6.132607e-16 1.5645863 1.1135083e-15 1.485505 0.56388575 bll ""
J1506.4+4331 226.6221 43.5257 0.47 PowerLaw 1186.5073 1.2352357e-13 2.483344 1.11845896e-13 2.5156004 -0.059814967 bll ISP
J1507.2-1651 226.8071 -16.8609 0.876 PowerLaw 2139.575 3.144193e-14 2.3425474 2.7574844e-14 2.3369975 -0.0598635 fsrq LSP
J1507.2+1721 226.8207 17.3519 0.56528 LogParabola 3387.93 2.6800902e-14 1.834825 3.5169716e-14 1.563559 0.22932968 bll ISP
J1508.8+2708 227.2045 27.1407 0.27 PowerLaw 3365.0337 2.1248846e-14 1.9681851 2.0971757e-14 1.9730994 -0.007251863 bll HSP
J1509.6-4334 227.4159 -43.5775 0.776 LogParabola 839.31213 8.488968e-13 2.7206795 1.2381345e-12 2.9559138 0.49629822 fsrq LSP
J1509.7+5556 227.4408 55.9419 1.68 LogParabola 2909.3071 3.3770265e-14 1.8554977 4.041802e-14 1.5852488 0.18161896 bll ISP
J1510.1+5702 227.5425 57.0398 4.313 PowerLaw 380.93787 3.925466e-12 2.930683 4.392726e-12 2.9089396 0.10448722 fsrq ""
J1510.8-0542 227.7067 -5.7106 1.191 LogParabola 776.5215 3.6192804e-12 2.4284961 4.107882e-12 2.3280125 0.120645694 fsrq LSP
J1512.1-2255 228.0489 -22.9225 0.3152 LogParabola 2951.8098 6.027555e-14 1.9152135 7.017553e-14 1.7424376 0.12756154 bll ""
J1512.2+4704 228.0561 47.0725 0.001258 PowerLaw 3155.109 1.4164768e-14 2.014108 1.5215007e-14 1.9418736 0.053387966 bcu LSP
J1512.2+0202 228.0702 2.0403 0.219915 LogParabola 997.2091 2.3183864e-12 2.1481204 2.6075472e-12 2.0012393 0.118235864 fsrq LSP
J1512.8-0906 228.2147 -9.1064 0.36 LogParabola 881.08905 6.1721635e-11 2.3738954 6.727094e-11 2.3833883 0.055798475 FSRQ LSP
J1513.4-3231 228.369 -32.5265 1.153 LogParabola 828.62683 1.6388167e-12 2.4671297 1.9728537e-12 2.4005783 0.1590461 fsrq LSP
J1514.8-4748 228.7002 -47.8141 1.5512 LogParabola 1066.2482 1.6510896e-12 2.3792088 1.8316655e-12 2.2806466 0.1028216 fsrq LSP
J1516.0+2424 229.0096 24.408 0.228 PowerLaw 11905.705 7.2358944e-16 1.6336614 9.833367e-16 1.5031509 0.18942289 bll HSP
J1516.5+0015 229.1375 0.2657 0.052489 PowerLaw 892.1989 6.0760457e-13 2.5078187 6.9720797e-13 2.4512131 0.11664841 rdg LSP
J1516.8+2918 229.2126 29.3123 0.13 PowerLaw 1970.2184 4.3618656e-14 2.247273 4.12351e-14 2.2608898 -0.026356509 bll ""
J1517.0+2639 229.2605 26.6508 0.385 PowerLaw 1876.9553 5.978439e-14 2.212788 6.53399e-14 2.1658404 0.06387148 bcu LSP
J1517.7-2422 229.4254 -24.373 0.048 LogParabola 837.7746 1.0511213e-11 2.1147943 1.0926755e-11 2.0606327 0.035551388 bll LSP
J1518.0-2731 229.5124 -27.5313 0.128 PowerLaw 2272.7817 3.3659945e-13 2.0545576 3.4968447e-13 2.0322945 0.024706433 bll HSP
J1518.4+0750 229.6107 7.8446 0.41 LogParabola 10813.365 8.675491e-16 1.7536318 1.7474001e-15 1.5556732 0.9999954 bcu HSP
J1518.6+0614 229.6503 6.2419 0.102341 PowerLaw 7298.3223 2.556908e-15 1.7869517 2.675858e-15 1.7803524 0.020822935 rdg HSP
J1518.6+4044 229.6606 40.7449 0.065228 PowerLaw 3728.047 1.7798536e-14 1.8475705 1.9430733e-14 1.809047 0.04565532 bll HSP
J1520.5+4209 230.1347 42.16 0.484 LogParabola 757.70526 5.191384e-13 2.478343 6.091495e-13 2.2540693 0.20839757 fsrq ""
J1521.1+0421 230.2949 4.3644 0.052316 PowerLaw 3164.3381 1.2640174e-14 2.0383232 1.8034675e-14 1.9770385 0.22632316 rdg LSP
J1521.8+4338 230.4645 43.6344 2.1677 PowerLaw 426.46704 2.9030597e-12 2.931233 3.231622e-12 2.9268932 0.09489636 fsrq LSP
J1522.1+3144 230.5454 31.7395 1.489 LogParabola 456.00125 8.9110004e-11 2.402245 9.728963e-11 2.3342924 0.07812083 fsrq LSP
J1522.6-2730 230.6642 -27.5059 1.297 LogParabola 1307.3052 1.2927931e-12 2.2088299 1.4963432e-12 2.125987 0.12267694 bll LSP
J1523.2+0533 230.8241 5.5569 0.175931 PowerLaw 3325.7092 1.2827691e-14 2.0702722 1.3129443e-14 2.0697722 0.011262833 bll LSP
J1526.7-1529 231.6805 -15.4941 0.43 PowerLaw 4065.9556 1.5875424e-14 1.9787459 1.8360942e-14 1.9153957 0.0976268 bcu HSP
J1527.3+3117 231.8486 31.2989 1.392 PowerLaw 1944.2393 4.692587e-14 2.3712447 5.4841843e-14 2.2147598 0.16083685 fsrq ""
J1529.2+3812 232.3111 38.2032 1.06225 LogParabola 3531.946 1.1280802e-14 1.9206831 1.4183734e-14 1.5906518 0.24503046 bll HSP
J1530.9+5736 232.7396 57.6078 1.1 PowerLaw 2374.0156 3.768334e-14 2.0673406 4.1281875e-14 2.02374 0.056535818 bll ISP
