4LAC_catalog_generator_v3/resulting_catalogs/old/agn_pop_4lac_dr3_with_z.ecsv
# %ECSV 1.0
# ---
# datatype:
# - {name: Source_Name, datatype: string}
# - {name: RAJ2000, datatype: float32}
# - {name: DEJ2000, datatype: float32}
# - {name: Redshift, datatype: float64}
# - {name: SpectrumType, datatype: string}
# - {name: Pivot_Energy, datatype: float32}
# - {name: PL_Flux_Density, datatype: float32}
# - {name: PL_Index, datatype: float32}
# - {name: LP_Flux_Density, datatype: float32}
# - {name: LP_Index, datatype: float32}
# - {name: LP_beta, datatype: float32}
# - {name: CLASS, datatype: string}
# - {name: SED_class, datatype: string}
# schema: astropy-2.0
Source_Name RAJ2000 DEJ2000 Redshift SpectrumType Pivot_Energy PL_Flux_Density PL_Index LP_Flux_Density LP_Index LP_beta CLASS SED_class
[from data line 395]
J0456.6-3136 74.1558 -31.6151 0.865 LogParabola 512.02374 3.7579926e-12 2.4576385 4.0718774e-12 2.3381915 0.09590247 fsrq LSP
J0457.0+0646 74.2545 6.7804 0.405 PowerLaw 910.3132 5.537187e-13 2.5410197 6.3621515e-13 2.5039067 0.12056034 fsrq LSP
J0457.0-2324 74.2608 -23.4149 1.003 LogParabola 639.66003 5.836786e-11 2.1988046 6.4528126e-11 2.1159453 0.0841439 FSRQ LSP
J0500.2+5237 75.0735 52.6332 0.123 PowerLaw 7118.922 1.10945316e-14 1.8584822 1.1161483e-14 1.8566449 0.0036818727 bcu ""
J0501.2-0158 75.3023 -1.9749 2.291 LogParabola 489.77325 3.741685e-11 2.35832 4.086936e-11 2.2552664 0.09294403 fsrq LSP
J0502.4+0609 75.6181 6.1627 1.106 PowerLaw 912.04926 6.7316834e-13 2.663549 6.991241e-13 2.6592495 0.033387553 fsrq LSP
J0503.1-6045 75.7995 -60.752 1.037 PowerLaw 917.3801 2.933327e-13 2.75334 3.4919179e-13 2.8077035 0.18260399 fsrq ""
J0503.5-1116 75.8877 -11.2786 0.57 PowerLaw 3769.981 1.7706882e-14 1.939815 2.0724121e-14 1.847069 0.0989281 bll ""
J0505.3+0459 76.3431 4.9994 0.954 LogParabola 850.5252 1.0794545e-11 2.3732636 1.2184382e-11 2.3305128 0.10921467 fsrq LSP
J0505.6+0415 76.4042 4.266 0.424 PowerLaw 4805.36 2.7073697e-14 1.9210784 2.8887584e-14 1.8787037 0.040155206 bll HSP
J0505.8-0419 76.4598 -4.3182 1.481 PowerLaw 1120.9778 5.24078e-13 2.367721 5.725516e-13 2.3345864 0.058079995 fsrq LSP
J0505.8-3817 76.4749 -38.2965 0.182 PowerLaw 3195.8364 2.3123129e-14 1.9275775 2.609324e-14 1.8252181 0.07873662 bll ""
J0507.7-6104 76.9327 -61.0814 1.089 LogParabola 1009.6398 9.162107e-13 2.5001013 9.810127e-13 2.4903185 0.06796078 fsrq LSP
J0508.2-1937 77.0561 -19.6181 1.88 LogParabola 1362.8495 1.0633955e-13 2.318697 1.7990257e-13 1.9522192 0.7457464 fsrq LSP
J0509.4+1012 77.351 10.2008 0.621 LogParabola 807.7818 1.7415982e-12 2.4272258 1.963723e-12 2.360492 0.092957675 fsrq LSP
J0509.4+0542 77.3593 5.7014 0.336 LogParabola 1047.3845 7.771492e-12 2.0942118 8.166982e-12 2.0116632 0.052890196 bll ISP
J0509.6+8425 77.4045 84.4204 1.34 PowerLaw 751.8671 3.305384e-13 2.6605482 3.4307827e-13 2.6041243 0.03877055 bll ""
J0509.6-0402 77.4217 -4.0366 0.304 PowerLaw 3950.705 1.6076241e-14 1.9806886 1.6425509e-14 1.9666249 0.012620687 bll HSP
J0510.0+1800 77.5181 18.0135 0.416 LogParabola 1006.9671 4.205025e-12 2.2163708 4.5978217e-12 2.0997207 0.091994725 fsrq LSP
J0511.4-6804 77.8515 -68.083 0.000927 PowerLaw 2875.4963 2.1306128e-14 2.227001 2.128836e-14 2.2270405 -0.00033365822 bcu ISP
J0515.6-4556 78.9059 -45.9483 0.194 LogParabola 923.8788 2.8380718e-12 2.3822415 3.0661788e-12 2.3385868 0.08212052 fsrq LSP
J0516.4+7350 79.1042 73.8495 0.251 LogParabola 2371.391 6.979753e-14 1.915923 7.758532e-14 1.7606214 0.09452647 bll HSP
J0516.7-6207 79.1798 -62.1248 1.3 LogParabola 880.07184 3.0761455e-12 2.1755414 3.2187408e-12 2.1101203 0.04745716 bll LSP
J0516.8-0509 79.2241 -5.1547 1.413 LogParabola 480.48578 2.309891e-12 2.7368047 3.978744e-12 2.4168346 0.602873 fsrq LSP
J0517.5+0858 79.3941 8.9792 0.328 LogParabola 6597.0264 4.6599687e-15 2.1692147 8.848912e-15 1.901823 0.9917022 fsrq LSP
J0519.6-4544 79.9058 -45.7439 0.035058 PowerLaw 1447.1897 1.7772653e-13 2.5386126 1.6102727e-13 2.5386984 -0.07421548 rdg LSP
J0521.2+1637 80.3136 16.631 0.759 PowerLaw 2962.4167 2.7222336e-14 2.1636534 4.5501583e-14 1.7546492 0.6879312 css LSP
J0521.3-1734 80.3408 -17.5745 0.347 LogParabola 966.33954 5.373867e-13 2.4043229 6.833601e-13 2.3041317 0.22948788 fsrq LSP
J0521.6+0103 80.4106 1.0533 1.496474 PowerLaw 3807.0293 1.631612e-14 1.9878999 1.7387831e-14 1.976249 0.032889135 bll LSP
J0522.9-3628 80.737 -36.4686 0.056 LogParabola 419.9278 5.1991786e-11 2.447654 5.59422e-11 2.3649004 0.078527674 AGN LSP
J0524.5+2839 81.128 28.6572 1.5 PowerLaw 3573.956 6.606104e-14 2.0251818 7.324301e-14 1.962516 0.06867814 bcu ""
J0525.4-4600 81.3717 -46.007 1.479 PowerLaw 1978.171 6.013382e-14 2.2468083 6.842298e-14 2.1211853 0.12904672 fsrq LSP
J0525.6-2008 81.4178 -20.1449 0.092 LogParabola 1750.5593 5.9360645e-14 2.1570675 8.311048e-14 1.8587755 0.34301695 bll LSP
J0525.8-0052 81.4666 -0.8709 1.2 LogParabola 2125.9536 9.356797e-14 2.0873222 1.180422e-13 1.9525887 0.21154289 bll LSP
J0526.2-4830 81.5714 -48.5151 1.3 LogParabola 841.2263 6.0996538e-12 2.2788756 6.6012634e-12 2.2019026 0.08102206 fsrq LSP
J0527.3-6223 81.8385 -62.3951 0.083 PowerLaw 3872.7185 6.4056134e-15 2.048113 6.6486034e-15 2.018466 0.026416693 bll ""
J0528.7-5920 82.1863 -59.3439 1.13 PowerLaw 2563.344 4.5757506e-14 2.0135689 5.1648972e-14 1.9116693 0.09241841 bll HSP
J0529.4-0521 82.3727 -5.3617 0.685 LogParabola 1028.6306 4.780177e-13 2.6271527 5.8520804e-13 2.8030183 0.1875341 fsrq ""
J0530.9+1332 82.7364 13.5402 2.07 LogParabola 749.2762 5.45925e-12 2.5888276 7.139367e-12 2.5418994 0.24066699 FSRQ LSP
J0532.0-4827 83.0022 -48.4607 0.812 LogParabola 970.82666 4.0631873e-12 2.1946979 4.385136e-12 2.084648 0.08730738 BLL ISP
J0532.6+0732 83.172 7.5493 1.254 LogParabola 627.13135 2.0200478e-11 2.3615088 2.2131361e-11 2.2715657 0.08667615 FSRQ LSP
J0532.9-8325 83.2454 -83.4324 0.774 PowerLaw 3656.691 1.6353435e-14 2.1482308 1.82475e-14 2.0678499 0.08377203 fsrq LSP
J0533.3+4823 83.3338 48.3834 1.16 LogParabola 728.4507 8.630729e-12 2.3662593 9.529417e-12 2.2809527 0.0890221 fsrq LSP
J0533.8-3749 83.4749 -37.8309 1.668 PowerLaw 1354.6929 1.2774116e-13 2.324556 1.415904e-13 2.3085496 0.091340736 fsrq LSP
J0536.4-3401 84.1044 -34.0168 0.684 LogParabola 272.64566 5.253001e-11 2.6050634 5.901303e-11 2.4145007 0.12334695 fsrq LSP
J0537.7-5717 84.4251 -57.2909 1.55 LogParabola 1961.9648 1.0474267e-13 1.9968083 1.1959026e-13 1.7745327 0.14599027 bll HSP
J0538.2-3910 84.5746 -39.1696 0.44 PowerLaw 3382.4258 1.7347465e-14 1.9467478 1.9741338e-14 1.8662771 0.081925444 bll HSP
J0538.8-4405 84.7089 -44.0862 0.892 LogParabola 642.80597 4.579279e-11 2.1216245 4.9158757e-11 2.0297084 0.06487229 BLL LSP
J0539.6+1432 84.9052 14.5443 2.69 LogParabola 743.2293 2.3672837e-12 2.5551424 2.7155775e-12 2.4274547 0.14099185 FSRQ LSP
J0539.9-2839 84.9952 -28.6585 3.104 LogParabola 455.0339 1.1055318e-11 2.7080326 1.241711e-11 2.6755579 0.11394826 fsrq LSP
J0540.8-5415 85.2069 -54.2575 1.185 PowerLaw 643.7572 1.7284179e-12 2.7311118 1.8406869e-12 2.7308824 0.04679491 fsrq LSP
J0541.4-7334 85.3514 -73.5774 0.000927 PowerLaw 1571.7343 9.139532e-14 2.3630679 1.03916645e-13 2.2877367 0.107200235 bcu LSP
J0541.6-0541 85.414 -5.6974 0.838 LogParabola 1284.4615 3.3554152e-13 2.5537195 5.0443455e-13 2.9405663 0.35675377 fsrq LSP
J0543.9-5531 85.9814 -55.5327 0.273 LogParabola 2087.8933 4.0580687e-13 1.7771654 4.354985e-13 1.6513587 0.062637955 bll HSP
J0546.9-2206 86.7266 -22.1124 0.28 PowerLaw 4479.469 4.968002e-15 1.9502634 5.926323e-15 1.9333087 0.0802383 bll ""
J0550.3-5733 87.5847 -57.5536 2.001 PowerLaw 1972.0055 4.6951307e-14 2.2338743 4.7875183e-14 2.2254584 0.00915051 fsrq LSP
J0550.5-3216 87.6252 -32.2771 0.069 PowerLaw 3382.1675 2.8334184e-14 1.8908653 2.8756023e-14 1.8824706 0.0078236535 bll HSP
J0552.4+3755 88.1033 37.92 0.815 PowerLaw 812.02686 1.184794e-12 2.6482658 1.2666273e-12 2.6304333 0.046627928 bcu LSP
J0554.4-2757 88.6104 -27.9564 0.230523 PowerLaw 11046.484 7.4770685e-16 1.6218294 9.551189e-16 1.5024667 0.13758588 bll HSP
J0555.6+3947 88.9015 39.7878 2.365 LogParabola 492.36935 9.514537e-12 2.718774 1.2673083e-11 2.5877788 0.27059853 fsrq LSP
J0558.0-3837 89.5233 -38.6317 0.302 LogParabola 2207.0984 1.329819e-13 1.8807336 1.4559802e-13 1.7283883 0.08796182 bll HSP
J0600.3+1244 90.0816 12.7444 0.084 LogParabola 10944.681 3.766355e-15 1.5516739 5.1607553e-15 1.3965236 0.17301545 bcu HSP
J0600.6-3939 90.1507 -39.6507 1.661 LogParabola 350.20752 1.2855218e-11 2.7812696 1.6197241e-11 2.6311052 0.2225008 fsrq LSP
J0601.1-7035 90.2958 -70.5895 2.409 LogParabola 696.9321 5.538388e-12 2.3795087 6.1213495e-12 2.2774699 0.10349167 fsrq LSP
J0601.3-7238 90.3265 -72.6373 0.000927 PowerLaw 2437.7207 2.8292562e-14 2.2211173 2.9240235e-14 2.211496 0.022684019 bll ""
J0601.4+2320 90.3703 23.3478 0.274 LogParabola 670.81116 2.3795297e-12 2.8368697 3.3717608e-12 2.844798 0.36987463 fsrq LSP
J0601.8-2003 90.4729 -20.059 1.216 PowerLaw 573.2118 2.0624624e-12 2.6878426 2.324799e-12 2.6540608 0.10388685 fsrq LSP
J0602.0+5315 90.5148 53.2657 0.052 PowerLaw 3120.5962 8.209646e-14 1.9497385 8.5968105e-14 1.9239753 0.027035134 bll ""
J0602.7-0007 90.6953 -0.1248 0.118 PowerLaw 3189.7808 3.052541e-14 2.237752 3.1132916e-14 2.2410822 0.009317688 bll ""
J0604.1-4816 91.0477 -48.2797 0.454 PowerLaw 5412.0337 9.105463e-15 1.7936169 1.035272e-14 1.7374063 0.070388876 bll HSP
J0604.8+4411 91.207 44.1924 1.136 LogParabola 722.98865 1.3327851e-12 2.523516 1.5603639e-12 2.4041934 0.13752106 bcu LSP
J0606.5-4730 91.6416 -47.5038 0.029771 PowerLaw 3235.1677 2.830047e-14 1.9476714 3.283525e-14 1.8839695 0.09460915 bcu HSP
J0607.2-2518 91.818 -25.3133 0.275 PowerLaw 3703.1677 1.228538e-14 1.9033226 1.4424642e-14 1.8393474 0.08728172 bll ""
J0608.0+6721 92.0057 67.3512 1.97 LogParabola 746.11066 1.1243178e-12 2.4792988 1.2866392e-12 2.3739955 0.122313395 fsrq LSP
J0608.0-0835 92.0101 -8.5857 0.87 LogParabola 771.84033 4.619178e-12 2.4040427 5.2716898e-12 2.323459 0.10967675 fsrq LSP
J0608.1-6028 92.028 -60.4755 1.1 PowerLaw 963.2104 3.328192e-13 2.7485747 3.7717334e-13 2.714902 0.14485343 fsrq LSP
J0608.1-1521 92.0302 -15.3639 1.094 LogParabola 489.29697 7.384943e-12 2.5453124 8.501254e-12 2.4248316 0.12859352 fsrq LSP
J0609.0-2219 92.262 -22.3316 1.926 PowerLaw 1675.4294 9.0041296e-14 2.2833314 1.08829124e-13 2.2406828 0.16251251 fsrq LSP
J0610.9-6054 92.7305 -60.9164 1.773 LogParabola 951.7759 4.810274e-13 2.6498196 5.638452e-13 2.6485252 0.1749882 fsrq LSP
J0612.5-3138 93.128 -31.6381 0.873 PowerLaw 875.41724 7.101037e-13 2.5335274 7.3717974e-13 2.5328248 0.026639052 fsrq LSP
J0613.6+7108 93.4141 71.1355 0.267 PowerLaw 4636.4404 5.818039e-15 2.0410213 5.8085983e-15 2.044361 -0.0028273012 bll ISP
J0617.7-1715 94.4251 -17.2537 0.098 LogParabola 2146.1929 1.9598288e-13 1.9408891 2.1762037e-13 1.8056031 0.0891541 bll ISP
J0618.1-2428 94.5325 -24.4825 0.2995 LogParabola 1553.1842 1.0048688e-13 2.268972 1.2640968e-13 2.122121 0.21402131 fsrq ISP
J0618.9-1138 94.7482 -11.636 0.97 PowerLaw 1525.8691 1.704514e-13 2.4883976 2.0381183e-13 2.416498 0.15247728 bcu LSP
J0620.5-2512 95.1445 -25.2129 1.9 LogParabola 782.20026 1.5457738e-12 2.6120958 1.878921e-12 2.6408947 0.16890553 bcu LSP
J0620.7+2643 95.1766 26.7291 0.133 PowerLaw 17414.53 1.2433768e-15 1.5471418 1.4347189e-15 1.5353402 0.058317985 bll HSP
J0621.7-3411 95.4325 -34.1977 0.529 PowerLaw 3979.108 8.737864e-15 2.1110318 9.7985415e-15 2.0146909 0.093515195 bll HSP
J0622.4-6433 95.6141 -64.5577 0.128889 PowerLaw 329.55103 4.2906572e-12 3.075706 3.8857624e-12 3.0861561 -0.075244226 fsrq LSP
J0622.9+3326 95.7296 33.4335 1.062 LogParabola 953.59784 4.0092448e-12 2.2164881 4.4022915e-12 2.1264298 0.080014355 BCU LSP
J0623.9-5259 95.9824 -52.9954 0.44 PowerLaw 3101.3682 2.2890295e-14 2.0111184 2.2212524e-14 2.0231159 -0.014898476 bll ""
J0625.8-5441 96.4523 -54.6919 2.051 PowerLaw 478.6351 2.7733063e-12 2.8163025 2.8745114e-12 2.8006902 0.027794315 fsrq LSP
J0626.4-1712 96.6175 -17.2017 0.7 PowerLaw 2057.6306 5.9343847e-14 2.2830894 5.6252776e-14 2.3010237 -0.030255567 bll HSP
J0627.0-3529 96.7747 -35.4867 0.055 PowerLaw 2441.6448 2.1239872e-13 1.9114076 2.1894361e-13 1.8903998 0.017333992 rdg HSP
J0628.6+6900 97.1695 69.0006 0.37 PowerLaw 1915.3949 7.029874e-14 2.1972096 7.677698e-14 2.1557653 0.06436846 bcu ""
J0629.3-1959 97.3478 -19.9999 1.724 LogParabola 931.6046 2.3191958e-12 2.2153473 2.56224e-12 2.1202097 0.087331854 bll LSP
J0633.4-2222 98.3696 -22.3724 1.508 LogParabola 834.47644 8.1077246e-13 2.586711 1.0957313e-12 2.5453913 0.3190454 fsrq LSP
J0634.9-2335 98.7305 -23.5949 1.535 PowerLaw 800.51514 1.1576584e-12 2.598346 1.2866066e-12 2.571291 0.08493401 fsrq LSP
J0635.6-7518 98.9022 -75.3046 0.653 LogParabola 406.6175 1.193096e-11 2.6809666 1.27992e-11 2.6064348 0.07194948 fsrq LSP
J0638.6+7320 99.6711 73.3438 1.85 PowerLaw 419.9219 4.5122335e-12 2.880183 4.9932866e-12 2.829671 0.08900335 fsrq LSP
J0640.0-1253 100.0213 -12.896 0.136 PowerLaw 9037.257 7.420878e-15 1.7083997 7.915143e-15 1.6733807 0.03143698 bll HSP
J0641.7-0320 100.4371 -3.3466 1.196 LogParabola 539.5519 1.0597204e-11 2.6810358 1.35737055e-11 2.5439718 0.20992406 FSRQ LSP
J0643.3+0857 100.8345 8.9525 0.882 LogParabola 950.76105 3.3956067e-12 2.5390017 4.323301e-12 2.570513 0.18251745 fsrq LSP
J0644.4-6712 101.1053 -67.2124 1.93 LogParabola 1067.9352 1.6689352e-12 2.149859 1.8108645e-12 2.0254452 0.092012234 fsrq LSP
J0644.6+6039 101.1623 60.6562 0.3582 PowerLaw 2413.697 5.7363585e-14 2.1438096 5.6990084e-14 2.147161 -0.00400245 bll ISP
J0644.6-2853 101.1743 -28.8868 0.49 LogParabola 3709.0059 1.9471737e-14 1.8971887 2.4888081e-14 1.6578408 0.2079452 bcu ""
J0646.7-3913 101.6784 -39.2177 0.681 PowerLaw 502.01398 1.5290042e-12 2.8037405 1.87829e-12 2.721016 0.20290363 fsrq LSP
J0648.0-3045 102.0101 -30.7509 1.153 LogParabola 539.4395 8.5703415e-12 2.4611354 9.8681115e-12 2.343311 0.13661079 fsrq LSP
J0648.4-1743 102.111 -17.7231 1.232 LogParabola 795.65906 1.1092279e-11 2.4228334 1.2778438e-11 2.3634584 0.12676838 fsrq LSP
J0648.4-6941 102.1172 -69.6927 0.233 PowerLaw 6879.0684 1.4576497e-15 1.8305869 1.884516e-15 1.7440816 0.16181359 bll HSP
J0648.7+1516 102.1905 15.2808 0.179 LogParabola 3247.762 1.198937e-13 1.7138773 1.2861753e-13 1.600701 0.055808704 bll HSP
J0653.6+1636 103.4105 16.6106 0.065252 PowerLaw 2949.714 3.6997396e-14 2.1026018 3.8425284e-14 2.0780714 0.024490718 bcu ""
J0654.0-4152 103.5235 -41.876 1.7e-05 PowerLaw 3022.0178 1.7143364e-14 2.1125848 1.6681948e-14 2.1123059 -0.014104382 bll ""
J0654.3+5042 103.5962 50.7027 1.253 LogParabola 877.6064 1.9860908e-12 2.2124252 2.1747595e-12 2.0962498 0.08941282 fsrq LSP
J0654.4+4514 103.606 45.2446 0.928 LogParabola 903.6424 2.0005727e-12 2.274746 2.1205156e-12 2.1829197 0.068340994 FSRQ LSP
J0654.7+4246 103.6856 42.7791 0.126 PowerLaw 3974.5515 2.153051e-14 1.9950024 2.36895e-14 1.9538931 0.063159086 bll LSP
J0656.0+2420 104.0198 24.3448 1.925 PowerLaw 863.6318 3.508476e-13 2.61403 4.649412e-13 2.6689403 0.25029436 fsrq LSP
J0656.3-0322 104.0765 -3.3686 0.634 LogParabola 945.26385 3.3228847e-12 2.562752 4.3208284e-12 2.5930908 0.20622602 fsrq LSP
J0656.3+4235 104.0918 42.5936 0.059 PowerLaw 5281.9575 8.642927e-15 2.002091 9.5547654e-15 1.9827547 0.062494844 bll ISP
J0656.3-2404 104.097 -24.0682 0.371 PowerLaw 2874.4956 2.572261e-14 2.157202 2.6904589e-14 2.1469188 0.02455854 bll HSP
J0658.1-5840 104.5389 -58.6719 0.421 PowerLaw 2333.8704 3.0573312e-14 2.2044854 3.1461545e-14 2.1995459 0.016377581 bcu LSP
J0659.6-2742 104.9066 -27.7013 1.727 LogParabola 1311.7821 2.8406067e-13 2.4668193 3.6424146e-13 2.6045883 0.2132948 fsrq LSP
J0659.9+1709 104.9847 17.1522 1.08 PowerLaw 855.08014 6.754713e-13 2.5892851 7.0431736e-13 2.561333 0.037297744 fsrq ""
J0701.5-4634 105.3906 -46.5729 0.822 LogParabola 659.38074 4.481318e-12 2.437965 5.300518e-12 2.311514 0.1708513 fsrq LSP
J0708.9+4839 107.2472 48.6558 0.01933 PowerLaw 9716.879 1.5607572e-15 1.7155974 1.7855692e-15 1.5941914 0.09831888 rdg ""
J0709.1+2241 107.2769 22.6847 0.297 LogParabola 1310.5944 5.8094897e-13 2.0396986 6.1886753e-13 1.9431303 0.05863186 bll ISP
J0709.2-1527 107.3095 -15.4512 0.142 PowerLaw 7829.5215 7.829399e-15 1.7850308 9.0221875e-15 1.7497371 0.07176586 bll HSP
J0709.7-0255 107.4451 -2.9301 1.472 LogParabola 941.107 2.8962388e-12 2.318745 3.1419036e-12 2.2506595 0.07007084 fsrq LSP
J0710.4+5908 107.6234 59.1352 0.125 LogParabola 3382.1746 4.2558147e-14 1.6911384 4.7123167e-14 1.553631 0.07253964 bll HSP
J0710.8-3851 107.7245 -38.8513 0.129 LogParabola 1001.71204 8.029102e-13 2.515443 9.880365e-13 2.5539331 0.17860949 fsrq LSP
J0710.9+4733 107.7323 47.553 1.292 LogParabola 610.79047 1.7004295e-12 2.615015 1.9729164e-12 2.5025735 0.14962403 bll LSP
