4LAC_catalog_generator_v3/resulting_catalogs/old/agn_pop_4lac_dr3_with_z.ecsv
# %ECSV 1.0
# ---
# datatype:
# - {name: Source_Name, datatype: string}
# - {name: RAJ2000, datatype: float32}
# - {name: DEJ2000, datatype: float32}
# - {name: Redshift, datatype: float64}
# - {name: SpectrumType, datatype: string}
# - {name: Pivot_Energy, datatype: float32}
# - {name: PL_Flux_Density, datatype: float32}
# - {name: PL_Index, datatype: float32}
# - {name: LP_Flux_Density, datatype: float32}
# - {name: LP_Index, datatype: float32}
# - {name: LP_beta, datatype: float32}
# - {name: CLASS, datatype: string}
# - {name: SED_class, datatype: string}
# schema: astropy-2.0
Source_Name RAJ2000 DEJ2000 Redshift SpectrumType Pivot_Energy PL_Flux_Density PL_Index LP_Flux_Density LP_Index LP_beta CLASS SED_class
[from data line 526]
J0712.7+5033 108.1876 50.5506 0.502 LogParabola 820.387 2.2617132e-12 2.2157116 2.344793e-12 2.1674109 0.034783106 bll LSP
J0713.8+1935 108.4647 19.5879 0.54 LogParabola 611.7157 6.4760593e-12 2.371873 7.2270033e-12 2.238047 0.11638894 fsrq LSP
J0718.0+4536 109.5159 45.6163 0.94 LogParabola 643.1043 3.0184058e-12 2.4261918 3.6113857e-12 2.2529738 0.19151476 fsrq LSP
J0719.1-7055 109.78 -70.9268 0.339 PowerLaw 3097.6257 1.800554e-14 2.0918965 2.2943309e-14 1.9601003 0.18365723 bll ""
J0719.3+3307 109.84 33.1232 0.779 LogParabola 723.9595 8.185278e-12 2.1892316 9.1607095e-12 2.0636249 0.10781891 fsrq LSP
J0719.7-4012 109.9252 -40.2141 3.7e-05 PowerLaw 1840.9896 1.7213223e-13 2.2211504 1.8339133e-13 2.1931484 0.04155461 bll ""
J0721.3+0405 110.3475 4.0914 0.665 LogParabola 501.77975 8.128071e-12 2.5444343 9.425712e-12 2.4065804 0.147207 fsrq LSP
J0722.7+3606 110.6803 36.1137 0.365 PowerLaw 794.57104 4.2933203e-13 2.575578 5.0994956e-13 2.480831 0.14200035 bcu LSP
J0723.5+2900 110.8852 29.0075 0.966 PowerLaw 587.6555 8.5090084e-13 2.6767676 1.0103738e-12 2.479246 0.17093271 fsrq LSP
J0725.2+1425 111.324 14.4212 1.038 LogParabola 588.163 1.5515447e-11 2.28147 1.6799824e-11 2.1870177 0.077004954 FSRQ LSP
J0725.8-0054 111.4698 -0.9134 0.128 PowerLaw 2081.5244 2.228687e-13 2.066964 2.1709705e-13 2.0799809 -0.014597616 bcu LSP
J0726.4-4727 111.6131 -47.4589 1.686 LogParabola 1086.8484 1.0563038e-12 2.4813964 1.2361507e-12 2.4753249 0.12302325 fsrq LSP
J0727.1+3734 111.7785 37.5719 0.57 PowerLaw 5418.4663 3.2127487e-15 1.9296122 2.7337387e-15 -0.048980314 0.9990477 bll ISP
J0728.0-4740 112.0165 -47.6699 2.282 PowerLaw 5028.513 5.75565e-15 2.158262 7.796832e-15 1.5072556 0.53368396 fsrq LSP
J0728.0+6735 112.0212 67.5991 0.846 PowerLaw 481.47787 2.09103e-12 2.8425 2.272703e-12 2.8114562 0.08009012 bcu LSP
J0729.1+5703 112.2857 57.0558 0.426 PowerLaw 1163.5272 1.2900163e-13 2.5042882 1.4161964e-13 2.4649873 0.05934742 fsrq LSP
J0730.3-1141 112.5776 -11.6888 1.589 LogParabola 664.3838 3.7618228e-11 2.297462 4.189193e-11 2.209389 0.0923601 fsrq LSP
J0730.4+3308 112.6238 33.1344 0.112 LogParabola 2425.312 6.220123e-14 1.9211258 7.380157e-14 1.7257 0.15451097 bll HSP
J0730.7-6602 112.6943 -66.0464 0.106 PowerLaw 6409.733 8.858594e-15 1.7520686 1.0247977e-14 1.6890706 0.07731484 bll ""
J0731.9+2805 112.981 28.0882 0.248 PowerLaw 2967.9758 1.46939e-14 2.0356011 1.8260655e-14 1.8888974 0.17276272 bll ISP
J0733.4+5152 113.3619 51.8798 0.065 PowerLaw 5933.298 7.6259825e-15 1.7648747 7.920559e-15 1.7415713 0.017333768 bcu HSP
J0733.5+3517 113.3761 35.2938 0.177 PowerLaw 2145.9895 2.9704585e-14 2.1967642 3.734775e-14 2.0180278 0.19272955 bll HSP
J0733.7+4110 113.4481 41.1706 0.67 PowerLaw 2752.1992 4.6743215e-14 1.9977165 5.0178625e-14 1.9334961 0.050831668 bll ISP
J0733.8+0455 113.4722 4.9282 3.01 LogParabola 756.49335 1.2576577e-12 2.433743 1.4461931e-12 2.332176 0.13067779 fsrq LSP
J0734.0+5021 113.5245 50.3572 0.72 LogParabola 803.5779 1.6877417e-12 2.3612006 1.9329323e-12 2.215943 0.14897431 fsrq LSP
J0738.1+1742 114.5387 17.7066 0.424 LogParabola 1622.6273 2.18701e-12 2.023999 2.3743256e-12 1.9651836 0.06675919 bll LSP
J0738.9-6736 114.7427 -67.6038 1.663 PowerLaw 799.45526 8.367221e-13 2.5948298 8.038001e-13 2.6013923 -0.02700828 fsrq LSP
J0739.2+0137 114.82 1.6216 0.189 LogParabola 493.4284 4.3540768e-11 2.38503 4.8025993e-11 2.2895896 0.096195996 fsrq LSP
J0740.9+3203 115.2335 32.0581 0.179 PowerLaw 1579.6427 8.2999024e-14 2.2878318 8.769887e-14 2.2618685 0.034394946 bll HSP
J0741.4-4709 115.3556 -47.1636 0.765 LogParabola 1186.7279 4.07916e-13 2.6199489 4.6165464e-13 2.7217412 0.11740883 fsrq LSP
J0742.1+4902 115.5361 49.0428 2.312 PowerLaw 1768.9266 7.54394e-14 2.2733898 8.623239e-14 2.1465445 0.12701006 fsrq LSP
J0743.0-5622 115.7698 -56.3768 2.319 PowerLaw 549.2657 1.7128348e-12 2.7325535 2.0178243e-12 2.7021174 0.14382327 fsrq LSP
J0744.1+7434 116.0345 74.5778 0.314 PowerLaw 5729.084 1.2275021e-14 1.8097967 1.251785e-14 1.7980388 0.010677741 bll HSP
J0746.0-0039 116.5246 -0.6543 0.994 PowerLaw 462.8098 1.4842322e-12 2.795952 1.7022801e-12 2.7893536 0.11257586 fsrq ""
J0746.4+2546 116.6021 25.7678 2.987498 LogParabola 453.233 5.2469843e-12 2.824355 6.6323175e-12 2.809432 0.25862882 fsrq LSP
J0746.5+2730 116.6276 27.5153 1.69 LogParabola 576.2812 1.3998526e-12 2.6301563 1.6309857e-12 2.3900456 0.2272142 fsrq LSP
J0748.6+2400 117.1638 24.0166 0.409854 PowerLaw 1104.3633 7.227659e-13 2.3681312 7.621483e-13 2.3462827 0.040686004 fsrq LSP
J0749.2+2314 117.3217 23.2337 0.175 PowerLaw 4926.0757 6.401785e-15 1.9878184 6.011054e-15 1.9965191 -0.03115197 bll HSP
J0749.3+4453 117.3482 44.8918 0.559233 LogParabola 1126.0688 4.286855e-13 2.2711837 4.9885047e-13 2.1423745 0.151136 bcu LSP
J0749.4+1058 117.3728 10.9781 0.214 PowerLaw 2973.0237 3.023577e-14 2.0576482 3.4605687e-14 2.0261128 0.08809024 bll ISP
J0749.5+1026 117.3871 10.449 1.285 LogParabola 641.5618 7.933975e-13 2.7952473 1.0632683e-12 2.9649787 0.28390756 fsrq LSP
J0749.7+7450 117.431 74.8463 0.607 PowerLaw 3002.7183 1.8702628e-14 2.1476107 1.8085216e-14 2.1642644 -0.023012966 bll ISP
J0749.9+1823 117.4853 18.387 1.161 PowerLaw 1256.6454 1.7264623e-13 2.4393163 2.1680293e-13 2.4099767 0.11849643 fsrq LSP
J0750.8+1229 117.701 12.494 0.889 LogParabola 887.75024 1.5986914e-12 2.4802566 1.8091583e-12 2.4705806 0.10570364 fsrq ""
J0751.4+2655 117.8664 26.9275 0.333965 LogParabola 3339.1716 1.02056975e-14 1.9759827 1.5942649e-14 1.8070749 0.3794246 bcu LSP
J0751.9+3314 117.9826 33.2361 1.935716 LogParabola 508.05914 9.208416e-12 2.4304526 1.0365577e-11 2.308749 0.12248693 fsrq LSP
J0753.0+5353 118.253 53.8891 0.2 LogParabola 1048.8273 1.1765262e-12 2.1327598 1.2451795e-12 2.042807 0.059772875 bll LSP
J0757.1+0956 119.2856 9.9491 0.266 LogParabola 1118.5859 1.4420782e-12 2.1471992 1.4972234e-12 2.1068544 0.0337101 bll LSP
J0758.1+1134 119.5372 11.5669 0.568712 PowerLaw 1472.4563 1.3596414e-13 2.327703 1.3607201e-13 2.323369 -0.00016715362 fsrq ""
J0758.7+3746 119.6893 37.7776 0.042836 PowerLaw 2173.1184 3.0322895e-14 2.2340832 3.3654777e-14 2.1714306 0.091449454 rdg ISP
J0758.9+2703 119.7258 27.0653 0.099 PowerLaw 1669.9509 1.7070088e-13 2.13262 1.8861644e-13 2.072141 0.07680846 bll LSP
J0759.6+1321 119.9004 13.3627 0.3864 PowerLaw 5251.812 1.0939976e-14 1.8331461 1.3053747e-14 1.7149197 0.11825754 bll ""
J0800.9+4401 120.2457 44.0181 1.072 LogParabola 1335.2997 2.015974e-13 2.1747172 2.2947898e-13 2.0077977 0.1341863 bll LSP
J0801.1+6444 120.2933 64.7438 0.2 PowerLaw 3591.8035 2.0633919e-14 1.9282087 2.2440181e-14 1.8665581 0.056610208 bll ""
J0802.0+1006 120.5075 10.1117 0.84159 PowerLaw 2830.8386 3.661209e-14 2.0210953 4.04908e-14 1.9734111 0.06477197 bll HSP
J0803.2-0337 120.8247 -3.6189 0.365 PowerLaw 1953.5404 2.47376e-13 2.0072072 2.586489e-13 1.9819776 0.026855761 fsrq HSP
J0805.2-0110 121.3004 -1.181 1.388 LogParabola 637.54285 2.2255776e-12 2.47599 2.6158403e-12 2.3724067 0.14947042 fsrq LSP
J0805.4+6147 121.3557 61.7937 3.033 LogParabola 352.85437 8.635119e-12 2.813827 1.0082258e-11 2.672476 0.17287642 fsrq LSP
J0805.4+7534 121.3616 75.5766 0.121 LogParabola 1664.2295 4.608763e-13 1.8490933 4.8112214e-13 1.7676579 0.03973461 bll HSP
J0806.5+4503 121.6284 45.0605 2.102 PowerLaw 747.04083 5.0471677e-13 2.578675 5.6484575e-13 2.4978395 0.098478965 fsrq LSP
J0806.5+5930 121.6497 59.5142 0.3 PowerLaw 3262.9358 2.5071753e-14 2.0004911 2.3603522e-14 2.0293174 -0.03043073 bll HSP
J0808.2-0751 122.065 -7.8556 1.837 LogParabola 618.6522 2.0987413e-11 2.2323818 2.3007152e-11 2.1259036 0.08672579 fsrq LSP
J0808.5+4950 122.1299 49.8338 1.435161 LogParabola 360.76227 5.9040164e-12 2.8150005 7.2001493e-12 2.64253 0.22328731 fsrq LSP
J0809.3+4053 122.33 40.8954 1.418 PowerLaw 728.849 7.65272e-13 2.592133 8.706522e-13 2.4965723 0.119415745 fsrq LSP
J0809.3+3121 122.348 31.3533 0.29558 PowerLaw 1866.1525 3.0262502e-14 2.2283802 4.0145963e-14 2.1777108 0.19888003 bll LSP
J0809.5+5341 122.3791 53.6876 2.133 LogParabola 856.1046 2.243028e-12 2.2730193 2.495373e-12 2.1287048 0.1245243 fsrq LSP
J0809.6+3455 122.4215 34.9252 0.083 PowerLaw 4758.6816 9.842769e-15 1.8416556 9.989444e-15 1.8375418 0.0075979945 bll HSP
J0809.8+5218 122.4617 52.3143 0.138 LogParabola 1341.7186 1.941368e-12 1.8806382 1.9882082e-12 1.8324074 0.023044547 BLL HSP
J0811.4+0146 122.861 1.7756 1.148 LogParabola 1229.76 2.588616e-12 2.0945237 2.8753445e-12 2.020257 0.08751291 bll LSP
J0812.0+0237 123.0094 2.6285 0.172 PowerLaw 4269.775 2.7612957e-14 1.8818071 2.6037154e-14 1.917648 -0.029941292 bll ""
J0812.5+0711 123.1443 7.1939 1.285 PowerLaw 847.22876 3.131109e-13 2.5854337 3.1355604e-13 2.5824313 0.0023787054 bcu LSP
J0812.6+2821 123.1562 28.3574 0.490576 PowerLaw 3045.4546 1.7676627e-14 2.0624444 1.7468416e-14 2.0599144 -0.005162132 bcu HSP
J0812.9+5555 123.2454 55.9169 0.383 PowerLaw 2027.6754 4.904936e-14 2.2448814 4.8179674e-14 2.2505727 -0.009666308 bll HSP
J0814.4+2941 123.6104 29.6857 1.08353 PowerLaw 4641.799 8.550502e-15 1.9467348 9.768033e-15 1.901866 0.08682943 bll HSP
J0814.6+6430 123.6654 64.505 0.239 LogParabola 955.21655 2.287203e-12 2.2187836 2.3888677e-12 2.1772573 0.03866031 bll LSP
J0815.6+3641 123.9073 36.6954 1.028 PowerLaw 1629.0095 6.0382465e-14 2.321799 6.773396e-14 2.2952013 0.076721385 fsrq ""
J0815.9+2951 123.977 29.8627 0.336 PowerLaw 2721.2021 2.0519334e-14 2.126585 2.57538e-14 2.109588 0.1609569 bcu ""
J0816.1+4909 124.0255 49.1622 0.475 PowerLaw 2925.9543 2.3916844e-14 2.0394814 2.6074701e-14 1.9903454 0.056737915 bll ISP
J0816.9+2050 124.23 20.8499 0.058 LogParabola 2563.5361 4.7505535e-14 1.9209912 5.8590245e-14 1.7458152 0.15657234 bll ISP
J0817.1+1955 124.2772 19.9282 0.138 PowerLaw 7474.453 2.3484192e-15 1.7285128 2.5684176e-15 1.7211413 0.043115377 bcu LSP
J0818.4+2816 124.6076 28.2738 0.226 PowerLaw 2661.5369 3.4351004e-14 2.1084878 3.8971152e-14 2.052988 0.09279114 bll ISP
J0818.8+3229 124.705 32.4885 0.649787 PowerLaw 2789.846 1.562064e-14 2.2675223 1.8677602e-14 2.302961 0.1465807 fsrq LSP
J0819.0+2746 124.7636 27.7772 0.392929 LogParabola 1951.768 7.1465816e-14 2.1227365 8.850805e-14 1.9802405 0.19687353 bll LSP
J0819.4-0756 124.8532 -7.9457 0.45 PowerLaw 6105.2437 6.5415702e-15 1.7945331 7.514439e-15 1.695803 0.083978616 bll HSP
J0819.4+4035 124.854 40.5968 0.389 PowerLaw 3508.4873 1.0991535e-14 2.046688 1.3508156e-14 1.9057456 0.15373026 bll LSP
J0820.3+3639 125.0892 36.6653 0.393 PowerLaw 1706.5155 1.3736988e-13 2.202425 1.4803064e-13 2.1757958 0.05107178 bll LSP
J0820.9+2353 125.2255 23.89 0.402 PowerLaw 2554.6567 3.781307e-14 2.1176643 3.7168084e-14 2.126591 -0.00975177 bll ISP
J0821.1+1007 125.2993 10.1287 0.9556 PowerLaw 1354.3849 1.0445185e-13 2.3776956 1.0139495e-13 2.382843 -0.016765565 bcu LSP
J0823.1-6330 125.7954 -63.502 0.29 PowerLaw 7184.205 3.4023183e-15 1.8264962 3.8441832e-15 1.749666 0.0734174 bll ""
J0823.1+4042 125.7997 40.7077 0.8655 PowerLaw 1366.4509 1.5930493e-13 2.4642367 1.5309927e-13 2.4857988 -0.030245855 fsrq LSP
J0823.3+2224 125.8443 22.4093 0.951 PowerLaw 1116.4769 3.0615056e-13 2.3753297 3.5082413e-13 2.329883 0.09619638 bll ""
J0824.4+2440 126.1081 24.6709 1.242 PowerLaw 970.7324 8.224457e-13 2.480364 8.402642e-13 2.469712 0.019979885 fsrq LSP
J0824.7+5552 126.1977 55.8816 1.417 PowerLaw 609.94586 2.9247267e-12 2.599026 3.0293847e-12 2.585304 0.02813755 fsrq LSP
J0824.9+3915 126.2361 39.2574 1.216 LogParabola 755.10803 1.6866392e-12 2.4222484 1.8602299e-12 2.3290567 0.106088355 fsrq LSP
J0825.8+0309 126.4567 3.1656 0.506 PowerLaw 1498.5464 3.3310794e-13 2.1696715 3.461464e-13 2.1436007 0.027571676 bll LSP
J0826.4-6404 126.6229 -64.0758 0.34 PowerLaw 6178.552 1.2093095e-14 1.7737168 1.2878691e-14 1.7393682 0.032241534 bll HSP
J0827.8+5221 126.9611 52.3599 0.337622 PowerLaw 2274.471 2.773434e-14 2.2500792 2.590524e-14 2.2815745 -0.038981557 fsrq ""
J0828.3+4152 127.0877 41.879 0.001324 PowerLaw 7366.5645 1.808984e-15 1.8018152 2.0949359e-15 1.7270771 0.10208257 bll ""
J0829.0+1755 127.2747 17.9233 0.089442 LogParabola 2075.314 6.543198e-14 2.0814521 7.790988e-14 1.9951811 0.12567788 bll ""
J0829.4+0857 127.3535 8.9562 0.866 PowerLaw 2098.1545 5.5921308e-14 2.1243465 5.89148e-14 2.1067593 0.03196246 fsrq LSP
J0830.0+5231 127.5111 52.5307 0.205 PowerLaw 8385.231 2.4798554e-15 1.7400688 2.470716e-15 1.7337339 0.00067703513 bll HSP
J0830.8+2410 127.7015 24.1727 0.939 LogParabola 611.13696 6.326823e-12 2.491798 7.377326e-12 2.3727007 0.17843679 FSRQ LSP
J0831.8+0429 127.9732 4.4941 0.174 LogParabola 597.51697 1.2706307e-11 2.2649548 1.3824732e-11 2.1658266 0.084765546 bll LSP
J0832.4+4912 128.1078 49.2127 0.548 PowerLaw 1091.7047 4.9018266e-13 2.31291 5.1461634e-13 2.283666 0.036952566 bll LSP
J0833.0+3300 128.261 33.0138 0.670511 PowerLaw 6110.151 2.5415865e-15 1.7967836 3.10215e-15 1.7259632 0.10327905 bll ""
J0833.4-0458 128.3651 -4.9696 3.45 LogParabola 1558.455 1.1822744e-13 2.158965 1.8207751e-13 1.7605442 0.5719089 fsrq LSP
J0833.9+4223 128.4759 42.3989 0.249073 LogParabola 696.9797 1.6183532e-12 2.4167426 1.7414222e-12 2.3195775 0.08390887 fsrq LSP
J0835.2-2243 128.8091 -22.7282 1.064 LogParabola 812.3228 3.9457855e-13 2.5800288 8.006968e-13 2.5477133 0.99998415 fsrq ""
J0835.7+0936 128.9474 9.6153 0.35 PowerLaw 2021.8807 4.5632484e-14 2.194486 4.970703e-14 2.1825442 0.048678566 bll ISP
J0835.8+1517 128.9613 15.2955 0.16838 PowerLaw 1110.287 1.4156174e-13 2.4325798 1.7541541e-13 2.4269986 0.15751177 bll ISP
J0836.5-2026 129.1309 -20.4474 2.752 LogParabola 319.9729 8.663706e-12 2.8729072 1.2335358e-11 2.6542573 0.4113945 fsrq LSP
J0836.9+5833 129.2386 58.557 0.611 PowerLaw 1475.7596 1.0748184e-13 2.3465853 1.0192299e-13 2.3557248 -0.027345864 bll LSP
J0837.3+1458 129.3461 14.9677 0.278 LogParabola 6396.941 3.1802652e-15 1.7408706 4.491513e-15 1.4247351 0.31733117 bll HSP
J0837.4+2454 129.3682 24.9004 1.125311 PowerLaw 661.97327 4.936406e-13 2.760912 4.910103e-13 2.7693253 -0.0102022495 fsrq LSP
J0839.7+3540 129.9315 35.6734 0.415 LogParabola 1797.87 1.2497596e-13 1.9839476 1.4063184e-13 1.7918292 0.11603929 bll LSP
J0839.8+0105 129.9633 1.0877 1.123 LogParabola 646.2868 3.8660867e-12 2.3662848 4.5008016e-12 2.2035103 0.16764912 fsrq LSP
J0840.8+1317 130.2218 13.2871 0.681 LogParabola 842.3581 4.4393645e-13 2.4696946 6.3397307e-13 2.3309112 0.32098648 ssrq LSP
J0841.3+7053 130.3418 70.8887 2.218 LogParabola 375.479 5.2858815e-11 2.8123 6.684325e-11 2.755881 0.25154838 FSRQ LSP
J0842.5+0251 130.6331 2.8662 0.425 PowerLaw 4900.3037 6.688808e-15 1.9035476 7.66118e-15 1.780849 0.09220404 bll ISP
J0842.7+6656 130.6936 66.9451 0.121 PowerLaw 9848.737 1.5845295e-15 1.8636135 1.3196816e-15 1.9312869 -0.08093686 bll HSP
J0843.1+5034 130.7877 50.5741 0.439228 PowerLaw 16281.117 2.5256283e-16 1.5676596 4.2920565e-16 0.41477 0.92254114 bll ISP
J0844.2+5312 131.0509 53.2141 0.435 PowerLaw 1844.0026 2.4274463e-13 2.0189266 2.5858796e-13 1.9771366 0.042494334 bll LSP
J0845.7-5556 131.4473 -55.949 0.433 PowerLaw 2148.6196 8.464178e-14 2.2938356 8.4947816e-14 2.2930536 0.002495533 fsrq LSP
J0846.9+4608 131.7263 46.1378 1.21648 LogParabola 507.80768 1.284432e-12 2.6963413 1.5904324e-12 2.3130832 0.35183302 fsrq LSP
J0847.0-2336 131.7567 -23.6141 0.059 PowerLaw 2406.5205 2.0534349e-13 1.9668148 2.1012878e-13 1.9569002 0.011952437 bll ""
J0847.2+1134 131.8119 11.5692 0.199 PowerLaw 5102.436 1.7672868e-14 1.7278124 1.9136646e-14 1.6899655 0.038497813 bll ISP
J0848.0-0524 132.0034 -5.4147 1.242 PowerLaw 538.059 1.3301235e-12 2.7188451 1.619202e-12 2.6231787 0.18762809 fsrq LSP
J0849.5+0456 132.3817 4.9481 1.06959 LogParabola 1569.5347 2.4019496e-13 2.0648913 2.8078806e-13 1.9075743 0.13491404 bll ISP
J0850.0+5108 132.5126 51.1414 0.583 LogParabola 701.52234 4.177494e-12 2.2510755 4.5643333e-12 2.1286924 0.09838552 NLSY1 LSP
J0850.1-1212 132.5412 -12.2121 0.566 LogParabola 619.7468 7.685499e-12 2.317777 8.431117e-12 2.2169843 0.0939895 fsrq LSP
