4LAC_catalog_generator_v3/resulting_catalogs/old/agn_pop_4lac_dr3_with_z.ecsv
# %ECSV 1.0
# ---
# datatype:
# - {name: Source_Name, datatype: string}
# - {name: RAJ2000, datatype: float32}
# - {name: DEJ2000, datatype: float32}
# - {name: Redshift, datatype: float64}
# - {name: SpectrumType, datatype: string}
# - {name: Pivot_Energy, datatype: float32}
# - {name: PL_Flux_Density, datatype: float32}
# - {name: PL_Index, datatype: float32}
# - {name: LP_Flux_Density, datatype: float32}
# - {name: LP_Index, datatype: float32}
# - {name: LP_beta, datatype: float32}
# - {name: CLASS, datatype: string}
# - {name: SED_class, datatype: string}
# schema: astropy-2.0
Source_Name RAJ2000 DEJ2000 Redshift SpectrumType Pivot_Energy PL_Flux_Density PL_Index LP_Flux_Density LP_Index LP_beta CLASS SED_class
[from data line 1049]
J1253.5-3934 193.3983 -39.567 0.179 LogParabola 10464.002 1.2946959e-15 1.6929772 2.3416887e-15 1.41467 0.5009872 bll HSP
J1253.8+0327 193.4531 3.4507 0.066 LogParabola 1480.8317 3.5492895e-13 2.0124857 3.8602907e-13 1.8931525 0.076142505 bll HSP
J1254.5+2210 193.637 22.1808 0.509 PowerLaw 2217.4275 1.0862217e-13 2.0270455 1.1778434e-13 1.9544417 0.058343243 bll HSP
J1254.9-4426 193.728 -44.4441 0.041 PowerLaw 1331.1377 2.1634214e-13 2.3874397 2.276007e-13 2.3615127 0.038414005 bll LSP
J1254.9+1138 193.7334 11.6495 0.872 PowerLaw 413.61954 4.4634847e-12 2.8314273 4.9776958e-12 2.7878554 0.101292215 fsrq LSP
J1256.1-0547 194.0415 -5.7887 0.536 LogParabola 954.1499 5.6672122e-11 2.2891772 6.362728e-11 2.2989004 0.07763999 FSRQ LSP
J1256.2-1146 194.0632 -11.7755 0.058 PowerLaw 2775.4802 9.863911e-14 1.9147693 1.0422999e-13 1.8840846 0.030641526 bll HSP
J1257.2+3646 194.3103 36.7706 0.530688 LogParabola 1443.4778 2.5737252e-13 2.0246737 2.7904672e-13 1.8842603 0.084492646 bll ISP
J1257.6+2413 194.4191 24.2199 0.141 PowerLaw 4860.139 3.682759e-15 1.9163603 3.788883e-15 1.8997133 0.018970056 bll HSP
J1257.8+3228 194.4728 32.4721 0.806 LogParabola 775.9997 2.4204792e-12 2.3120444 2.6650685e-12 2.1993823 0.10703701 fsrq LSP
J1258.3+6121 194.5879 61.3622 0.224 LogParabola 2334.842 2.6426813e-14 2.032759 3.2549362e-14 1.7349323 0.22442712 bll ISP
J1258.6-1759 194.6635 -17.9958 1.956 LogParabola 722.1979 2.7572144e-12 2.3652723 3.1815798e-12 2.182561 0.16483094 fsrq LSP
J1258.7-0452 194.6847 -4.8675 0.586 PowerLaw 6620.471 4.5677666e-15 1.8011385 6.2572844e-15 1.6835172 0.20542552 bll ""
J1258.8-2219 194.7172 -22.3257 1.303 LogParabola 850.1523 3.5637977e-12 2.381779 4.021536e-12 2.3234549 0.10508115 fsrq LSP
J1259.1-2311 194.7798 -23.1925 0.481 PowerLaw 2746.521 1.1176646e-13 2.0383446 1.188481e-13 1.993312 0.043653704 bll LSP
J1259.7-3223 194.9449 -32.3898 0.01375 LogParabola 943.4617 1.1863681e-12 2.3814375 1.4497802e-12 2.2973866 0.16788481 bll LSP
J1259.8-3749 194.9646 -37.8234 0.211 PowerLaw 2071.2358 1.4902925e-13 2.0849597 1.5255977e-13 2.0703032 0.014299319 bll HSP
J1300.3+5353 195.0868 53.899 0.643511 LogParabola 1298.6741 7.1831565e-14 2.4931495 9.896707e-14 2.0623496 0.61205506 bll ISP
J1300.4+1416 195.1195 14.2701 1.108552 LogParabola 390.84073 8.214186e-12 2.653706 9.296393e-12 2.520974 0.13885656 fsrq LSP
J1301.5+4413 195.3982 44.2279 0.435 PowerLaw 2380.145 2.7665089e-14 2.100191 2.7044734e-14 2.1121461 -0.0135950195 bll ISP
J1301.6+4056 195.4014 40.9484 0.652 PowerLaw 2840.8682 1.8223492e-14 1.9715917 2.3027426e-14 1.8388314 0.16792455 bll LSP
J1301.6+3336 195.4176 33.6097 1.0084 PowerLaw 916.76764 3.71167e-13 2.5578847 4.0877474e-13 2.4917936 0.103350826 fsrq LSP
J1302.3+6901 195.5882 69.033 0.567 PowerLaw 580.6503 6.6256625e-13 2.7360368 7.4050217e-13 2.6788995 0.10261656 bcu ""
J1302.7+4750 195.687 47.8495 0.14 PowerLaw 537.5984 7.4835613e-13 2.8365884 6.7561413e-13 2.8602498 -0.08205474 bll ""
J1302.8+5748 195.7209 57.8146 1.088 PowerLaw 1440.5267 1.7624136e-13 2.247641 1.7386536e-13 2.2571385 -0.009691011 bll LSP
J1303.0+2434 195.7571 24.5821 0.993 LogParabola 860.2145 2.7233038e-12 2.186331 2.9098072e-12 2.0807223 0.076983474 bll LSP
J1303.6-4622 195.9238 -46.3675 1.664 LogParabola 1672.9215 1.5106602e-13 2.2154686 1.8834493e-13 2.0974817 0.1745891 fsrq LSP
J1304.0+3704 196.0075 37.071 0.425 PowerLaw 987.48975 3.0077308e-13 2.4827483 3.2053692e-13 2.4544337 0.055245373 bll LSP
J1304.6-0348 196.1718 -3.8139 1.25 LogParabola 1989.2683 2.969723e-14 2.1895556 4.7972114e-14 1.8922684 0.586088 fsrq LSP
J1305.3+5118 196.3258 51.3097 0.787552 PowerLaw 494.09637 1.0584735e-12 2.8119774 1.3310997e-12 2.8037026 0.2619994 nlsy1 LSP
J1306.3+1113 196.5992 11.229 0.085704 PowerLaw 5618.1387 4.8440883e-15 1.8633472 4.8027403e-15 1.8615328 -0.0012950905 rdg ""
J1306.7-2148 196.6988 -21.8094 0.126 LogParabola 1918.5636 1.3189863e-13 2.126639 1.618875e-13 1.8556293 0.23941186 rdg LSP
J1308.5+3547 197.1286 35.7918 1.055 LogParabola 712.50256 2.572277e-12 2.333917 3.080821e-12 2.1571 0.21009248 fsrq LSP
J1309.4+4305 197.3626 43.085 0.694 LogParabola 1375.566 7.3629546e-13 1.9079357 8.0983793e-13 1.7641357 0.086652815 bll ISP
J1310.2-1158 197.5732 -11.9734 0.14 PowerLaw 2491.3992 7.019491e-14 2.025376 7.3656745e-14 1.9984311 0.028252512 bll HSP
J1310.5+3221 197.6324 32.3547 0.997 LogParabola 2158.7446 6.789641e-13 2.3017867 7.637574e-13 2.4003425 0.06768679 fsrq LSP
J1310.6+2449 197.6525 24.8323 0.226 PowerLaw 3295.2004 2.3393805e-14 1.9549481 2.2669116e-14 1.9743565 -0.015914906 bll ""
J1310.7-5553 197.6837 -55.8867 0.104 LogParabola 872.6784 6.7042194e-13 2.718759 1.0094784e-12 2.4857264 0.5947276 bcu HSP
J1310.9+5514 197.7291 55.2497 0.9245 PowerLaw 870.14746 4.620644e-13 2.498202 4.720314e-13 2.481083 0.022936063 fsrq ""
J1311.0+0034 197.751 0.5675 0.002307 PowerLaw 3488.203 3.2382517e-14 2.0765436 3.131333e-14 2.0866644 -0.018824022 bll ISP
J1311.0+3233 197.7598 32.5565 1.639 LogParabola 2097.7502 1.7967743e-13 2.4578788 2.3074479e-13 2.2472072 0.2575464 fsrq LSP
J1312.4-2156 198.1108 -21.938 1.491 LogParabola 1330.636 1.1475336e-12 2.0417125 1.3177665e-12 1.8674401 0.13206457 bll HSP
J1312.6-1900 198.1587 -19.0164 0.63 PowerLaw 5106.195 5.931622e-15 1.9029381 5.957531e-15 1.9051366 0.004132072 bcu ""
J1312.6+4828 198.1694 48.4701 0.638 LogParabola 824.5931 3.3597521e-12 2.1601832 3.5340834e-12 2.0695424 0.0599869 bcu LSP
J1312.8-0425 198.217 -4.4196 0.8249 LogParabola 871.3989 2.9221439e-12 2.3649096 3.4733102e-12 2.267123 0.18303515 fsrq LSP
J1315.0-4236 198.7678 -42.6113 0.105 PowerLaw 6729.241 1.0501669e-14 1.7647128 1.1272493e-14 1.72222 0.035975065 bll HSP
J1315.5+1135 198.891 11.593 0.73 LogParabola 3108.0413 2.6098567e-14 1.8773526 3.1414382e-14 1.6363956 0.16001597 bll HSP
J1316.1-3338 199.0252 -33.6365 1.21 LogParabola 842.20624 4.13175e-12 2.3241017 4.3934322e-12 2.2587929 0.061241537 fsrq LSP
J1316.5+3013 199.1447 30.2261 0.375 PowerLaw 3056.282 8.4743885e-15 2.0391107 1.1687269e-14 1.3274745 0.66361463 bcu ""
J1317.6+3428 199.4008 34.4676 1.05 PowerLaw 826.3955 9.293037e-13 2.508091 9.930667e-13 2.4725385 0.065731354 fsrq LSP
J1319.5-0045 199.8773 -0.7613 0.890996 PowerLaw 964.2347 4.3106122e-13 2.4216313 4.5866083e-13 2.3938398 0.042984102 bcu LSP
J1319.5+1404 199.8979 14.0708 0.573 PowerLaw 3089.1553 2.5007818e-14 2.013389 2.9244263e-14 1.8233677 0.13817225 bll ISP
J1320.7+3314 200.1854 33.2378 0.923783 PowerLaw 916.7181 2.891462e-13 2.5958824 3.4554103e-13 2.5065699 0.20149244 fsrq ISP
J1321.1+2216 200.2958 22.2808 0.943 LogParabola 680.3629 6.2329955e-12 2.3481383 6.633851e-12 2.2720602 0.069264926 fsrq LSP
J1321.3-2641 200.3318 -26.6996 2.027 PowerLaw 1037.71 2.2637626e-13 2.5272639 2.05126e-13 2.5483136 -0.057794724 fsrq LSP
J1322.0+8317 200.5015 83.2845 1.024 PowerLaw 1191.8658 2.0145435e-13 2.403438 2.3239334e-13 2.2817385 0.13264264 fsrq LSP
J1322.2+0842 200.551 8.7036 0.32549 PowerLaw 1790.4749 9.53709e-14 2.1484103 1.0802957e-13 2.0450866 0.096389614 fsrq LSP
J1322.6-0936 200.6637 -9.6075 1.864 LogParabola 438.41354 8.040046e-12 2.60988 9.151308e-12 2.4359677 0.16331188 fsrq LSP
J1322.9+0437 200.7372 4.6308 0.224 LogParabola 3853.4226 1.1223226e-14 1.8959392 1.7669981e-14 1.4604847 0.5406157 bll HSP
J1323.9+1405 200.9762 14.0871 0.47 LogParabola 2472.0933 7.938369e-14 1.87747 9.208695e-14 1.6675606 0.13326083 bll HSP
J1324.9+4748 201.2398 47.8086 2.26 PowerLaw 670.51764 1.1046674e-12 2.6906402 1.1580776e-12 2.6661239 0.052176498 fsrq ""
J1325.3+6621 201.3416 66.3574 0.21 PowerLaw 4433.058 3.0240489e-15 2.0631251 2.7541185e-15 2.1084626 -0.042998474 bll HSP
J1325.5-4300 201.3813 -43.0165 0.002 PowerLaw 777.9396 1.0937952e-11 2.5911267 1.0462774e-11 2.6025746 -0.038266268 RDG LSP
J1325.6-0227 201.4144 -2.4552 0.8 LogParabola 3643.3704 1.0367241e-14 1.8829904 1.6806885e-14 1.7155548 0.37249535 bll ""
J1326.1+2933 201.538 29.5529 0.431 PowerLaw 3080.22 1.4783349e-14 2.1691866 1.4913568e-14 2.1752903 0.0024710065 bll HSP
J1326.1+1232 201.5493 12.5348 0.204153 PowerLaw 4106.945 6.2474317e-15 1.9488044 8.573038e-15 1.4193317 0.41720507 bll HSP
J1326.2+4115 201.559 41.2593 0.3096 PowerLaw 870.3863 2.2984444e-13 2.5315619 2.2531174e-13 2.5284743 -0.019303994 bll LSP
J1326.7-0503 201.6993 -5.0629 1.882 PowerLaw 11037.813 8.0359985e-16 1.704938 9.49079e-16 1.613626 0.09377066 fsrq LSP
J1326.9+2210 201.7295 22.1732 1.398 LogParabola 610.2144 5.8178675e-12 2.487208 6.5000275e-12 2.3642218 0.13888626 fsrq LSP
J1327.0+3154 201.7683 31.9013 0.239005 PowerLaw 2326.979 1.6953725e-14 2.2642686 1.5950726e-14 2.2614114 -0.040804334 bcu LSP
J1328.6+1145 202.1667 11.7627 0.49 PowerLaw 10365.936 1.3634335e-15 1.6758314 1.8322072e-15 0.5141078 0.7514855 bll HSP
J1329.4-0530 202.3738 -5.506 0.575868 LogParabola 1620.262 1.5986791e-13 2.3791604 2.3351948e-13 2.0772007 0.55886567 bcu ""
J1330.7+5200 202.6823 52.0136 0.688 PowerLaw 1110.2385 3.399893e-13 2.4266503 3.5865692e-13 2.4011347 0.046549868 bcu LSP
J1331.0+3032 202.7544 30.5459 0.849934 PowerLaw 1106.691 1.8639064e-13 2.5061717 2.0536418e-13 2.4677167 0.08252108 css LSP
J1331.0+5653 202.7577 56.894 0.7 PowerLaw 4560.2085 6.627699e-15 1.9228348 7.133154e-15 1.8166791 0.056767948 bll ""
J1331.2-1325 202.8192 -13.4282 0.25 LogParabola 1694.7288 1.7043187e-13 2.5538073 2.1101121e-13 2.6416523 0.23875852 bll LSP
J1331.7-0343 202.9373 -3.7244 1.352 LogParabola 755.7192 5.8141946e-13 2.7994266 8.734308e-13 2.2804837 0.7254638 fsrq LSP
J1331.7-0647 202.945 -6.7948 0.126187 LogParabola 2689.5383 2.8027378e-14 1.9480146 3.9987067e-14 1.6529777 0.30357718 bcu ISP
J1332.0-0509 203.0196 -5.1611 2.15 LogParabola 489.92587 2.1331251e-11 2.5140712 2.5391004e-11 2.4086459 0.15423633 fsrq LSP
J1332.2+4722 203.0595 47.3728 0.6687 PowerLaw 892.15106 3.721929e-13 2.5979493 4.2137642e-13 2.495209 0.1468473 fsrq LSP
J1332.6-1256 203.1543 -12.9436 1.492 LogParabola 1000.3005 4.103188e-12 2.4311616 4.6543685e-12 2.4336975 0.103352614 fsrq LSP
J1333.2+2725 203.3227 27.4221 0.731 PowerLaw 1005.2373 5.440343e-13 2.3342357 5.67257e-13 2.3099065 0.032246787 fsrq LSP
J1333.7+5056 203.4395 50.9366 1.362 LogParabola 770.618 2.0969305e-12 2.3384829 2.3235715e-12 2.239042 0.10792186 fsrq LSP
J1334.5+5634 203.6377 56.5723 0.342578 PowerLaw 1748.698 4.0753042e-14 2.3796391 3.8134663e-14 2.3863 -0.04004323 fsrq ISP
J1335.3-2949 203.8475 -29.8295 0.25 PowerLaw 2867.5818 4.062275e-14 1.9887938 4.2982992e-14 1.9707043 0.033186976 bll ""
J1336.2+2107 204.0507 21.1204 0.547387 PowerLaw 2558.1228 2.4620927e-14 2.0968673 2.4662318e-14 2.089753 0.001380995 bll ""
J1336.2+2320 204.051 23.3349 0.267 PowerLaw 2545.2463 2.7361578e-14 2.045343 3.2931987e-14 1.7883784 0.20441456 bll HSP
J1337.4+5502 204.3668 55.0418 1.099576 PowerLaw 680.3199 4.555683e-13 2.7308793 4.6565236e-13 2.7359743 0.020401642 fsrq LSP
J1337.6-1257 204.424 -12.9517 0.539 LogParabola 747.0036 5.6672306e-12 2.3851902 6.279199e-12 2.2696269 0.1176216 fsrq LSP
J1338.0+6534 204.5156 65.5696 0.946 PowerLaw 655.8512 7.461642e-13 2.742793 8.4464646e-13 2.67426 0.13950968 fsrq LSP
J1339.0-2400 204.7563 -24.0085 0.657 LogParabola 921.9349 1.152726e-12 2.255803 1.257564e-12 2.1684988 0.07710411 bcu LSP
J1339.1-2620 204.7991 -26.3351 1.51 PowerLaw 1565.8086 1.1976525e-13 2.2774472 1.3199665e-13 2.2348979 0.07211736 fsrq LSP
J1339.9-0138 204.9756 -1.6378 1.62 LogParabola 1018.3531 3.4116685e-13 2.374438 5.27606e-13 2.0573587 0.57126796 fsrq LSP
J1340.5+4409 205.1468 44.161 0.546 PowerLaw 7014.053 3.725147e-15 1.735869 4.2892313e-15 1.6559085 0.07801671 bll HSP
J1340.8-0409 205.2171 -4.1612 0.223 LogParabola 1811.367 9.9666816e-14 2.0483234 1.1998275e-13 1.8761663 0.17101295 bll HSP
J1341.2+3958 205.3209 39.9738 0.172 PowerLaw 4540.8477 1.1027731e-14 1.816884 1.1840611e-14 1.7618048 0.04211102 bll HSP
J1341.6+5515 205.4087 55.254 0.207 PowerLaw 3457.621 5.7606766e-15 2.069621 7.9285486e-15 1.971278 0.25139838 bll ISP
J1341.8-2053 205.461 -20.8901 1.582 LogParabola 671.83887 1.3683339e-12 2.6626372 1.6453371e-12 2.6591954 0.15379894 fsrq LSP
J1342.6+0944 205.6712 9.735 0.28279 PowerLaw 2411.2922 4.520926e-14 2.0668354 5.0313845e-14 2.00749 0.06901936 fsrq ""
J1342.7+0505 205.6851 5.0904 0.13648 PowerLaw 1737.5897 9.557541e-14 2.1912675 9.814123e-14 2.1803877 0.019269552 bll ""
J1343.6+5755 205.9118 57.9178 0.933 PowerLaw 919.73047 1.5576635e-13 2.5666068 1.5828146e-13 2.5530343 0.015004965 fsrq ISP
J1344.0+6605 206.0145 66.0974 1.351 PowerLaw 1213.9338 1.8451718e-13 2.4481943 2.0374536e-13 2.410669 0.08951576 fsrq LSP
J1344.2-1723 206.0601 -17.3978 2.49 LogParabola 910.1356 2.3947671e-12 2.2226589 2.7646095e-12 2.0835876 0.13480014 fsrq LSP
J1345.5+4453 206.394 44.8844 2.534 LogParabola 489.03287 5.724158e-11 2.2663121 6.2606e-11 2.158393 0.089788504 fsrq LSP
J1345.8+0706 206.4648 7.1072 1.0933 PowerLaw 797.1561 1.5404247e-12 2.4435446 1.6422008e-12 2.4205203 0.050247066 fsrq LSP
J1346.3-6026 206.5913 -60.4462 0.012916 LogParabola 1738.6904 8.268665e-13 2.372928 9.36483e-13 2.265469 0.13057093 rdg LSP
J1347.6-3751 206.9135 -37.8633 1.3 LogParabola 1043.5677 7.14462e-13 2.3416023 8.567102e-13 2.2127604 0.17442152 fsrq LSP
J1348.9+0756 207.2452 7.9449 0.25 PowerLaw 3814.353 1.2383136e-14 2.0037386 1.2057031e-14 2.010624 -0.012420019 bll HSP
J1349.5-1131 207.3869 -11.5188 0.34 LogParabola 606.9497 4.426896e-12 2.4818678 4.9094036e-12 2.361503 0.12553936 fsrq ISP
J1350.8+3033 207.7148 30.5588 0.711515 PowerLaw 743.4637 1.4440802e-12 2.4319 1.5277872e-12 2.4038389 0.04355889 fsrq LSP
J1351.0+0029 207.757 0.4873 2.084 PowerLaw 1121.1865 2.1616313e-13 2.4036956 2.520015e-13 2.2712884 0.14499876 fsrq LSP
J1351.4-1529 207.8542 -15.4836 0.285 PowerLaw 2256.771 6.552366e-14 2.1448507 6.625354e-14 2.1381984 0.0057354774 bll ISP
J1351.7-2912 207.9425 -29.2106 1.034 LogParabola 831.9007 8.6396753e-13 2.4199574 1.0235129e-12 2.2916627 0.174475 bcu LSP
J1351.9+2847 207.9959 28.7964 0.267797 PowerLaw 3433.2634 9.300298e-15 1.9506477 1.1682123e-14 1.826949 0.15991832 bll ""
J1353.2+3740 208.3049 37.682 0.216 LogParabola 2593.0881 2.2381843e-14 2.0731642 2.9887652e-14 1.754292 0.31715322 bll HSP
J1353.3+1434 208.3355 14.5755 0.405 PowerLaw 1383.9236 2.7475862e-13 2.2250051 2.8751196e-13 2.20309 0.031028742 bll LSP
J1353.4+5600 208.3602 56.0024 0.404 PowerLaw 4094.668 7.659247e-15 2.0853822 6.797671e-15 2.1184094 -0.060207635 bll ISP
J1354.3-0206 208.5972 -2.1099 3.716 LogParabola 472.0454 2.303079e-12 2.6876252 3.5374197e-12 2.1763322 0.6817096 fsrq LSP
J1354.4+3707 208.6146 37.13 0.383965 PowerLaw 2245.894 6.2423055e-14 2.110961 6.24338e-14 2.1065989 0.00048471522 bll ""
J1354.7+0623 208.6951 6.3899 0.276 PowerLaw 3092.3962 1.3243952e-14 2.0662203 1.5776805e-14 1.9234678 0.1434405 bll ISP
J1354.8-1041 208.718 -10.6932 0.33 LogParabola 682.041 2.814268e-12 2.447683 3.1471412e-12 2.3028471 0.13937649 fsrq LSP
J1356.2-1726 209.0681 -17.4472 0.074745 LogParabola 3442.4824 1.1696223e-14 2.0228498 2.4539256e-14 1.5335858 0.8971765 agn LSP
J1357.1+1921 209.2902 19.3608 0.72 PowerLaw 465.2038 2.8208688e-12 2.7410624 3.0371753e-12 2.7184188 0.06287714 fsrq ""
J1357.5+0127 209.3951 1.459 0.2187 LogParabola 1658.6749 1.685699e-13 2.1537406 1.9488808e-13 2.053039 0.12127553 bll ISP
J1358.1+7642 209.5283 76.7064 1.585 PowerLaw 1036.6732 4.156544e-13 2.3683307 4.5506014e-13 2.2971091 0.0829461 fsrq LSP
J1359.1+5544 209.7845 55.7479 1.014 LogParabola 738.9847 1.9324956e-12 2.411449 2.0911881e-12 2.3614485 0.07170681 fsrq LSP
J1359.4+0202 209.8588 2.0424 1.325654 PowerLaw 1266.2338 1.544596e-13 2.4318616 1.9401336e-13 2.359976 0.22048864 fsrq LSP
J1359.7+4012 209.9276 40.2153 0.407 LogParabola 463.7563 2.96272e-12 2.5909305 3.3951197e-12 2.3987803 0.17540137 fsrq LSP
J1359.8-3746 209.9668 -37.7681 0.334 PowerLaw 2889.1443 8.023068e-14 2.0396304 7.720163e-14 2.0548217 -0.020747364 bll ISP
J1400.2-4010 210.0542 -40.1806 0.203 PowerLaw 4201.7456 1.0665138e-14 2.000031 1.1648149e-14 1.9912995 0.04542588 bll HSP
